7.618999999999999773e+01 2.047256300000000000e+07
7.523999999999999488e+01 1.066916700000000000e+07
7.267000000000000171e+01 1.228969500000000000e+07
7.382999999999999829e+01 1.597889400000000000e+07
6.790999999999999659e+01 2.001068300000000000e+07
6.748999999999999488e+01 1.836470500000000000e+07
6.450000000000000000e+01 1.920124500000000000e+07
6.881999999999999318e+01 1.884124600000000000e+07
7.106000000000000227e+01 1.973536200000000000e+07
7.103000000000000114e+01 2.379034100000000000e+07
7.301999999999999602e+01 2.319755000000000000e+07
7.426999999999999602e+01 2.087583100000000000e+07
8.537000000000000455e+01 2.185477200000000000e+07
7.860999999999999943e+01 1.986808800000000000e+07
8.484999999999999432e+01 1.038133600000000000e+07
8.753000000000000114e+01 1.295758000000000000e+07
8.526999999999999602e+01 1.580068400000000000e+07
8.881999999999999318e+01 1.266027500000000000e+07
9.060999999999999943e+01 9.687353000000000000e+06
9.175000000000000000e+01 1.658816800000000000e+07
8.756999999999999318e+01 1.265604700000000000e+07
8.868999999999999773e+01 1.217045600000000000e+07
8.570999999999999375e+01 1.844972900000000000e+07
8.542000000000000171e+01 1.417796300000000000e+07
8.840999999999999659e+01 9.786906000000000000e+06
8.918000000000000682e+01 1.135889400000000000e+07
9.314000000000000057e+01 1.070272900000000000e+07
9.495999999999999375e+01 6.675931000000000000e+06
9.423000000000000398e+01 5.441667000000000000e+06
9.414000000000000057e+01 6.348258000000000000e+06
9.360999999999999943e+01 9.406327000000000000e+06
9.404999999999999716e+01 1.117444000000000000e+07
9.534999999999999432e+01 1.060974300000000000e+07
9.779000000000000625e+01 1.058629200000000000e+07
9.600000000000000000e+01 1.068071500000000000e+07
9.475000000000000000e+01 1.399554200000000000e+07
9.229000000000000625e+01 1.908451900000000000e+07
8.718000000000000682e+01 7.753402000000000000e+06
8.662999999999999545e+01 1.001867700000000000e+07
8.435999999999999943e+01 8.248578000000000000e+06
8.229999999999999716e+01 1.014362600000000000e+07
8.101999999999999602e+01 1.386273400000000000e+07
8.178000000000000114e+01 1.084044600000000000e+07
8.320000000000000284e+01 5.703206000000000000e+06
8.376999999999999602e+01 8.609760000000000000e+06
8.401999999999999602e+01 1.381681000000000000e+07
8.354000000000000625e+01 1.321391300000000000e+07
8.526999999999999602e+01 1.226535500000000000e+07
8.720999999999999375e+01 6.438017000000000000e+06
8.798999999999999488e+01 1.355193700000000000e+07
8.800000000000000000e+01 1.008609200000000000e+07
8.926000000000000512e+01 7.073152000000000000e+06
8.926000000000000512e+01 8.490089000000000000e+06
8.820000000000000284e+01 8.876872000000000000e+06
8.735139999999999816e+01 9.273631000000000000e+06
8.788420000000000698e+01 8.581444000000000000e+06
8.901900000000000546e+01 7.517273000000000000e+06
8.833820000000000050e+01 7.696719000000000000e+06
8.771649999999999636e+01 7.242787000000000000e+06
8.821970000000000312e+01 6.782438000000000000e+06
8.752899999999999636e+01 5.988494000000000000e+06
8.836780000000000257e+01 5.638247000000000000e+06
8.737109999999999843e+01 4.702118000000000000e+06
8.735139999999999816e+01 7.014585000000000000e+06
8.802240000000000464e+01 4.087826000000000000e+06
8.864409999999999457e+01 4.066710000000000000e+06
8.866379999999999484e+01 1.798844000000000000e+06
8.905849999999999511e+01 5.907194000000000000e+06
8.811119999999999663e+01 1.913470000000000000e+07
8.759810000000000230e+01 5.446993000000000000e+06
8.815070000000000050e+01 6.490068000000000000e+06
8.889079999999999870e+01 8.750035000000000000e+06
8.824930000000000518e+01 6.723252000000000000e+06
8.668030000000000257e+01 5.974521000000000000e+06
8.755859999999999843e+01 6.257249000000000000e+06
8.555540000000000589e+01 7.191706000000000000e+06
8.541719999999999402e+01 7.816000000000000000e+06
8.529879999999999995e+01 5.580409000000000000e+06
8.583169999999999789e+01 6.044570000000000000e+06
8.557510000000000616e+01 6.072020000000000000e+06
8.604879999999999995e+01 6.174456000000000000e+06
8.481529999999999347e+01 1.007050200000000000e+07
8.588100000000000023e+01 6.526240000000000000e+06
8.657179999999999609e+01 3.042787000000000000e+06
8.716389999999999816e+01 4.711847000000000000e+06
8.656189999999999429e+01 6.435713000000000000e+06
8.660139999999999816e+01 9.522067000000000000e+06
8.491400000000000148e+01 7.784648000000000000e+06
8.537779999999999347e+01 9.611392000000000000e+06
8.604879999999999995e+01 1.093289000000000000e+07
8.784480000000000643e+01 7.500383000000000000e+06
8.755859999999999843e+01 5.772336000000000000e+06
8.745990000000000464e+01 8.036527000000000000e+06
8.647310000000000230e+01 5.425523000000000000e+06
8.551590000000000202e+01 6.012486000000000000e+06
8.529879999999999995e+01 1.216440700000000000e+07
8.452909999999999968e+01 8.726323000000000000e+06
8.408509999999999707e+01 1.136397700000000000e+07
8.092730000000000246e+01 6.560158000000000000e+06
8.099639999999999418e+01 9.302601000000000000e+06
8.075950000000000273e+01 7.471532000000000000e+06
8.189440000000000452e+01 9.126236000000000000e+06
8.067069999999999652e+01 1.335296600000000000e+07
7.849979999999999336e+01 1.000366000000000000e+07
7.860829999999999984e+01 7.218485000000000000e+06
7.743399999999999750e+01 6.391146000000000000e+06
7.729590000000000316e+01 7.145484000000000000e+06
7.551959999999999695e+01 5.495711000000000000e+06
7.578610000000000468e+01 6.329244000000000000e+06
7.672350000000000136e+01 6.195219000000000000e+06
7.684199999999999875e+01 6.863054000000000000e+06
7.627949999999999875e+01 7.881792000000000000e+06
7.545059999999999434e+01 9.480041000000000000e+06
7.414799999999999613e+01 7.355921000000000000e+06
7.376309999999999434e+01 8.403072000000000000e+06
7.351640000000000441e+01 6.170775000000000000e+06
7.278619999999999379e+01 5.102158000000000000e+06
7.265789999999999793e+01 7.177870000000000000e+06
7.241479999999999961e+01 7.450612000000000000e+06
7.129619999999999891e+01 5.854487000000000000e+06
7.151990000000000691e+01 6.232378000000000000e+06
7.229800000000000182e+01 5.801401000000000000e+06
7.261899999999999977e+01 7.011950000000000000e+06
7.183119999999999550e+01 6.243310000000000000e+06
7.015819999999999368e+01 8.393791000000000000e+06
7.122809999999999775e+01 1.092788300000000000e+07
7.365000000000000568e+01 8.338376000000000000e+06
7.280379999999999541e+01 7.677306000000000000e+06
7.200620000000000687e+01 1.034776300000000000e+07
7.011929999999999552e+01 5.927492000000000000e+06
7.095579999999999643e+01 8.226366000000000000e+06
7.093630000000000280e+01 8.252469000000000000e+06
7.041110000000000468e+01 1.308447200000000000e+07
6.971080000000000609e+01 5.551462000000000000e+06
6.932170000000000698e+01 6.259798000000000000e+06
6.964270000000000493e+01 9.027713000000000000e+06
6.865059999999999718e+01 5.982963000000000000e+06
6.858249999999999602e+01 8.135203000000000000e+06
6.889369999999999550e+01 9.559322000000000000e+06
6.759040000000000248e+01 8.365645000000000000e+06
6.631619999999999493e+01 1.215331300000000000e+07
6.487659999999999627e+01 1.030178200000000000e+07
6.577150000000000318e+01 7.501953000000000000e+06
6.519759999999999422e+01 5.602414000000000000e+06
6.456539999999999679e+01 9.618257000000000000e+06
6.361220000000000141e+01 7.915673000000000000e+06
6.394290000000000163e+01 6.415114000000000000e+06
6.440970000000000084e+01 6.012024000000000000e+06
6.426390000000000668e+01 6.873885000000000000e+06
6.387480000000000047e+01 7.594454000000000000e+06
6.464319999999999311e+01 4.841405000000000000e+06
6.416660000000000252e+01 8.905126000000000000e+06
6.567419999999999902e+01 6.496330000000000000e+06
6.569370000000000687e+01 7.616572000000000000e+06
6.459459999999999980e+01 1.204342200000000000e+07
6.474049999999999727e+01 9.826314000000000000e+06
6.266870000000000118e+01 8.348143000000000000e+06
6.125829999999999842e+01 9.195726000000000000e+06
6.176409999999999911e+01 9.373304000000000000e+06
6.323279999999999745e+01 7.215089000000000000e+06
6.276590000000000202e+01 6.033981000000000000e+06
6.378719999999999857e+01 1.089350200000000000e+07
6.366080000000000183e+01 7.427587000000000000e+06
6.269789999999999708e+01 1.053212600000000000e+07
6.299940000000000140e+01 1.024873200000000000e+07
6.344680000000000319e+01 1.161878900000000000e+07
6.356349999999999767e+01 9.653852000000000000e+06
6.400119999999999720e+01 1.310672400000000000e+07
6.479879999999999995e+01 1.129998400000000000e+07
6.534350000000000591e+01 8.143672000000000000e+06
6.534350000000000591e+01 1.011725600000000000e+07
6.590770000000000550e+01 1.225932400000000000e+07
6.483769999999999811e+01 1.240352600000000000e+07
6.561589999999999634e+01 1.259525200000000000e+07
6.587850000000000250e+01 8.025288000000000000e+06
6.614109999999999445e+01 9.962079000000000000e+06
6.666630000000000678e+01 9.806852000000000000e+06
6.638429999999999609e+01 8.573306000000000000e+06
6.645229999999999393e+01 1.220500600000000000e+07
6.726940000000000452e+01 1.014163400000000000e+07
6.834900000000000375e+01 1.025342900000000000e+07
6.835880000000000223e+01 1.290311100000000000e+07
6.825339999999999918e+01 1.300102200000000000e+07
6.864619999999999322e+01 9.170420000000000000e+06
6.825339999999999918e+01 1.183251100000000000e+07
6.823420000000000130e+01 1.348737800000000000e+07
6.993000000000000682e+01 1.085494500000000000e+07
7.181740000000000634e+01 7.434087000000000000e+06
7.111799999999999500e+01 1.286483500000000000e+07
7.032280000000000086e+01 1.810549600000000000e+07
6.967130000000000223e+01 2.138151800000000000e+07
6.706539999999999679e+01 2.212915200000000000e+07
6.514919999999999334e+01 4.209383800000000000e+07
6.294559999999999889e+01 9.013182000000000000e+07
7.516110000000000468e+01 5.182709000000000000e+06
7.547729999999999961e+01 1.051696700000000000e+07
7.505570000000000164e+01 5.346960000000000000e+06
7.435630000000000450e+01 6.147281000000000000e+06
7.496949999999999648e+01 5.433470000000000000e+06
7.535269999999999868e+01 3.083163000000000000e+06
7.539100000000000534e+01 4.075868000000000000e+06
7.564010000000000389e+01 2.925049000000000000e+06
7.527609999999999957e+01 4.165677000000000000e+06
7.489279999999999404e+01 4.210211000000000000e+06
7.372400000000000375e+01 3.969351000000000000e+06
7.418389999999999418e+01 4.829110000000000000e+06
7.383899999999999864e+01 4.032814000000000000e+06
7.382940000000000680e+01 3.804787000000000000e+06
7.353239999999999554e+01 6.447201000000000000e+06
7.252639999999999532e+01 8.434438000000000000e+06
7.349410000000000309e+01 4.003268000000000000e+06
7.435630000000000450e+01 3.533061000000000000e+06
7.478749999999999432e+01 4.182232000000000000e+06
7.475870000000000459e+01 6.557817000000000000e+06
7.670359999999999445e+01 3.872999000000000000e+06
7.774790000000000134e+01 3.299440000000000000e+06
7.816949999999999932e+01 4.219477000000000000e+06
7.748919999999999675e+01 4.841857000000000000e+06
7.647369999999999379e+01 4.395510000000000000e+06
7.612879999999999825e+01 4.756826000000000000e+06
7.616710000000000491e+01 5.404737000000000000e+06
7.547729999999999961e+01 4.795684000000000000e+06
7.515149999999999864e+01 6.365499000000000000e+06
7.364730000000000132e+01 3.858417000000000000e+06
7.420300000000000296e+01 4.731823000000000000e+06
7.464369999999999550e+01 3.792357000000000000e+06
7.472039999999999793e+01 3.820744000000000000e+06
7.468210000000000548e+01 4.275326000000000000e+06
7.593710000000000093e+01 5.413247000000000000e+06
7.541020000000000323e+01 4.527349000000000000e+06
7.518030000000000257e+01 5.206327000000000000e+06
7.558270000000000266e+01 5.231917000000000000e+06
7.606170000000000186e+01 9.367350000000000000e+06
7.693349999999999511e+01 6.444517000000000000e+06
7.635869999999999891e+01 5.789966000000000000e+06
7.601380000000000337e+01 1.044291500000000000e+07
7.537189999999999657e+01 7.056350000000000000e+06
7.536230000000000473e+01 9.920595000000000000e+06
7.487369999999999948e+01 5.358633000000000000e+06
7.431799999999999784e+01 7.785262000000000000e+06
7.471080000000000609e+01 6.817105000000000000e+06
7.684730000000000416e+01 3.624812000000000000e+06
7.763290000000000646e+01 3.495510000000000000e+06
7.739339999999999975e+01 5.011702000000000000e+06
7.731780000000000541e+01 9.094188000000000000e+06
7.843349999999999511e+01 3.641988000000000000e+06
7.818770000000000664e+01 3.712813000000000000e+06
7.940739999999999554e+01 3.499353000000000000e+06
7.890630000000000166e+01 3.996624000000000000e+06
7.830119999999999436e+01 4.827927000000000000e+06
7.855649999999999977e+01 6.083634000000000000e+06
7.854699999999999704e+01 6.355966000000000000e+06
7.638169999999999504e+01 4.759386000000000000e+06
7.620199999999999818e+01 7.105873000000000000e+06
7.560630000000000450e+01 3.082307000000000000e+06
7.554009999999999536e+01 4.006238000000000000e+06
7.636279999999999291e+01 4.922237000000000000e+06
7.518080000000000496e+01 4.008385000000000000e+06
7.541719999999999402e+01 4.992843000000000000e+06
7.681659999999999400e+01 5.159150000000000000e+06
7.605070000000000618e+01 5.360886000000000000e+06
7.641949999999999932e+01 6.335502000000000000e+06
7.625879999999999370e+01 5.550380000000000000e+06
7.691119999999999379e+01 1.275122100000000000e+07
7.559690000000000509e+01 6.161823000000000000e+06
7.463240000000000407e+01 5.984714000000000000e+06
7.445279999999999632e+01 6.128895000000000000e+06
7.382869999999999777e+01 8.078356000000000000e+06
7.335590000000000543e+01 6.189154000000000000e+06
7.398000000000000398e+01 6.642529000000000000e+06
7.383809999999999718e+01 5.293620000000000000e+06
7.461350000000000193e+01 5.933118000000000000e+06
7.513360000000000127e+01 5.872471000000000000e+06
7.573869999999999436e+01 8.567978000000000000e+06
7.492549999999999955e+01 6.310769000000000000e+06
7.508629999999999427e+01 4.175746000000000000e+06
7.612640000000000384e+01 4.283285000000000000e+06
7.591840000000000543e+01 5.511831000000000000e+06
7.566310000000000002e+01 5.022750000000000000e+06
7.446219999999999573e+01 6.360817000000000000e+06
7.563469999999999516e+01 5.564105000000000000e+06
7.613580000000000325e+01 5.674713000000000000e+06
7.644790000000000418e+01 6.295419000000000000e+06
7.613580000000000325e+01 3.436384000000000000e+06
7.639109999999999445e+01 4.237241000000000000e+06
7.557800000000000296e+01 6.620103000000000000e+06
7.542669999999999675e+01 4.803522000000000000e+06
7.533209999999999695e+01 4.598892000000000000e+06
7.485930000000000462e+01 5.877496000000000000e+06
7.477419999999999334e+01 4.907169000000000000e+06
7.535099999999999909e+01 7.965491000000000000e+06
7.425419999999999732e+01 1.020564700000000000e+07
7.611690000000000111e+01 6.759462000000000000e+06
7.591840000000000543e+01 1.156393500000000000e+07
7.475530000000000541e+01 9.277228000000000000e+06
7.325190000000000623e+01 1.390899500000000000e+07
7.293989999999999441e+01 1.471879900000000000e+07
7.615479999999999450e+01 2.134867000000000000e+07
8.120399999999999352e+01 8.372609000000000000e+06
8.363410000000000366e+01 4.969576000000000000e+06
8.383259999999999934e+01 5.664649000000000000e+06
8.462690000000000623e+01 6.190025000000000000e+06
8.245210000000000150e+01 6.438679000000000000e+06
8.089199999999999591e+01 4.926980000000000000e+06
8.084470000000000312e+01 7.295930000000000000e+06
8.014499999999999602e+01 6.368939000000000000e+06
8.246070000000000277e+01 5.318114000000000000e+06
8.235800000000000409e+01 6.527679000000000000e+06
8.199379999999999313e+01 9.971898000000000000e+06
8.477639999999999532e+01 7.478264000000000000e+06
8.438429999999999609e+01 7.281459000000000000e+06
8.317040000000000077e+01 8.910646000000000000e+06
8.057450000000000045e+01 7.653204000000000000e+06
8.331980000000000075e+01 6.908424000000000000e+06
8.608369999999999322e+01 5.722155000000000000e+06
8.508459999999999468e+01 6.037743000000000000e+06
8.395470000000000255e+01 7.272750000000000000e+06
8.314239999999999498e+01 6.225197000000000000e+06
7.858559999999999945e+01 5.097852000000000000e+06
7.929529999999999745e+01 1.604470200000000000e+07
7.971540000000000248e+01 9.453309000000000000e+06
7.798799999999999955e+01 5.510788000000000000e+06
7.804399999999999693e+01 5.288570000000000000e+06
7.930459999999999354e+01 5.958247000000000000e+06
7.993959999999999866e+01 5.461637000000000000e+06
8.190049999999999386e+01 4.078628000000000000e+06
8.273149999999999693e+01 4.185087000000000000e+06
8.232999999999999829e+01 5.098100000000000000e+06
8.180710000000000548e+01 5.229396000000000000e+06
8.120010000000000616e+01 6.737665000000000000e+06
8.434690000000000509e+01 8.734309000000000000e+06
8.455230000000000246e+01 7.008395000000000000e+06
8.745640000000000214e+01 6.673817000000000000e+06
8.802589999999999293e+01 1.203174100000000000e+07
8.395470000000000255e+01 3.837960000000000000e+06
8.304900000000000659e+01 3.953645000000000000e+06
8.187239999999999895e+01 4.338274000000000000e+06
8.052779999999999916e+01 5.227881000000000000e+06
7.995820000000000505e+01 1.612814000000000000e+06
8.044379999999999598e+01 6.532632000000000000e+06
8.225530000000000541e+01 5.372976000000000000e+06
8.355320000000000391e+01 5.971688000000000000e+06
8.546739999999999782e+01 8.691056000000000000e+06
8.416949999999999932e+01 1.036568700000000000e+07
8.246070000000000277e+01 7.268214000000000000e+06
8.237669999999999959e+01 7.237156000000000000e+06
8.374930000000000518e+01 9.344946000000000000e+06
8.290890000000000271e+01 9.169755000000000000e+06
8.191910000000000025e+01 9.333565000000000000e+06
8.120010000000000616e+01 1.037836300000000000e+07
7.811870000000000402e+01 7.945508000000000000e+06
7.711020000000000607e+01 1.031568300000000000e+07
7.429030000000000200e+01 1.278154700000000000e+07
7.489719999999999800e+01 1.067171400000000000e+07
7.269350000000000023e+01 1.406846900000000000e+07
7.618580000000000041e+01 5.243107000000000000e+06
7.597110000000000696e+01 4.344019000000000000e+06
7.543880000000000052e+01 6.181486000000000000e+06
7.631650000000000489e+01 9.173533000000000000e+06
7.415019999999999811e+01 8.689417000000000000e+06
7.746510000000000673e+01 8.096228000000000000e+06
7.868829999999999814e+01 7.621062000000000000e+06
8.214319999999999311e+01 7.059616000000000000e+06
8.394540000000000646e+01 4.422552000000000000e+06
8.615840000000000032e+01 2.857516000000000000e+06
8.582229999999999848e+01 3.787230000000000000e+06
8.327309999999999945e+01 4.827936000000000000e+06
8.468309999999999604e+01 5.709644000000000000e+06
8.380530000000000257e+01 9.994881000000000000e+06
8.600440000000000396e+01 5.310755000000000000e+06
8.738110000000000355e+01 3.625991000000000000e+06
8.760290000000000532e+01 3.305475000000000000e+06
8.720550000000000068e+01 4.190230000000000000e+06
8.670659999999999457e+01 4.425398000000000000e+06
8.871160000000000423e+01 4.797161000000000000e+06
8.706699999999999307e+01 6.792176000000000000e+06
8.777840000000000487e+01 3.763759000000000000e+06
8.739029999999999632e+01 4.527939000000000000e+06
8.698380000000000223e+01 3.028631000000000000e+06
8.702079999999999416e+01 4.656187000000000000e+06
8.665120000000000289e+01 5.303922000000000000e+06
8.631850000000000023e+01 5.910344000000000000e+06
8.524670000000000414e+01 9.953913000000000000e+06
8.563479999999999848e+01 5.991182000000000000e+06
8.410099999999999909e+01 8.451404000000000000e+06
8.557009999999999650e+01 1.024054700000000000e+07
8.812030000000000030e+01 3.987164000000000000e+06
8.840670000000000073e+01 3.446014000000000000e+06
8.900730000000000075e+01 4.850698000000000000e+06
8.615219999999999345e+01 3.304688000000000000e+06
8.609680000000000177e+01 2.638845000000000000e+06
8.668810000000000571e+01 3.156842000000000000e+06
8.701149999999999807e+01 4.051703000000000000e+06
8.661419999999999675e+01 5.416272000000000000e+06
8.795399999999999352e+01 5.188843000000000000e+06
8.737189999999999657e+01 4.456109000000000000e+06
8.868389999999999418e+01 4.703051000000000000e+06
8.943229999999999791e+01 3.434437000000000000e+06
9.016230000000000189e+01 3.637090000000000000e+06
8.986660000000000537e+01 3.515360000000000000e+06
9.056879999999999598e+01 2.456068000000000000e+06
8.999599999999999511e+01 2.996105000000000000e+06
8.976500000000000057e+01 2.137538000000000000e+06
9.021769999999999357e+01 2.963307000000000000e+06
9.031010000000000559e+01 3.528785000000000000e+06
9.020850000000000080e+01 6.172473000000000000e+06
9.129879999999999995e+01 6.307328000000000000e+06
9.075360000000000582e+01 6.333261000000000000e+06
9.004219999999999402e+01 6.861523000000000000e+06
8.862850000000000250e+01 5.580827000000000000e+06
8.942310000000000514e+01 5.920037000000000000e+06
8.851760000000000161e+01 4.446819000000000000e+06
8.821269999999999811e+01 6.176128000000000000e+06
8.660500000000000398e+01 4.535412000000000000e+06
8.690989999999999327e+01 8.890897000000000000e+06
8.968179999999999552e+01 5.134156000000000000e+06
8.919209999999999638e+01 4.876141000000000000e+06
8.788930000000000575e+01 6.023350000000000000e+06
8.677129999999999654e+01 5.330415000000000000e+06
8.521899999999999409e+01 8.691817000000000000e+06
8.449830000000000041e+01 6.466332000000000000e+06
8.367589999999999861e+01 1.290601600000000000e+07
8.679900000000000659e+01 6.812358000000000000e+06
8.604130000000000678e+01 7.475658000000000000e+06
8.458140000000000214e+01 7.965157000000000000e+06
8.260410000000000252e+01 6.316842000000000000e+06
8.215139999999999532e+01 1.179359400000000000e+07
8.311230000000000473e+01 1.974721900000000000e+07
8.722400000000000375e+01 5.521853000000000000e+06
8.815730000000000643e+01 5.107476000000000000e+06
8.893340000000000600e+01 3.783813000000000000e+06
8.928449999999999420e+01 3.712414000000000000e+06
8.834199999999999875e+01 4.672045000000000000e+06
8.686920000000000641e+01 6.229964000000000000e+06
9.041859999999999786e+01 5.119905000000000000e+06
8.877200000000000557e+01 5.953144000000000000e+06
8.866219999999999857e+01 5.867868000000000000e+06
8.643009999999999593e+01 4.743975000000000000e+06
8.563420000000000698e+01 2.452388000000000000e+06
8.517680000000000007e+01 3.854576000000000000e+06
8.475600000000000023e+01 6.787883000000000000e+06
8.455480000000000018e+01 6.698892000000000000e+06
8.371320000000000050e+01 5.833021000000000000e+06
8.427119999999999322e+01 5.117112000000000000e+06
8.512199999999999989e+01 5.573113000000000000e+06
8.552450000000000330e+01 9.746059000000000000e+06
8.740900000000000603e+01 7.224994000000000000e+06
8.987890000000000157e+01 5.842698000000000000e+06
8.965940000000000509e+01 5.528342000000000000e+06
9.008929999999999438e+01 6.426842000000000000e+06
9.108639999999999759e+01 2.080624100000000000e+07
9.033629999999999427e+01 4.648738000000000000e+06
8.926600000000000534e+01 7.816209000000000000e+06
9.048269999999999413e+01 8.060412000000000000e+06
9.126940000000000452e+01 5.770050000000000000e+06
9.187319999999999709e+01 4.012900000000000000e+06
9.085769999999999413e+01 5.092509000000000000e+06
9.146150000000000091e+01 4.933473000000000000e+06
9.078459999999999752e+01 1.019899700000000000e+07
9.065649999999999409e+01 1.092250200000000000e+07
8.969589999999999463e+01 1.483730900000000000e+07
9.051009999999999422e+01 1.891090500000000000e+07
9.423329999999999984e+01 3.127336000000000000e+07
9.099500000000000455e+01 2.549469000000000000e+07
9.246779999999999688e+01 2.530166000000000000e+07
9.435229999999999961e+01 1.316450700000000000e+07
9.660269999999999868e+01 1.281660400000000000e+07
9.717900000000000205e+01 9.456794000000000000e+06
9.717900000000000205e+01 5.797323000000000000e+06
9.695029999999999859e+01 5.328032000000000000e+06
9.634650000000000603e+01 6.702928000000000000e+06
9.609040000000000248e+01 8.296694000000000000e+06
9.530370000000000630e+01 8.387591000000000000e+06
9.686799999999999500e+01 8.471724000000000000e+06
9.530370000000000630e+01 6.358936000000000000e+06
9.408700000000000330e+01 5.369748000000000000e+06
9.255929999999999325e+01 5.665555000000000000e+06
9.093089999999999407e+01 7.620940000000000000e+06
9.114130000000000109e+01 6.151510000000000000e+06
9.163530000000000086e+01 5.224382000000000000e+06
9.173590000000000089e+01 7.699504000000000000e+06
9.181829999999999359e+01 7.625639000000000000e+06
9.337340000000000373e+01 1.191045200000000000e+07
8.832380000000000564e+01 7.449376000000000000e+06
9.031799999999999784e+01 6.117567000000000000e+06
8.913790000000000191e+01 1.259441400000000000e+07
8.404250000000000398e+01 5.484253000000000000e+06
8.357590000000000430e+01 6.378274000000000000e+06
8.523170000000000357e+01 4.716333000000000000e+06
8.471030000000000371e+01 4.754776000000000000e+06
8.508540000000000703e+01 4.972931000000000000e+06
8.628379999999999939e+01 5.289722000000000000e+06
8.561589999999999634e+01 4.474721000000000000e+06
8.471030000000000371e+01 3.922527000000000000e+06
8.400589999999999691e+01 4.629974000000000000e+06
8.427119999999999322e+01 6.403768000000000000e+06
8.477819999999999823e+01 7.135705000000000000e+06
8.476009999999999422e+01 6.296543000000000000e+06
8.191729999999999734e+01 8.302055000000000000e+06
8.128350000000000364e+01 6.761246000000000000e+06
8.348350000000000648e+01 7.045031000000000000e+06
8.414440000000000452e+01 8.841740000000000000e+06
8.201680000000000348e+01 1.044924000000000000e+07
8.280450000000000443e+01 7.816531000000000000e+06
8.569259999999999877e+01 7.399400000000000000e+06
8.534860000000000468e+01 1.115422600000000000e+07
8.330249999999999488e+01 1.074758500000000000e+07
8.626300000000000523e+01 1.372223500000000000e+07
8.823669999999999902e+01 1.408840900000000000e+07
8.881610000000000582e+01 2.683233800000000000e+07
1.018080999999999960e+02 4.459853000000000000e+06
1.019891999999999967e+02 4.811787000000000000e+06
1.014278000000000048e+02 7.783848000000000000e+06
1.029488000000000056e+02 8.366582000000000000e+06
1.040533999999999963e+02 5.812408000000000000e+06
1.076838999999999942e+02 3.551176000000000000e+06
1.084171999999999940e+02 5.128807000000000000e+06
1.071045000000000016e+02 4.692909000000000000e+06
1.080007999999999981e+02 5.108844000000000000e+06
1.059364999999999952e+02 5.728242000000000000e+06
1.038632999999999953e+02 5.286825000000000000e+06
1.037184000000000026e+02 3.650462000000000000e+06
1.047142999999999944e+02 3.975730000000000000e+06
1.041530000000000058e+02 5.439693000000000000e+06
1.030665000000000049e+02 7.148883000000000000e+06
1.048682000000000016e+02 6.558150000000000000e+06
1.070682000000000045e+02 4.699369000000000000e+06
1.100378000000000043e+02 4.459411000000000000e+06
1.075118999999999971e+02 4.481829000000000000e+06
1.064344999999999999e+02 4.755327000000000000e+06
1.067514000000000038e+02 5.082826000000000000e+06
1.068147000000000020e+02 8.497457000000000000e+06
1.073760999999999939e+02 8.716981000000000000e+06
1.040262000000000029e+02 7.353471000000000000e+06
1.023785000000000025e+02 6.170591000000000000e+06
1.012738999999999976e+02 5.304814000000000000e+06
1.013372999999999990e+02 4.777236000000000000e+06
1.007669000000000068e+02 8.845503000000000000e+06
9.821380000000000621e+01 7.147856000000000000e+06
1.028674000000000035e+02 9.712719000000000000e+06
1.006764000000000010e+02 1.387448900000000000e+07
9.914629999999999654e+01 9.530002000000000000e+06
1.042707000000000050e+02 7.083058000000000000e+06
1.053298999999999950e+02 9.909452000000000000e+06
1.015998000000000019e+02 1.563924500000000000e+07
1.049134999999999991e+02 1.173822500000000000e+07
1.107349999999999994e+02 1.000087300000000000e+07
1.115498000000000047e+02 1.903372600000000000e+07
9.805079999999999529e+01 6.313996000000000000e+06
9.552490000000000236e+01 4.292180000000000000e+06
9.540720000000000312e+01 4.929570000000000000e+06
9.641209999999999525e+01 3.720317000000000000e+06
9.473720000000000141e+01 4.984487000000000000e+06
9.398569999999999425e+01 6.166483000000000000e+06
9.448369999999999891e+01 5.350791000000000000e+06
9.279070000000000107e+01 8.372902000000000000e+06
9.084409999999999741e+01 4.370593000000000000e+06
8.987539999999999907e+01 4.240921000000000000e+06
8.961469999999999914e+01 4.607167000000000000e+06
9.010909999999999798e+01 4.032739000000000000e+06
8.943489999999999895e+01 5.579124000000000000e+06
9.089119999999999777e+01 4.531681000000000000e+06
8.933599999999999852e+01 3.552288000000000000e+06
8.984839999999999804e+01 4.694989000000000000e+06
8.846410000000000196e+01 4.559726000000000000e+06
8.693590000000000373e+01 3.174414000000000000e+06
8.790670000000000073e+01 1.846552000000000000e+06
8.817640000000000100e+01 1.880405000000000000e+06
8.787080000000000268e+01 2.363794000000000000e+06
8.828430000000000177e+01 2.801268000000000000e+06
8.801460000000000150e+01 2.211023000000000000e+06
8.756510000000000105e+01 3.297014000000000000e+06
8.802360000000000184e+01 2.808697000000000000e+06
8.826630000000000109e+01 4.705612000000000000e+06
8.760110000000000241e+01 1.118915200000000000e+07
8.656730000000000302e+01 3.896583000000000000e+06
8.751120000000000232e+01 6.087890000000000000e+06
8.656730000000000302e+01 4.193792000000000000e+06
8.672010000000000218e+01 4.116508000000000000e+06
8.625270000000000437e+01 5.176356000000000000e+06
8.471550000000000580e+01 4.507382000000000000e+06
8.485930000000000462e+01 4.212587000000000000e+06
8.576730000000000587e+01 5.530284000000000000e+06
8.559650000000000603e+01 4.613338000000000000e+06
8.658530000000000371e+01 4.821190000000000000e+06
8.712470000000000425e+01 7.889581000000000000e+06
8.613580000000000325e+01 4.081355000000000000e+06
8.577630000000000621e+01 4.787754000000000000e+06
8.577630000000000621e+01 3.024719000000000000e+06
8.514700000000000557e+01 1.932938000000000000e+06
8.492230000000000700e+01 2.542408000000000000e+06
8.511100000000000421e+01 4.305682000000000000e+06
8.414019999999999300e+01 4.295646000000000000e+06
8.414919999999999334e+01 3.258991000000000000e+06
8.492230000000000700e+01 4.301588000000000000e+06
8.428400000000000603e+01 4.380487000000000000e+06
8.517400000000000659e+01 4.568784000000000000e+06
8.550660000000000593e+01 3.997792000000000000e+06
8.578520000000000323e+01 6.124339000000000000e+06
8.619880000000000564e+01 5.170130000000000000e+06
8.603690000000000282e+01 6.802563000000000000e+06
8.446380000000000621e+01 6.896277000000000000e+06
8.356489999999999441e+01 5.633572000000000000e+06
8.298059999999999548e+01 3.613245000000000000e+06
8.182089999999999463e+01 4.956746000000000000e+06
8.309739999999999327e+01 7.028543000000000000e+06
8.112879999999999825e+01 7.032912000000000000e+06
8.176699999999999591e+01 6.510153000000000000e+06
8.263899999999999579e+01 9.016009000000000000e+06
8.050849999999999795e+01 1.026722700000000000e+07
8.250409999999999400e+01 5.571612000000000000e+06
8.242319999999999425e+01 8.914125000000000000e+06
8.495820000000000505e+01 4.465871000000000000e+06
8.638750000000000284e+01 6.773839000000000000e+06
8.672910000000000252e+01 9.137443000000000000e+06
8.633360000000000412e+01 1.096931300000000000e+07
8.285469999999999402e+01 5.239293000000000000e+06
8.183889999999999532e+01 4.628445000000000000e+06
8.150629999999999598e+01 6.788902000000000000e+06
8.218049999999999500e+01 4.711620000000000000e+06
8.246620000000000061e+01 5.966473000000000000e+06
8.138599999999999568e+01 3.560210000000000000e+06
8.103789999999999338e+01 4.331482000000000000e+06
8.077899999999999636e+01 3.461787000000000000e+06
8.050230000000000530e+01 4.197283000000000000e+06
8.025230000000000530e+01 3.205853000000000000e+06
8.007380000000000564e+01 4.284211000000000000e+06
8.068970000000000198e+01 5.840957000000000000e+06
7.932389999999999475e+01 6.741247000000000000e+06
7.941320000000000334e+01 1.478032700000000000e+07
7.565500000000000114e+01 6.448814000000000000e+06
7.619060000000000343e+01 5.681763000000000000e+06
7.727970000000000539e+01 8.143384000000000000e+06
7.809199999999999875e+01 6.790179000000000000e+06
7.802949999999999875e+01 7.039818000000000000e+06
7.802949999999999875e+01 6.484698000000000000e+06
7.710110000000000241e+01 7.560461000000000000e+06
7.616379999999999484e+01 9.655625000000000000e+06
7.799379999999999313e+01 2.033209200000000000e+07
7.964530000000000598e+01 9.997339000000000000e+06
7.897580000000000666e+01 9.018210000000000000e+06
7.833310000000000173e+01 1.108540500000000000e+07
7.766349999999999909e+01 1.253404100000000000e+07
7.618170000000000641e+01 1.473039300000000000e+07
7.300369999999999493e+01 1.532023200000000000e+07
6.878130000000000166e+01 7.678544000000000000e+06
6.717449999999999477e+01 6.309109000000000000e+06
6.732630000000000337e+01 3.831695000000000000e+06
6.721909999999999741e+01 5.921758000000000000e+06
6.598720000000000141e+01 3.073646000000000000e+06
6.596040000000000703e+01 3.329315000000000000e+06
6.545159999999999911e+01 4.533174000000000000e+06
6.470180000000000575e+01 3.852441000000000000e+06
6.437149999999999750e+01 4.028279000000000000e+06
6.384479999999999933e+01 3.002092000000000000e+06
6.405010000000000048e+01 3.499957000000000000e+06
6.311280000000000001e+01 3.961680000000000000e+06
6.245219999999999771e+01 3.967143000000000000e+06
6.235399999999999920e+01 4.952629000000000000e+06
6.286280000000000001e+01 4.715542000000000000e+06
6.279140000000000299e+01 3.694264000000000000e+06
6.321990000000000265e+01 2.604230000000000000e+06
6.305030000000000001e+01 3.233487000000000000e+06
6.288069999999999737e+01 5.893135000000000000e+06
6.429110000000000014e+01 4.517865000000000000e+06
6.380019999999999669e+01 4.353997000000000000e+06
6.357699999999999818e+01 3.496033000000000000e+06
6.337169999999999703e+01 4.725037000000000000e+06
6.337169999999999703e+01 4.377498000000000000e+06
6.312169999999999703e+01 4.907222000000000000e+06
6.337169999999999703e+01 6.648737000000000000e+06
6.240760000000000218e+01 7.740218000000000000e+06
6.288069999999999737e+01 7.951830000000000000e+06
6.403220000000000312e+01 7.351961000000000000e+06
6.479999999999999716e+01 4.676556000000000000e+06
6.473749999999999716e+01 6.154413000000000000e+06
6.597830000000000439e+01 5.407627000000000000e+06
6.662099999999999511e+01 4.922621000000000000e+06
6.606759999999999877e+01 5.220708000000000000e+06
6.496059999999999945e+01 3.145522000000000000e+06
6.447860000000000014e+01 5.247379000000000000e+06
6.489820000000000277e+01 3.459145000000000000e+06
6.526420000000000243e+01 4.256868000000000000e+06
6.483570000000000277e+01 5.168709000000000000e+06
6.416620000000000346e+01 4.841537000000000000e+06
6.356450000000000244e+01 3.527484000000000000e+06
6.355559999999999832e+01 3.150182000000000000e+06
6.373259999999999792e+01 4.123406000000000000e+06
6.346719999999999828e+01 4.343910000000000000e+06
6.413079999999999359e+01 4.733154000000000000e+06
6.407769999999999300e+01 2.570706000000000000e+06
6.415730000000000643e+01 4.683091000000000000e+06
6.413079999999999359e+01 4.391431000000000000e+06
6.452009999999999934e+01 4.194616000000000000e+06
6.405110000000000525e+01 4.478190000000000000e+06
6.436079999999999757e+01 4.012508000000000000e+06
6.427230000000000132e+01 6.797205000000000000e+06
6.475010000000000332e+01 9.921254000000000000e+06
6.312210000000000321e+01 6.070160000000000000e+06
6.301590000000000202e+01 6.492054000000000000e+06
6.312210000000000321e+01 6.325260000000000000e+06
6.286549999999999727e+01 9.020326000000000000e+06
6.246730000000000160e+01 4.670036000000000000e+06
6.239650000000000318e+01 6.573178000000000000e+06
6.164450000000000074e+01 5.225616000000000000e+06
6.152060000000000173e+01 6.034751000000000000e+06
6.164450000000000074e+01 6.112345000000000000e+06
6.083930000000000149e+01 6.033209000000000000e+06
6.083039999999999736e+01 8.404762000000000000e+06
6.005180000000000007e+01 5.472179000000000000e+06
5.973329999999999984e+01 4.899169000000000000e+06
5.950319999999999965e+01 5.623481000000000000e+06
5.902539999999999765e+01 4.516912000000000000e+06
5.841490000000000293e+01 6.874577000000000000e+06
5.841490000000000293e+01 4.740856000000000000e+06
5.845029999999999859e+01 4.064896000000000000e+06
5.868039999999999878e+01 4.030788000000000000e+06
5.833529999999999660e+01 3.174632000000000000e+06
5.825560000000000116e+01 4.676455000000000000e+06
5.790169999999999817e+01 5.475547000000000000e+06
5.802559999999999718e+01 5.947195000000000000e+06
5.806980000000000075e+01 5.953445000000000000e+06
5.783979999999999677e+01 1.262065100000000000e+07
5.914929999999999666e+01 6.247520000000000000e+06
5.899000000000000199e+01 8.410166000000000000e+06
5.845029999999999859e+01 6.007756000000000000e+06
5.777779999999999916e+01 7.795328000000000000e+06
5.837950000000000017e+01 5.128178000000000000e+06
5.854760000000000275e+01 4.387216000000000000e+06
5.858299999999999841e+01 4.410652000000000000e+06
5.927320000000000277e+01 4.543305000000000000e+06
5.948550000000000182e+01 4.217976000000000000e+06
5.905199999999999960e+01 4.966429000000000000e+06
5.895459999999999923e+01 4.176705000000000000e+06
5.882189999999999941e+01 4.563914000000000000e+06
5.834409999999999741e+01 5.465620000000000000e+06
5.845920000000000272e+01 1.163948300000000000e+07
5.754780000000000229e+01 4.953498000000000000e+06
5.760090000000000288e+01 4.775055000000000000e+06
5.721159999999999712e+01 7.120988000000000000e+06
5.646829999999999927e+01 4.154869000000000000e+06
5.643289999999999651e+01 5.708615000000000000e+06
5.614099999999999824e+01 4.057127000000000000e+06
5.631790000000000163e+01 4.755959000000000000e+06
5.690189999999999770e+01 4.189518000000000000e+06
5.674260000000000304e+01 3.896680000000000000e+06
5.695499999999999829e+01 6.121973000000000000e+06
5.678690000000000282e+01 5.404529000000000000e+06
5.691830000000000211e+01 7.136184000000000000e+06
5.741760000000000019e+01 6.089261000000000000e+06
5.701460000000000150e+01 4.628438000000000000e+06
5.690950000000000131e+01 4.396317000000000000e+06
5.704090000000000060e+01 3.457881000000000000e+06
5.697079999999999700e+01 5.229211000000000000e+06
5.708469999999999800e+01 4.057839000000000000e+06
5.734759999999999991e+01 3.749633000000000000e+06
5.761910000000000309e+01 3.649941000000000000e+06
5.780310000000000059e+01 5.067333000000000000e+06
5.790820000000000078e+01 4.962319000000000000e+06
5.748769999999999669e+01 4.056243000000000000e+06
5.751400000000000290e+01 4.099497000000000000e+06
5.740010000000000190e+01 5.662572000000000000e+06
5.725119999999999720e+01 5.187438000000000000e+06
5.764540000000000219e+01 4.252114000000000000e+06
5.754899999999999949e+01 1.128804600000000000e+07
5.773299999999999699e+01 5.162786000000000000e+06
5.830250000000000199e+01 5.241216000000000000e+06
5.753150000000000119e+01 3.728039000000000000e+06
5.768919999999999959e+01 7.577385000000000000e+06
5.771549999999999869e+01 1.278810900000000000e+07
5.650650000000000261e+01 6.957213000000000000e+06
5.619109999999999872e+01 7.049660000000000000e+06
5.579690000000000083e+01 9.637663000000000000e+06
5.567430000000000234e+01 6.837019000000000000e+06
5.549029999999999774e+01 6.125782000000000000e+06
5.541140000000000043e+01 8.190430000000000000e+06
5.504350000000000165e+01 7.737382000000000000e+06
5.417620000000000147e+01 6.756122000000000000e+06
5.450909999999999656e+01 5.214091000000000000e+06
5.439520000000000266e+01 6.536054000000000000e+06
5.426380000000000337e+01 8.057672000000000000e+06
5.375569999999999737e+01 6.422208000000000000e+06
5.416740000000000066e+01 8.503319000000000000e+06
5.411489999999999867e+01 8.124442000000000000e+06
5.386079999999999757e+01 5.662016000000000000e+06
5.400970000000000226e+01 8.927630000000000000e+06
5.328260000000000218e+01 1.356219300000000000e+07
5.301100000000000279e+01 6.396046000000000000e+06
5.293220000000000169e+01 5.749160000000000000e+06
5.330010000000000048e+01 4.324649000000000000e+06
5.301979999999999649e+01 5.357808000000000000e+06
5.305480000000000018e+01 4.210235000000000000e+06
5.313369999999999749e+01 5.358115000000000000e+06
5.315120000000000289e+01 6.470271000000000000e+06
5.334389999999999787e+01 5.365347000000000000e+06
5.334389999999999787e+01 5.888681000000000000e+06
5.353659999999999997e+01 8.149664000000000000e+06
5.294089999999999918e+01 7.792453000000000000e+06
5.256419999999999959e+01 1.415112300000000000e+07
5.367680000000000007e+01 7.764486000000000000e+06
5.377320000000000277e+01 8.052806000000000000e+06
5.307229999999999848e+01 6.642033000000000000e+06
5.340520000000000067e+01 5.244715000000000000e+06
5.357169999999999987e+01 6.729941000000000000e+06
5.377320000000000277e+01 5.384163000000000000e+06
5.401850000000000307e+01 5.519207000000000000e+06
5.419369999999999976e+01 8.446663000000000000e+06
5.430760000000000076e+01 7.295072000000000000e+06
5.368560000000000088e+01 8.194353000000000000e+06
5.356289999999999907e+01 1.356517900000000000e+07
5.554829999999999757e+01 6.523547000000000000e+06
5.566969999999999885e+01 8.792848000000000000e+06
5.530559999999999832e+01 4.722267000000000000e+06
5.528820000000000334e+01 5.359393000000000000e+06
5.487210000000000321e+01 8.674823000000000000e+06
5.410909999999999798e+01 9.328198000000000000e+06
5.429120000000000346e+01 5.998775000000000000e+06
5.438660000000000139e+01 4.990040000000000000e+06
5.398780000000000001e+01 5.190362000000000000e+06
5.418719999999999715e+01 5.396206000000000000e+06
5.404840000000000089e+01 4.798062000000000000e+06
5.345889999999999986e+01 5.625978000000000000e+06
5.327680000000000149e+01 5.498667000000000000e+06
5.389240000000000208e+01 5.751786000000000000e+06
5.394440000000000168e+01 5.964359000000000000e+06
5.394440000000000168e+01 1.055584400000000000e+07
5.377100000000000080e+01 6.416907000000000000e+06
5.346759999999999735e+01 5.115655000000000000e+06
5.374499999999999744e+01 8.599585000000000000e+06
5.378829999999999956e+01 5.984483000000000000e+06
5.335479999999999734e+01 7.102861000000000000e+06
5.279999999999999716e+01 9.192264000000000000e+06
5.201100000000000279e+01 1.309561300000000000e+07
5.342419999999999902e+01 7.610418000000000000e+06
5.276530000000000342e+01 1.022765700000000000e+07
5.152550000000000097e+01 8.020668000000000000e+06
5.129140000000000299e+01 8.266058000000000000e+06
5.271329999999999671e+01 9.025182000000000000e+06
5.339820000000000277e+01 1.185868200000000000e+07
5.155149999999999721e+01 6.274639000000000000e+06
5.246179999999999666e+01 2.942309000000000000e+06
5.217569999999999908e+01 5.580284000000000000e+06
5.109199999999999875e+01 8.516828000000000000e+06
5.238380000000000081e+01 6.328304000000000000e+06
5.247050000000000125e+01 7.023246000000000000e+06
5.349360000000000070e+01 4.879527000000000000e+06
5.335479999999999734e+01 6.570990000000000000e+06
5.450800000000000267e+01 5.610308000000000000e+06
5.459470000000000312e+01 8.315696000000000000e+06
5.470739999999999981e+01 1.020157800000000000e+07
5.548769999999999669e+01 1.594871800000000000e+07
5.430850000000000222e+01 1.869399800000000000e+07
5.098799999999999955e+01 9.353242000000000000e+06
5.107469999999999999e+01 1.776311400000000000e+07
4.858639999999999759e+01 1.118695200000000000e+07
4.845629999999999882e+01 9.842344000000000000e+06
4.923660000000000281e+01 9.779042000000000000e+06
4.894180000000000064e+01 9.798803000000000000e+06
4.836099999999999710e+01 1.418539300000000000e+07
4.993889999999999674e+01 2.485996100000000000e+07
5.328549999999999898e+01 6.612491000000000000e+06
5.290400000000000347e+01 4.560823000000000000e+06
5.336350000000000193e+01 6.432640000000000000e+06
5.299069999999999681e+01 3.934849000000000000e+06
5.286930000000000263e+01 4.341676000000000000e+06
5.354560000000000031e+01 4.391317000000000000e+06
5.325950000000000273e+01 5.588887000000000000e+06
5.336350000000000193e+01 6.655071000000000000e+06
5.214110000000000156e+01 6.138658000000000000e+06
5.216709999999999781e+01 5.606379000000000000e+06
5.301670000000000016e+01 5.988601000000000000e+06
5.306869999999999976e+01 4.563776000000000000e+06
5.359270000000000067e+01 5.308309000000000000e+06
5.438300000000000267e+01 3.135309000000000000e+06
5.405660000000000309e+01 3.811971000000000000e+06
5.397070000000000078e+01 4.446105000000000000e+06
5.445170000000000243e+01 4.442517000000000000e+06
5.411670000000000158e+01 4.719437000000000000e+06
5.431430000000000291e+01 4.239556000000000000e+06
5.417680000000000007e+01 7.316537000000000000e+06
5.396209999999999951e+01 6.431183000000000000e+06
5.516470000000000340e+01 5.645599000000000000e+06
5.546529999999999916e+01 4.358334000000000000e+06
5.503580000000000183e+01 5.567517000000000000e+06
5.581750000000000256e+01 5.153604000000000000e+06
5.590339999999999776e+01 5.416092000000000000e+06
5.506159999999999854e+01 7.587358000000000000e+06
5.435719999999999885e+01 4.826460000000000000e+06
5.403940000000000055e+01 7.903516000000000000e+06
5.434859999999999758e+01 1.116421900000000000e+07
5.441740000000000066e+01 7.810182000000000000e+06
5.440879999999999939e+01 5.889749000000000000e+06
5.440879999999999939e+01 7.640367000000000000e+06
5.504440000000000310e+01 6.653007000000000000e+06
5.442600000000000193e+01 8.848534000000000000e+06
5.502729999999999677e+01 8.238846000000000000e+06
5.580890000000000128e+01 5.714320000000000000e+06
5.549969999999999715e+01 6.286293000000000000e+06
5.507880000000000109e+01 4.100767000000000000e+06
5.500150000000000006e+01 5.126674000000000000e+06
5.506159999999999854e+01 6.750010000000000000e+06
5.511319999999999908e+01 5.531774000000000000e+06
5.541380000000000194e+01 5.099200000000000000e+06
5.549969999999999715e+01 7.041630000000000000e+06
5.559420000000000073e+01 6.378983000000000000e+06
5.588620000000000232e+01 8.551058000000000000e+06
5.683970000000000056e+01 1.022775400000000000e+07
5.756130000000000280e+01 7.884845000000000000e+06
5.763859999999999673e+01 6.709360000000000000e+06
5.735510000000000019e+01 8.205847000000000000e+06
5.740670000000000073e+01 7.945418000000000000e+06
5.732939999999999969e+01 7.147645000000000000e+06
5.788770000000000238e+01 5.215360000000000000e+06
5.771589999999999776e+01 5.215441000000000000e+06
5.750970000000000226e+01 4.246610000000000000e+06
5.706309999999999860e+01 4.506059000000000000e+06
5.734649999999999892e+01 5.717281000000000000e+06
5.698579999999999757e+01 5.309293000000000000e+06
5.715760000000000218e+01 5.045559000000000000e+06
5.677960000000000207e+01 4.901851000000000000e+06
5.718330000000000268e+01 6.355050000000000000e+06
5.736370000000000147e+01 8.763200000000000000e+06
5.750119999999999720e+01 7.599007000000000000e+06
5.689130000000000109e+01 1.052496600000000000e+07
5.559420000000000073e+01 6.556138000000000000e+06
5.574880000000000280e+01 6.220302000000000000e+06
5.536229999999999762e+01 4.885138000000000000e+06
5.525059999999999860e+01 7.241174000000000000e+06
5.481250000000000000e+01 4.972888000000000000e+06
5.488119999999999976e+01 6.515660000000000000e+06
5.446889999999999787e+01 7.502821000000000000e+06
5.439159999999999684e+01 5.789488000000000000e+06
5.459779999999999944e+01 6.384655000000000000e+06
5.439159999999999684e+01 8.826486000000000000e+06
5.464929999999999666e+01 1.209005700000000000e+07
5.563709999999999667e+01 7.684151000000000000e+06
5.578190000000000026e+01 1.187048300000000000e+07
5.479419999999999646e+01 9.641282000000000000e+06
5.463239999999999696e+01 7.921725000000000000e+06
5.401080000000000325e+01 7.081909000000000000e+06
5.395969999999999800e+01 9.202126000000000000e+06
5.272500000000000142e+01 6.293627000000000000e+06
5.339770000000000039e+01 6.533694000000000000e+06
5.271650000000000347e+01 7.920605000000000000e+06
5.263130000000000308e+01 9.308022000000000000e+06
5.108160000000000167e+01 9.897535000000000000e+06
4.996609999999999729e+01 7.947017000000000000e+06
5.097090000000000032e+01 9.877986000000000000e+06
5.220559999999999690e+01 5.328036000000000000e+06
5.142219999999999658e+01 6.718704000000000000e+06
5.107309999999999661e+01 6.364629000000000000e+06
5.118379999999999797e+01 7.076452000000000000e+06
5.109859999999999758e+01 1.257472300000000000e+07
5.185649999999999693e+01 7.011206000000000000e+06
5.143070000000000164e+01 7.739270000000000000e+06
5.100500000000000256e+01 1.155979700000000000e+07
5.103050000000000352e+01 1.167317100000000000e+07
5.194160000000000110e+01 1.105231100000000000e+07
5.172870000000000346e+01 1.150370600000000000e+07
5.256320000000000192e+01 1.317298400000000000e+07
5.372979999999999734e+01 1.098008600000000000e+07
5.349139999999999873e+01 1.640333700000000000e+07
5.534759999999999991e+01 1.062116800000000000e+07
5.542430000000000234e+01 1.162802700000000000e+07
5.349989999999999668e+01 5.284439000000000000e+06
5.358500000000000085e+01 7.147942000000000000e+06
5.339770000000000039e+01 5.768006000000000000e+06
5.270799999999999841e+01 6.536916000000000000e+06
5.212890000000000157e+01 5.857619000000000000e+06
5.168619999999999948e+01 8.888080000000000000e+06
5.049410000000000309e+01 6.468921000000000000e+06
5.082620000000000005e+01 1.125935300000000000e+07
5.047699999999999676e+01 9.917904000000000000e+06
5.148179999999999978e+01 1.062203500000000000e+07
5.130299999999999727e+01 3.152759200000000000e+07
5.317629999999999768e+01 6.707435000000000000e+06
5.279310000000000258e+01 7.339589000000000000e+06
5.321039999999999992e+01 9.589470000000000000e+06
5.338920000000000243e+01 9.375138000000000000e+06
5.427470000000000283e+01 1.210339300000000000e+07
5.424069999999999681e+01 9.917401000000000000e+06
5.322740000000000293e+01 1.088040700000000000e+07
5.308259999999999934e+01 8.645974000000000000e+06
5.233330000000000126e+01 8.691399000000000000e+06
5.259729999999999706e+01 9.316013000000000000e+06
5.231629999999999825e+01 9.512008000000000000e+06
5.194160000000000110e+01 1.305267800000000000e+07
5.211189999999999856e+01 1.623477000000000000e+07
5.168619999999999948e+01 6.678443000000000000e+06
5.188199999999999790e+01 4.281312000000000000e+06
5.191610000000000014e+01 4.320521000000000000e+06
5.229930000000000234e+01 5.103024000000000000e+06
5.225670000000000215e+01 5.702153000000000000e+06
5.149880000000000280e+01 4.443645000000000000e+06
5.123490000000000322e+01 6.149273000000000000e+06
5.098790000000000333e+01 6.088517000000000000e+06
5.067289999999999850e+01 4.660835000000000000e+06
5.047699999999999676e+01 5.185595000000000000e+06
5.028970000000000340e+01 7.023002000000000000e+06
5.051740000000000208e+01 7.242861000000000000e+06
4.933670000000000044e+01 4.893374000000000000e+06
4.931139999999999901e+01 5.749998000000000000e+06
5.001140000000000185e+01 7.826557000000000000e+06
5.050900000000000034e+01 6.322768000000000000e+06
4.937039999999999651e+01 6.779355000000000000e+06
4.993549999999999756e+01 8.108130000000000000e+06
4.842589999999999861e+01 4.525718000000000000e+06
4.817289999999999850e+01 4.930321000000000000e+06
4.807169999999999987e+01 3.650279000000000000e+06
4.811379999999999768e+01 4.567919000000000000e+06
4.732110000000000127e+01 3.803128000000000000e+06
4.732950000000000301e+01 5.278949000000000000e+06
4.753190000000000026e+01 5.116420000000000000e+06
4.849329999999999785e+01 7.660904000000000000e+06
4.723669999999999902e+01 6.632919000000000000e+06
4.770900000000000318e+01 1.102979200000000000e+07
4.665480000000000160e+01 8.307931000000000000e+06
4.748969999999999914e+01 6.245419000000000000e+06
4.690780000000000172e+01 5.779576000000000000e+06
4.824880000000000280e+01 4.650827000000000000e+06
4.868730000000000047e+01 6.537430000000000000e+06
4.742229999999999990e+01 5.627812000000000000e+06
4.755720000000000169e+01 8.402376000000000000e+06
4.665480000000000160e+01 5.127549000000000000e+06
4.756560000000000343e+01 7.741742000000000000e+06
4.735479999999999734e+01 6.439655000000000000e+06
4.716929999999999978e+01 9.283916000000000000e+06
4.697529999999999717e+01 7.054840000000000000e+06
4.751500000000000057e+01 7.106044000000000000e+06
4.605599999999999739e+01 8.387319000000000000e+06
4.722829999999999728e+01 5.297979000000000000e+06
4.739699999999999847e+01 7.076286000000000000e+06
4.629220000000000113e+01 6.633443000000000000e+06
4.644400000000000261e+01 8.629685000000000000e+06
4.662109999999999843e+01 9.381688000000000000e+06
4.578609999999999758e+01 8.532544000000000000e+06
4.600540000000000163e+01 6.553311000000000000e+06
4.639339999999999975e+01 1.000566700000000000e+07
4.512830000000000297e+01 8.312990000000000000e+06
4.434400000000000119e+01 9.976111000000000000e+06
4.400670000000000215e+01 8.551125000000000000e+06
4.446209999999999951e+01 9.302456000000000000e+06
4.510300000000000153e+01 7.655796000000000000e+06
4.460540000000000305e+01 9.369377000000000000e+06
4.479939999999999856e+01 1.326204200000000000e+07
4.786930000000000263e+01 1.035122000000000000e+07
4.793670000000000186e+01 1.643566100000000000e+07
4.549940000000000140e+01 7.918204000000000000e+06
4.587049999999999983e+01 1.169327300000000000e+07
4.630060000000000286e+01 1.776848300000000000e+07
4.710179999999999723e+01 1.052064500000000000e+07
4.816440000000000055e+01 9.075307000000000000e+06
4.913430000000000319e+01 7.421073000000000000e+06
4.946320000000000050e+01 9.680396000000000000e+06
4.961500000000000199e+01 1.038384200000000000e+07
4.921860000000000213e+01 1.209655400000000000e+07
4.819819999999999993e+01 1.199314900000000000e+07
4.637650000000000006e+01 1.364367200000000000e+07
4.835840000000000316e+01 2.672733200000000000e+07
4.601389999999999958e+01 1.670477900000000000e+07
4.316329999999999956e+01 1.043222700000000000e+07
4.574060000000000059e+01 6.799265000000000000e+06
4.493990000000000151e+01 1.048323200000000000e+07
4.641620000000000346e+01 7.985156000000000000e+06
4.771730000000000160e+01 9.292584000000000000e+06
4.785909999999999798e+01 8.952688000000000000e+06
4.785079999999999956e+01 7.179634000000000000e+06
4.805100000000000193e+01 1.030839700000000000e+07
4.941049999999999898e+01 6.104841000000000000e+06
4.987760000000000105e+01 5.220318000000000000e+06
4.958570000000000277e+01 5.073292000000000000e+06
4.900180000000000291e+01 5.585803000000000000e+06
4.875990000000000180e+01 2.152905000000000000e+06
4.885999999999999943e+01 6.634423000000000000e+06
4.803430000000000177e+01 8.390761000000000000e+06
4.687489999999999668e+01 4.572059000000000000e+06
4.649119999999999919e+01 1.376623800000000000e+07
4.702510000000000190e+01 7.848920000000000000e+06
4.806759999999999877e+01 6.282513000000000000e+06
4.703340000000000032e+01 6.990048000000000000e+06
4.624099999999999966e+01 9.419071000000000000e+06
4.507330000000000325e+01 9.388615000000000000e+06
4.652459999999999951e+01 6.736772000000000000e+06
4.673310000000000031e+01 6.207923000000000000e+06
4.726689999999999969e+01 6.896158000000000000e+06
4.693330000000000268e+01 7.890533000000000000e+06
4.769230000000000302e+01 6.748111000000000000e+06
4.680819999999999936e+01 9.700854000000000000e+06
4.814269999999999783e+01 7.663000000000000000e+06
4.922699999999999676e+01 1.129018500000000000e+07
4.850139999999999674e+01 1.265911100000000000e+07
5.004440000000000310e+01 2.404142000000000000e+06
5.028629999999999711e+01 4.879776000000000000e+06
5.098689999999999856e+01 5.214544000000000000e+06
5.100359999999999872e+01 6.404954000000000000e+06
5.097019999999999840e+01 7.489684000000000000e+06
5.050310000000000343e+01 5.571205000000000000e+06
5.087010000000000076e+01 5.470204000000000000e+06
5.036129999999999995e+01 8.405288000000000000e+06
5.005270000000000152e+01 6.965093000000000000e+06
4.992759999999999820e+01 7.831816000000000000e+06
5.023619999999999663e+01 7.765449000000000000e+06
5.076169999999999760e+01 8.212540000000000000e+06
5.196280000000000143e+01 6.897363000000000000e+06
5.273850000000000193e+01 8.223290000000000000e+06
5.348910000000000053e+01 7.252142000000000000e+06
5.235479999999999734e+01 1.023716900000000000e+07
5.321390000000000242e+01 1.034253900000000000e+07
5.207119999999999749e+01 8.754366000000000000e+06
5.286359999999999815e+01 1.700865100000000000e+07
4.966910000000000025e+01 2.746563100000000000e+07
4.512339999999999662e+01 9.301078000000000000e+06
4.442269999999999897e+01 7.868971000000000000e+06
4.385560000000000258e+01 1.171080900000000000e+07
4.326339999999999719e+01 1.389044000000000000e+07
4.198720000000000141e+01 2.621480000000000000e+07
4.026069999999999993e+01 4.649924900000000000e+07
4.489820000000000277e+01 1.175651300000000000e+07
4.573219999999999885e+01 6.494588000000000000e+06
4.684159999999999968e+01 6.463038000000000000e+06
4.715019999999999811e+01 7.342847000000000000e+06
4.682489999999999952e+01 7.781605000000000000e+06
4.498989999999999867e+01 8.727377000000000000e+06
4.487310000000000088e+01 9.467938000000000000e+06
4.607950000000000301e+01 6.515047000000000000e+06
4.597200000000000131e+01 7.178537000000000000e+06
4.630250000000000199e+01 6.737334000000000000e+06
4.596379999999999910e+01 1.107514700000000000e+07
4.550930000000000319e+01 9.008241000000000000e+06
4.683129999999999882e+01 9.330952000000000000e+06
4.612080000000000268e+01 6.942567000000000000e+06
4.555069999999999908e+01 9.255780000000000000e+06
4.495580000000000354e+01 1.177717700000000000e+07
4.361730000000000018e+01 1.284282000000000000e+07
4.337760000000000105e+01 1.500063900000000000e+07
4.605469999999999686e+01 8.673385000000000000e+06
4.674040000000000106e+01 8.625466000000000000e+06
4.745100000000000051e+01 9.827049000000000000e+06
4.770709999999999695e+01 1.419180800000000000e+07
4.907039999999999935e+01 1.103680500000000000e+07
5.058250000000000313e+01 2.895704200000000000e+07
4.945879999999999654e+01 1.028171300000000000e+07
4.916960000000000264e+01 8.044172000000000000e+06
4.891349999999999909e+01 1.047471900000000000e+07
4.869859999999999900e+01 9.095647000000000000e+06
4.903739999999999810e+01 9.365126000000000000e+06
4.922740000000000293e+01 9.306601000000000000e+06
4.896300000000000097e+01 8.436873000000000000e+06
5.004540000000000077e+01 9.263153000000000000e+06
4.938439999999999941e+01 9.281556000000000000e+06
5.087989999999999924e+01 1.177737200000000000e+07
5.038419999999999987e+01 1.204450400000000000e+07
4.998760000000000048e+01 1.270317800000000000e+07
5.156569999999999965e+01 1.558092100000000000e+07
5.286290000000000333e+01 7.316211000000000000e+06
5.330080000000000240e+01 1.259162600000000000e+07
5.216879999999999740e+01 1.527642600000000000e+07
5.016109999999999758e+01 1.526486200000000000e+07
5.242499999999999716e+01 2.429251800000000000e+07
5.444930000000000092e+01 1.627696100000000000e+07
5.575469999999999970e+01 9.600934000000000000e+06
5.667190000000000083e+01 6.270239000000000000e+06
5.689489999999999981e+01 6.376384000000000000e+06
5.731629999999999825e+01 1.766988100000000000e+07
5.672140000000000271e+01 5.864797000000000000e+06
5.663060000000000116e+01 7.168834000000000000e+06
5.680409999999999826e+01 8.575110000000000000e+06
5.639090000000000202e+01 7.473179000000000000e+06
5.718410000000000082e+01 8.189425000000000000e+06
5.669659999999999656e+01 6.214464000000000000e+06
5.720889999999999986e+01 6.172233000000000000e+06
5.808469999999999800e+01 1.004817900000000000e+07
5.779560000000000031e+01 5.410932000000000000e+06
5.761379999999999768e+01 9.872039000000000000e+06
5.784510000000000218e+01 6.181288000000000000e+06
5.796909999999999741e+01 6.820441000000000000e+06
5.847310000000000230e+01 6.793252000000000000e+06
5.885309999999999775e+01 1.009808000000000000e+07
5.729149999999999920e+01 1.284148100000000000e+07
5.625050000000000239e+01 1.349490000000000000e+07
5.826650000000000063e+01 5.636576000000000000e+06
5.829959999999999809e+01 5.702116000000000000e+06
5.828300000000000125e+01 5.027443000000000000e+06
5.849790000000000134e+01 9.633007000000000000e+06
5.782860000000000156e+01 6.141226000000000000e+06
5.782860000000000156e+01 6.844740000000000000e+06
5.763029999999999831e+01 1.676143400000000000e+07
5.767159999999999798e+01 6.628119000000000000e+06
5.748160000000000025e+01 5.507019000000000000e+06
5.678439999999999799e+01 6.891365000000000000e+06
5.575090000000000146e+01 6.516775000000000000e+06
5.549660000000000082e+01 5.027199000000000000e+06
5.623479999999999990e+01 7.821618000000000000e+06
5.595600000000000307e+01 1.702908100000000000e+07
5.594780000000000086e+01 6.245709000000000000e+06
5.619380000000000308e+01 7.694912000000000000e+06
5.511110000000000042e+01 1.162585800000000000e+07
5.510289999999999822e+01 1.205706100000000000e+07
5.779330000000000211e+01 9.669293000000000000e+06
5.726830000000000354e+01 6.191194000000000000e+06
5.677620000000000289e+01 9.308199000000000000e+06
5.743240000000000123e+01 8.720018000000000000e+06
5.751440000000000197e+01 9.907831000000000000e+06
5.698940000000000339e+01 9.960684000000000000e+06
5.657930000000000348e+01 9.078824000000000000e+06
5.558689999999999998e+01 7.377100000000000000e+06
5.476659999999999684e+01 5.201034000000000000e+06
5.488150000000000261e+01 7.028434000000000000e+06
5.499629999999999797e+01 8.249850000000000000e+06
5.580830000000000268e+01 7.552238000000000000e+06
5.597240000000000038e+01 7.349344000000000000e+06
5.550480000000000302e+01 8.132783000000000000e+06
5.560329999999999728e+01 1.027671600000000000e+07
5.528340000000000032e+01 8.908863000000000000e+06
5.529979999999999762e+01 1.053901900000000000e+07
5.496350000000000335e+01 2.080400700000000000e+07
5.464359999999999928e+01 1.113375200000000000e+07
5.489789999999999992e+01 1.242703400000000000e+07
5.461899999999999977e+01 9.450784000000000000e+06
5.534080000000000155e+01 1.289145800000000000e+07
5.526700000000000301e+01 4.077884100000000000e+07
5.421710000000000207e+01 2.103382600000000000e+07
5.370850000000000080e+01 1.404146900000000000e+07
5.384799999999999898e+01 1.055342100000000000e+07
5.404480000000000217e+01 9.955983000000000000e+06
5.391360000000000241e+01 7.674605000000000000e+06
5.381519999999999726e+01 7.858040000000000000e+06
5.412680000000000291e+01 6.786394000000000000e+06
5.411039999999999850e+01 5.868887000000000000e+06
5.356089999999999662e+01 8.519240000000000000e+06
5.315899999999999892e+01 5.926876000000000000e+06
5.347890000000000299e+01 7.978734000000000000e+06
5.351169999999999760e+01 7.541105000000000000e+06
5.306880000000000308e+01 8.638220000000000000e+06
5.244539999999999935e+01 8.476305000000000000e+06
5.237980000000000302e+01 7.635922000000000000e+06
5.305230000000000246e+01 8.493439000000000000e+06
5.275710000000000122e+01 9.870805000000000000e+06
5.303589999999999804e+01 1.029859400000000000e+07
5.383160000000000167e+01 9.864252000000000000e+06
5.453699999999999903e+01 1.308454600000000000e+07
5.333120000000000260e+01 1.814150500000000000e+07
5.419250000000000256e+01 1.485951400000000000e+07
5.269959999999999667e+01 1.840513000000000000e+07
5.292110000000000269e+01 1.387249700000000000e+07
5.217470000000000141e+01 8.457272000000000000e+06
5.211730000000000018e+01 1.277918400000000000e+07
5.109199999999999875e+01 9.905475000000000000e+06
5.133809999999999718e+01 9.815626000000000000e+06
5.087870000000000203e+01 1.153424400000000000e+07
5.062449999999999761e+01 1.307139300000000000e+07
5.019800000000000040e+01 1.140089800000000000e+07
5.043390000000000128e+01 1.789405400000000000e+07
4.906730000000000302e+01 1.269799400000000000e+07
4.783899999999999864e+01 1.107583900000000000e+07
4.752170000000000272e+01 1.017145500000000000e+07
4.686280000000000001e+01 1.028005800000000000e+07
4.637469999999999715e+01 8.787023000000000000e+06
4.644800000000000040e+01 1.490326900000000000e+07
4.761930000000000263e+01 1.231364100000000000e+07
4.737530000000000285e+01 5.781559000000000000e+06
4.689540000000000219e+01 6.829781000000000000e+06
4.658619999999999806e+01 1.085380800000000000e+07
4.735900000000000176e+01 1.161913300000000000e+07
4.850600000000000023e+01 7.969786000000000000e+06
4.919740000000000180e+01 7.926391000000000000e+06
4.913230000000000075e+01 1.331312800000000000e+07
4.977499999999999858e+01 1.411036600000000000e+07
4.871750000000000114e+01 1.188910300000000000e+07
4.858729999999999905e+01 1.098345000000000000e+07
4.809109999999999729e+01 1.209867000000000000e+07
4.718010000000000304e+01 1.011450200000000000e+07
4.718010000000000304e+01 1.822783500000000000e+07
4.605749999999999744e+01 1.462899000000000000e+07
4.542300000000000182e+01 1.790772500000000000e+07
4.517900000000000205e+01 1.477986700000000000e+07
4.526030000000000086e+01 2.285296300000000000e+07
4.625269999999999726e+01 4.705178100000000000e+07
4.902660000000000196e+01 8.535895000000000000e+06
4.849779999999999802e+01 7.388032000000000000e+06
4.918110000000000070e+01 6.150774000000000000e+06
4.921370000000000289e+01 8.649052000000000000e+06
4.922990000000000066e+01 7.327885000000000000e+06
4.931130000000000280e+01 9.983859000000000000e+06
4.951469999999999771e+01 7.900656000000000000e+06
4.927060000000000173e+01 1.158265600000000000e+07
4.986440000000000339e+01 1.553337600000000000e+07
4.799349999999999739e+01 8.665548000000000000e+06
4.818869999999999720e+01 1.078165500000000000e+07
4.776570000000000249e+01 1.278926500000000000e+07
4.722070000000000078e+01 1.130321300000000000e+07
4.640729999999999933e+01 1.194092900000000000e+07
4.611440000000000339e+01 1.468135200000000000e+07
4.627709999999999724e+01 1.891698800000000000e+07
4.513020000000000209e+01 2.252192800000000000e+07
4.628529999999999944e+01 1.389079600000000000e+07
4.717190000000000083e+01 1.896449300000000000e+07
4.629339999999999833e+01 3.124915400000000000e+07
5.014909999999999712e+01 1.072175200000000000e+07
4.937639999999999674e+01 1.148977100000000000e+07
4.909170000000000300e+01 1.758230200000000000e+07
5.134490000000000265e+01 8.481477000000000000e+06
5.031179999999999808e+01 6.909406000000000000e+06
5.132860000000000156e+01 6.532303000000000000e+06
5.110900000000000176e+01 8.181088000000000000e+06
5.078359999999999985e+01 6.880963000000000000e+06
5.123100000000000165e+01 8.941629000000000000e+06
5.100330000000000297e+01 7.979249000000000000e+06
5.161339999999999861e+01 9.064795000000000000e+06
5.250000000000000000e+01 8.106002000000000000e+06
5.115780000000000172e+01 6.149083000000000000e+06
5.181669999999999732e+01 9.448317000000000000e+06
5.156450000000000244e+01 1.390929100000000000e+07
5.308209999999999695e+01 6.159740000000000000e+06
5.309819999999999851e+01 8.758893000000000000e+06
5.459159999999999968e+01 7.945920000000000000e+06
5.402649999999999864e+01 8.283083000000000000e+06
5.192779999999999774e+01 5.488071000000000000e+06
5.218610000000000326e+01 8.007433000000000000e+06
5.318699999999999761e+01 5.087291000000000000e+06
5.282379999999999853e+01 3.989061000000000000e+06
5.351800000000000068e+01 5.568775000000000000e+06
5.419610000000000127e+01 3.875718000000000000e+06
5.406689999999999685e+01 4.158049000000000000e+06
5.344530000000000314e+01 4.713104000000000000e+06
5.194389999999999930e+01 1.212210800000000000e+07
5.405879999999999797e+01 1.287589000000000000e+07
5.465619999999999834e+01 1.263103800000000000e+07
5.482569999999999766e+01 7.183435000000000000e+06
5.373590000000000089e+01 5.934879000000000000e+06
5.267040000000000077e+01 8.544913000000000000e+06
5.296909999999999741e+01 7.231014000000000000e+06
5.268659999999999854e+01 9.221354000000000000e+06
5.410730000000000217e+01 9.517842000000000000e+06
5.455120000000000147e+01 8.574718000000000000e+06
5.581049999999999756e+01 6.836407000000000000e+06
5.603649999999999665e+01 5.452113000000000000e+06
5.627060000000000173e+01 4.360127000000000000e+06
5.615760000000000218e+01 7.670135000000000000e+06
5.529390000000000072e+01 5.821231000000000000e+06
5.591539999999999822e+01 6.491493000000000000e+06
5.578629999999999711e+01 4.885108000000000000e+06
5.585889999999999844e+01 2.953678000000000000e+06
5.545530000000000115e+01 4.045983000000000000e+06
5.493869999999999720e+01 7.550833000000000000e+06
5.471269999999999811e+01 7.729965000000000000e+06
5.437360000000000326e+01 9.165821000000000000e+06
5.262199999999999989e+01 4.975545000000000000e+06
5.287219999999999942e+01 5.710889000000000000e+06
5.331620000000000203e+01 6.432239000000000000e+06
5.250090000000000146e+01 7.117082000000000000e+06
5.166140000000000043e+01 4.684199000000000000e+06
5.136269999999999669e+01 4.510242000000000000e+06
5.146770000000000067e+01 5.366690000000000000e+06
5.154030000000000200e+01 5.041212000000000000e+06
5.149190000000000111e+01 9.513038000000000000e+06
4.964339999999999975e+01 7.002595000000000000e+06
5.062010000000000076e+01 5.152441000000000000e+06
5.048290000000000077e+01 6.464959000000000000e+06
5.057979999999999876e+01 9.741719000000000000e+06
5.105599999999999739e+01 8.250651000000000000e+06
5.122549999999999670e+01 1.501078700000000000e+07
4.938510000000000133e+01 1.163517300000000000e+07
4.841640000000000299e+01 1.654793700000000000e+07
4.918330000000000268e+01 9.412487000000000000e+06
4.882809999999999917e+01 1.001086200000000000e+07
4.866669999999999874e+01 1.039165700000000000e+07
4.804509999999999792e+01 1.472931100000000000e+07
4.593019999999999925e+01 1.604820900000000000e+07
4.543780000000000285e+01 1.752211600000000000e+07
4.392029999999999745e+01 1.795393700000000000e+07
4.308080000000000354e+01 3.189210600000000000e+07
4.270139999999999958e+01 6.123669500000000000e+07
4.409790000000000276e+01 1.227408560000000000e+08
4.369429999999999836e+01 1.429361700000000000e+07
4.328260000000000218e+01 1.690870300000000000e+07
4.437230000000000274e+01 1.210879300000000000e+07
4.543780000000000285e+01 1.191189900000000000e+07
4.673550000000000182e+01 1.091721900000000000e+07
4.538170000000000215e+01 8.924598000000000000e+06
4.631089999999999662e+01 7.359936000000000000e+06
4.701590000000000202e+01 1.168077200000000000e+07
4.539770000000000039e+01 8.371796000000000000e+06
4.584629999999999939e+01 8.432076000000000000e+06
4.627089999999999748e+01 8.599025000000000000e+06
4.687969999999999970e+01 7.640357000000000000e+06
4.741640000000000299e+01 1.586597600000000000e+07
4.646320000000000050e+01 1.005883700000000000e+07
4.730429999999999779e+01 1.555998300000000000e+07
4.611070000000000135e+01 2.419606200000000000e+07
4.703190000000000026e+01 8.011936000000000000e+06
4.731230000000000047e+01 1.398690000000000000e+07
4.762469999999999715e+01 1.098050000000000000e+07
4.776089999999999947e+01 1.438940000000000000e+07
4.694380000000000308e+01 9.112400000000000000e+06
4.640709999999999980e+01 8.632700000000000000e+06
4.636699999999999733e+01 1.555620000000000000e+07
4.634300000000000352e+01 9.943900000000000000e+06
4.581430000000000291e+01 8.740300000000000000e+06
4.562199999999999989e+01 1.755890000000000000e+07
4.451650000000000063e+01 6.568800000000000000e+06
4.481289999999999907e+01 9.914300000000000000e+06
4.449249999999999972e+01 1.001940000000000000e+07
4.446840000000000259e+01 7.562100000000000000e+06
4.411599999999999966e+01 7.354900000000000000e+06
4.428419999999999845e+01 7.524400000000000000e+06
4.454050000000000153e+01 7.277900000000000000e+06
4.462060000000000315e+01 1.102260000000000000e+07
4.466069999999999851e+01 9.309800000000000000e+06
4.475679999999999836e+01 7.553500000000000000e+06
4.422010000000000218e+01 9.314600000000000000e+06
4.402779999999999916e+01 8.063200000000000000e+06
4.410799999999999699e+01 7.612200000000000000e+06
4.429220000000000113e+01 9.159300000000000000e+06
4.350710000000000122e+01 7.370500000000000000e+06
4.317869999999999919e+01 1.010930000000000000e+07
4.341100000000000136e+01 7.959800000000000000e+06
4.293840000000000146e+01 9.029400000000000000e+06
4.232950000000000301e+01 8.524600000000000000e+06
4.270600000000000307e+01 1.007460000000000000e+07
4.231349999999999767e+01 1.311770000000000000e+07
4.200110000000000099e+01 1.717170000000000000e+07
4.169669999999999987e+01 1.812620000000000000e+07
4.228949999999999676e+01 1.278380000000000000e+07
4.268999999999999773e+01 1.045630000000000000e+07
4.204110000000000014e+01 1.159320000000000000e+07
4.192900000000000205e+01 1.547990000000000000e+07
4.305850000000000222e+01 1.268010000000000000e+07
4.280219999999999914e+01 1.617150000000000000e+07
4.305049999999999955e+01 1.046600000000000000e+07
4.260190000000000055e+01 1.168090000000000000e+07
4.332289999999999708e+01 1.171280000000000000e+07
4.364330000000000354e+01 1.501130000000000000e+07
4.329890000000000327e+01 1.472430000000000000e+07
4.325880000000000081e+01 2.233490000000000000e+07
4.398780000000000001e+01 4.245600000000000000e+07
4.287429999999999808e+01 1.869900000000000000e+07
4.297840000000000060e+01 2.331590000000000000e+07
4.281020000000000181e+01 1.679640000000000000e+07
4.393970000000000198e+01 3.082330000000000000e+07
4.402779999999999916e+01 1.358680000000000000e+07
4.435379999999999967e+01 7.553100000000000000e+06
4.373369999999999891e+01 1.151630000000000000e+07
4.427429999999999666e+01 9.297300000000000000e+06
4.563380000000000081e+01 4.736300000000000000e+06
4.628569999999999851e+01 3.828900000000000000e+06
4.619819999999999993e+01 6.198500000000000000e+06
4.522829999999999728e+01 6.869800000000000000e+06
4.487060000000000315e+01 6.477200000000000000e+06
4.514880000000000138e+01 7.490800000000000000e+06
4.492620000000000147e+01 1.071640000000000000e+07
4.372570000000000334e+01 1.108510000000000000e+07
4.260479999999999734e+01 5.483500000000000000e+06
4.273199999999999932e+01 6.235600000000000000e+06
4.237420000000000186e+01 1.345770000000000000e+07
4.308180000000000121e+01 3.952800000000000000e+06
4.338389999999999702e+01 3.337300000000000000e+06
4.316919999999999646e+01 3.385000000000000000e+06
4.293070000000000164e+01 4.410400000000000000e+06
4.305789999999999651e+01 4.413000000000000000e+06
4.266040000000000276e+01 3.941600000000000000e+06
4.311359999999999815e+01 5.386800000000000000e+06
4.290690000000000026e+01 8.414700000000000000e+06
4.280349999999999966e+01 6.297500000000000000e+06
4.380519999999999925e+01 3.449800000000000000e+06
4.396419999999999817e+01 4.847300000000000000e+06
4.339180000000000348e+01 3.388200000000000000e+06
4.322489999999999810e+01 3.078000000000000000e+06
4.304999999999999716e+01 3.635000000000000000e+06
4.319310000000000116e+01 4.025600000000000000e+06
4.295459999999999923e+01 2.768600000000000000e+06
4.298640000000000327e+01 4.108300000000000000e+06
4.292280000000000229e+01 3.816300000000000000e+06
4.289099999999999824e+01 3.023500000000000000e+06
4.263660000000000139e+01 4.486400000000000000e+06
4.235040000000000049e+01 4.088000000000000000e+06
4.256499999999999773e+01 5.021200000000000000e+06
4.301820000000000022e+01 6.010500000000000000e+06
4.208010000000000161e+01 5.826200000000000000e+06
4.188929999999999865e+01 6.963800000000000000e+06
4.203240000000000265e+01 4.878400000000000000e+06
4.149969999999999715e+01 4.145200000000000000e+06
4.163490000000000180e+01 3.626400000000000000e+06
4.154740000000000322e+01 5.012500000000000000e+06
4.145989999999999753e+01 4.092100000000000000e+06
4.196880000000000166e+01 7.022600000000000000e+06
4.047409999999999997e+01 3.353200000000000000e+06
4.083189999999999742e+01 2.580300000000000000e+06
4.068880000000000052e+01 3.341300000000000000e+06
4.103059999999999974e+01 4.279800000000000000e+06
4.140429999999999922e+01 7.430600000000000000e+06
4.083979999999999677e+01 5.601300000000000000e+06
4.044230000000000302e+01 7.932200000000000000e+06
3.906700000000000017e+01 7.289100000000000000e+06
3.921009999999999707e+01 6.628800000000000000e+06
3.986200000000000188e+01 6.578300000000000000e+06
3.975860000000000127e+01 6.613200000000000000e+06
3.929749999999999943e+01 4.445000000000000000e+06
3.859790000000000276e+01 6.196800000000000000e+06
3.825600000000000023e+01 7.151000000000000000e+06
3.804930000000000234e+01 9.531100000000000000e+06
3.723049999999999926e+01 7.290800000000000000e+06
3.693630000000000280e+01 1.146580000000000000e+07
3.730660000000000309e+01 1.317720000000000000e+07
3.989090000000000202e+01 6.018200000000000000e+06
3.868540000000000134e+01 8.246900000000000000e+06
3.988300000000000267e+01 9.146600000000000000e+06
4.112789999999999679e+01 7.013200000000000000e+06
4.215220000000000056e+01 6.841400000000000000e+06
4.202609999999999957e+01 6.007200000000000000e+06
4.104910000000000281e+01 4.250800000000000000e+06
4.049759999999999849e+01 4.813100000000000000e+06
4.016669999999999874e+01 4.208300000000000000e+06
4.070239999999999725e+01 4.778000000000000000e+06
4.057639999999999958e+01 5.684900000000000000e+06
4.072610000000000241e+01 6.127200000000000000e+06
4.046609999999999729e+01 1.016140000000000000e+07
4.212060000000000315e+01 1.293050000000000000e+07
4.229399999999999693e+01 6.922700000000000000e+06
4.184490000000000265e+01 6.408600000000000000e+06
4.183700000000000330e+01 4.712300000000000000e+06
4.095459999999999923e+01 3.875500000000000000e+06
4.034790000000000276e+01 5.466700000000000000e+06
4.043460000000000321e+01 4.839400000000000000e+06
4.068670000000000186e+01 3.924800000000000000e+06
4.077340000000000231e+01 3.629800000000000000e+06
4.070239999999999725e+01 3.086000000000000000e+06
4.054489999999999839e+01 5.860700000000000000e+06
4.100180000000000291e+01 6.529000000000000000e+06
4.073400000000000176e+01 5.251100000000000000e+06
4.064730000000000132e+01 6.198000000000000000e+06
3.946549999999999869e+01 6.817700000000000000e+06
4.011149999999999949e+01 7.095600000000000000e+06
4.011149999999999949e+01 5.052900000000000000e+06
3.997760000000000247e+01 5.710700000000000000e+06
3.996179999999999666e+01 5.425000000000000000e+06
4.006430000000000291e+01 5.693000000000000000e+06
4.021390000000000242e+01 5.842700000000000000e+06
4.085999999999999943e+01 6.078900000000000000e+06
4.033209999999999695e+01 5.242800000000000000e+06
4.054489999999999839e+01 4.984900000000000000e+06
3.996970000000000312e+01 4.118700000000000000e+06
3.967029999999999745e+01 4.946000000000000000e+06
3.983579999999999899e+01 6.534500000000000000e+06
3.912669999999999959e+01 7.217600000000000000e+06
3.903999999999999915e+01 7.907500000000000000e+06
3.852000000000000313e+01 6.979500000000000000e+06
3.776359999999999673e+01 4.957800000000000000e+06
3.760600000000000165e+01 6.987100000000000000e+06
3.777940000000000254e+01 9.606100000000000000e+06
3.730660000000000309e+01 1.031460000000000000e+07
3.878790000000000049e+01 1.286350000000000000e+07
3.806300000000000239e+01 7.669500000000000000e+06
3.751149999999999807e+01 7.608500000000000000e+06
3.757450000000000045e+01 1.229860000000000000e+07
3.689690000000000225e+01 1.074980000000000000e+07
3.765330000000000155e+01 9.197900000000000000e+06
3.850419999999999732e+01 7.270500000000000000e+06
3.866969999999999885e+01 8.181700000000000000e+06
3.939450000000000074e+01 5.823000000000000000e+06
3.944180000000000064e+01 8.606800000000000000e+06
3.978849999999999909e+01 4.972300000000000000e+06
3.948120000000000118e+01 4.728400000000000000e+06
3.986730000000000018e+01 6.610800000000000000e+06
3.926059999999999661e+01 7.055200000000000000e+06
3.978430000000000177e+01 5.517700000000000000e+06
4.003439999999999799e+01 6.960300000000000000e+06
3.936220000000000141e+01 6.811100000000000000e+06
3.946379999999999910e+01 9.719900000000000000e+06
3.938569999999999993e+01 1.187110000000000000e+07
4.087850000000000250e+01 4.794300000000000000e+06
4.062839999999999918e+01 4.569100000000000000e+06
4.127720000000000056e+01 3.019700000000000000e+06
4.143350000000000222e+01 2.898800000000000000e+06
4.107399999999999807e+01 2.354100000000000000e+06
4.141790000000000305e+01 2.401500000000000000e+06
4.092540000000000333e+01 1.747000000000000000e+06
4.109740000000000038e+01 4.957700000000000000e+06
4.110520000000000351e+01 1.247180000000000000e+07
4.113649999999999807e+01 8.383400000000000000e+06
4.245739999999999981e+01 9.635600000000000000e+06
4.191810000000000258e+01 7.987300000000000000e+06
4.171490000000000009e+01 9.846300000000000000e+06
4.093330000000000268e+01 6.465300000000000000e+06
4.094890000000000185e+01 7.766400000000000000e+06
4.116770000000000351e+01 1.077550000000000000e+07
4.075350000000000250e+01 1.490690000000000000e+07
4.002660000000000196e+01 5.470800000000000000e+06
4.013600000000000279e+01 7.285800000000000000e+06
3.889320000000000022e+01 5.449100000000000000e+06
3.882289999999999708e+01 5.309200000000000000e+06
3.905740000000000123e+01 9.480100000000000000e+06
3.782240000000000180e+01 4.321900000000000000e+06
3.786930000000000263e+01 4.044300000000000000e+06
3.771300000000000097e+01 3.414900000000000000e+06
3.798660000000000281e+01 4.732300000000000000e+06
3.783809999999999718e+01 3.343200000000000000e+06
3.825229999999999819e+01 5.810100000000000000e+06
3.796309999999999718e+01 4.459800000000000000e+06
3.747849999999999682e+01 3.120300000000000000e+06
3.787709999999999866e+01 4.050700000000000000e+06
3.819760000000000133e+01 8.585700000000000000e+06
3.786149999999999949e+01 6.257100000000000000e+06
3.754890000000000327e+01 3.411800000000000000e+06
3.740039999999999765e+01 3.745100000000000000e+06
3.711119999999999663e+01 5.351100000000000000e+06
3.796309999999999718e+01 2.282900000000000000e+06
3.754099999999999682e+01 5.190900000000000000e+06
3.692360000000000042e+01 4.444900000000000000e+06
3.755669999999999931e+01 4.308100000000000000e+06
3.765050000000000097e+01 4.095400000000000000e+06
3.811160000000000281e+01 4.095600000000000000e+06
3.826789999999999736e+01 3.866900000000000000e+06
3.786930000000000263e+01 4.563700000000000000e+06
3.814289999999999736e+01 4.011600000000000000e+06
3.891669999999999874e+01 5.022900000000000000e+06
3.862749999999999773e+01 5.555000000000000000e+06
3.853370000000000317e+01 6.956800000000000000e+06
3.746289999999999765e+01 5.077900000000000000e+06
3.777550000000000097e+01 4.130300000000000000e+06
3.829919999999999902e+01 6.937500000000000000e+06
3.779120000000000346e+01 4.713200000000000000e+06
3.777550000000000097e+01 9.212900000000000000e+06
3.765050000000000097e+01 7.242400000000000000e+06
3.678289999999999793e+01 4.399900000000000000e+06
3.601689999999999969e+01 3.533300000000000000e+06
3.621229999999999905e+01 3.377300000000000000e+06
3.568079999999999785e+01 2.985700000000000000e+06
3.570420000000000016e+01 3.967500000000000000e+06
3.472019999999999840e+01 5.113000000000000000e+06
3.449549999999999983e+01 7.091500000000000000e+06
3.571200000000000330e+01 4.703700000000000000e+06
3.626209999999999667e+01 4.141400000000000000e+06
3.564999999999999858e+01 7.020800000000000000e+06
3.560349999999999682e+01 4.056800000000000000e+06
3.548729999999999762e+01 4.159700000000000000e+06
3.465820000000000078e+01 5.818400000000000000e+06
3.434830000000000183e+01 6.617300000000000000e+06
3.486740000000000350e+01 5.033900000000000000e+06
3.512310000000000088e+01 4.571900000000000000e+06
3.562680000000000291e+01 7.162700000000000000e+06
3.649459999999999837e+01 3.179500000000000000e+06
3.706790000000000163e+01 1.049530000000000000e+07
3.672699999999999676e+01 5.326500000000000000e+06
3.712989999999999924e+01 6.689400000000000000e+06
3.688199999999999790e+01 7.293800000000000000e+06
3.550280000000000058e+01 3.531700000000000000e+06
3.478220000000000312e+01 2.273500000000000000e+06
3.463499999999999801e+01 2.597900000000000000e+06
3.482869999999999777e+01 3.441700000000000000e+06
3.469700000000000273e+01 4.282300000000000000e+06
3.442580000000000240e+01 3.287500000000000000e+06
3.400739999999999696e+01 3.992200000000000000e+06
3.371289999999999765e+01 3.355500000000000000e+06
3.341850000000000165e+01 3.190700000000000000e+06
3.300010000000000332e+01 2.925600000000000000e+06
3.301559999999999917e+01 3.170700000000000000e+06
3.302329999999999899e+01 2.788900000000000000e+06
3.297679999999999723e+01 3.009700000000000000e+06
3.303110000000000213e+01 4.473000000000000000e+06
3.366640000000000299e+01 3.493400000000000000e+06
3.365090000000000003e+01 2.738100000000000000e+06
3.325580000000000069e+01 4.077700000000000000e+06
3.278309999999999746e+01 4.118800000000000000e+06
3.329449999999999932e+01 2.803000000000000000e+06
3.360450000000000159e+01 3.326900000000000000e+06
3.331779999999999831e+01 6.093300000000000000e+06
3.348049999999999926e+01 4.363100000000000000e+06
3.454200000000000159e+01 2.990500000000000000e+06
3.481320000000000192e+01 2.791800000000000000e+06
3.489840000000000231e+01 3.826400000000000000e+06
3.464269999999999783e+01 3.290800000000000000e+06
3.491389999999999816e+01 2.892400000000000000e+06
3.453430000000000177e+01 3.299400000000000000e+06
3.477439999999999998e+01 4.980600000000000000e+06
3.464269999999999783e+01 2.953500000000000000e+06
3.511540000000000106e+01 3.190700000000000000e+06
3.506110000000000326e+01 3.652400000000000000e+06
3.523930000000000007e+01 6.020600000000000000e+06
3.463499999999999801e+01 3.619700000000000000e+06
3.491389999999999816e+01 4.326200000000000000e+06
3.470470000000000255e+01 4.491100000000000000e+06
3.427859999999999729e+01 4.088500000000000000e+06
3.381369999999999720e+01 3.088100000000000000e+06
3.433279999999999887e+01 3.535100000000000000e+06
3.484420000000000073e+01 3.810500000000000000e+06
3.449549999999999983e+01 4.317900000000000000e+06
3.434049999999999869e+01 3.043700000000000000e+06
3.406159999999999854e+01 3.645400000000000000e+06
3.394539999999999935e+01 3.714500000000000000e+06
3.457300000000000040e+01 3.265800000000000000e+06
3.490619999999999834e+01 5.693900000000000000e+06
3.392210000000000036e+01 4.061400000000000000e+06
3.371479999999999677e+01 3.080100000000000000e+06
3.326180000000000092e+01 3.805700000000000000e+06
3.353820000000000334e+01 3.978300000000000000e+06
3.280109999999999815e+01 2.743700000000000000e+06
3.242490000000000094e+01 2.417500000000000000e+06
3.240950000000000131e+01 4.365900000000000000e+06
3.194879999999999853e+01 4.588200000000000000e+06
3.174149999999999849e+01 1.075310000000000000e+07
3.311590000000000344e+01 5.163900000000000000e+06
3.330789999999999651e+01 4.733700000000000000e+06
3.273199999999999932e+01 4.686900000000000000e+06
3.216380000000000194e+01 6.042400000000000000e+06
3.272429999999999950e+01 9.825700000000000000e+06
3.152649999999999864e+01 7.474900000000000000e+06
3.304679999999999751e+01 3.663300000000000000e+06
3.343070000000000164e+01 3.644900000000000000e+06
3.302380000000000138e+01 3.457700000000000000e+06
3.317739999999999867e+01 4.078500000000000000e+06
3.313130000000000308e+01 6.096500000000000000e+06
3.283950000000000102e+01 3.742600000000000000e+06
3.346909999999999741e+01 3.574800000000000000e+06
3.372249999999999659e+01 4.702700000000000000e+06
3.378390000000000271e+01 5.463200000000000000e+06
3.339999999999999858e+01 4.261300000000000000e+06
3.304679999999999751e+01 4.801300000000000000e+06
3.349980000000000047e+01 4.528400000000000000e+06
3.329249999999999687e+01 7.176800000000000000e+06
3.277810000000000201e+01 9.308800000000000000e+06
3.420620000000000260e+01 4.852200000000000000e+06
3.369180000000000064e+01 6.908400000000000000e+06
3.485119999999999862e+01 6.181800000000000000e+06
3.488960000000000150e+01 4.511700000000000000e+06
3.577259999999999707e+01 3.306200000000000000e+06
3.590310000000000201e+01 5.203500000000000000e+06
3.573420000000000130e+01 4.708800000000000000e+06
3.551919999999999789e+01 3.537800000000000000e+06
3.621790000000000020e+01 5.244800000000000000e+06
3.548080000000000211e+01 4.605300000000000000e+06
3.534259999999999735e+01 6.702500000000000000e+06
3.482050000000000267e+01 5.760300000000000000e+06
3.419850000000000279e+01 3.738400000000000000e+06
3.455939999999999657e+01 4.455800000000000000e+06
3.396820000000000306e+01 5.046900000000000000e+06
3.339229999999999876e+01 6.973200000000000000e+06
3.448259999999999792e+01 3.745600000000000000e+06
3.423689999999999856e+01 4.085700000000000000e+06
3.430599999999999739e+01 4.641200000000000000e+06
3.377620000000000289e+01 9.649400000000000000e+06
3.497399999999999665e+01 6.398100000000000000e+06
3.535790000000000077e+01 6.798600000000000000e+06
3.472829999999999728e+01 6.024700000000000000e+06
3.519669999999999987e+01 1.009680000000000000e+07
3.396820000000000306e+01 5.236900000000000000e+06
3.402960000000000207e+01 5.541300000000000000e+06
3.465919999999999845e+01 9.378100000000000000e+06
3.393750000000000000e+01 8.531300000000000000e+06
3.254769999999999897e+01 6.493200000000000000e+06
3.249399999999999977e+01 5.009000000000000000e+06
3.243260000000000076e+01 5.046200000000000000e+06
3.259380000000000166e+01 6.998000000000000000e+06
3.181830000000000069e+01 7.152500000000000000e+06
3.308520000000000039e+01 4.199800000000000000e+06
3.316969999999999885e+01 6.494100000000000000e+06
3.318489999999999895e+01 7.809200000000000000e+06
3.237089999999999890e+01 8.673900000000000000e+06
3.177749999999999986e+01 1.644920000000000000e+07
3.142749999999999844e+01 1.408980000000000000e+07
3.164809999999999945e+01 2.068760000000000000e+07
3.086449999999999960e+01 4.122100000000000000e+06
3.097100000000000009e+01 5.510700000000000000e+06
3.128300000000000125e+01 5.740000000000000000e+06
3.102430000000000021e+01 7.263400000000000000e+06
3.054500000000000171e+01 4.274800000000000000e+06
3.059069999999999823e+01 7.249500000000000000e+06
2.991359999999999886e+01 6.065000000000000000e+06
2.964730000000000132e+01 3.323400000000000000e+06
2.928209999999999980e+01 4.736100000000000000e+06
2.971580000000000155e+01 7.072900000000000000e+06
2.918319999999999936e+01 5.108400000000000000e+06
2.903109999999999857e+01 5.178700000000000000e+06
2.928969999999999985e+01 1.220830000000000000e+07
2.857460000000000022e+01 9.859700000000000000e+06
2.827789999999999893e+01 3.710600000000000000e+06
2.827789999999999893e+01 6.523900000000000000e+06
2.865830000000000055e+01 4.614400000000000000e+06
2.840719999999999956e+01 4.114500000000000000e+06
2.852139999999999986e+01 4.442500000000000000e+06
2.871150000000000091e+01 5.489500000000000000e+06
2.853659999999999997e+01 6.650400000000000000e+06
2.909189999999999898e+01 5.420800000000000000e+06
2.876480000000000103e+01 8.929400000000000000e+06
2.808770000000000167e+01 1.032100000000000000e+07
2.794320000000000093e+01 1.223840000000000000e+07
2.821699999999999875e+01 4.463000000000000000e+06
2.843009999999999948e+01 4.665600000000000000e+06
2.925929999999999964e+01 4.490400000000000000e+06
2.950280000000000058e+01 7.260900000000000000e+06
2.937340000000000018e+01 8.096400000000000000e+06
2.905389999999999873e+01 8.292700000000000000e+06
2.858980000000000032e+01 1.329630000000000000e+07
2.782140000000000057e+01 7.570100000000000000e+06
2.683239999999999981e+01 4.859800000000000000e+06
2.694660000000000011e+01 7.473800000000000000e+06
2.727370000000000161e+01 6.032100000000000000e+06
2.757799999999999940e+01 1.385870000000000000e+07
2.770730000000000004e+01 9.872500000000000000e+06
2.825509999999999877e+01 5.738900000000000000e+06
2.830069999999999908e+01 7.284400000000000000e+06
2.836159999999999926e+01 6.348000000000000000e+06
2.828549999999999898e+01 9.527500000000000000e+06
2.791270000000000095e+01 1.072070000000000000e+07
2.809530000000000172e+01 1.084180000000000000e+07
2.838439999999999941e+01 8.838500000000000000e+06
2.806490000000000151e+01 7.140100000000000000e+06
2.860500000000000043e+01 8.934600000000000000e+06
2.849849999999999994e+01 1.132710000000000000e+07
2.875720000000000098e+01 1.098160000000000000e+07
2.770730000000000004e+01 1.580970000000000000e+07
2.839199999999999946e+01 1.784220000000000000e+07
2.770730000000000004e+01 1.442480000000000000e+07
2.703780000000000072e+01 1.651270000000000000e+07
2.632270000000000110e+01 1.304020000000000000e+07
2.593469999999999942e+01 1.158490000000000000e+07
2.575209999999999866e+01 1.119150000000000000e+07
2.556419999999999959e+01 1.565810000000000000e+07
2.548900000000000077e+01 1.880040000000000000e+07
2.534609999999999985e+01 1.786330000000000000e+07
2.591000000000000014e+01 1.789710000000000000e+07
2.585800000000000054e+01 2.137210000000000000e+07
2.618819999999999837e+01 1.673930000000000000e+07
2.640630000000000166e+01 1.376790000000000000e+07
