9.201999999999999602e+01 1.142732000000000000e+06
9.501000000000000512e+01 8.492330000000000000e+05
9.162000000000000455e+01 7.642590000000000000e+05
9.678000000000000114e+01 7.454140000000000000e+05
8.945000000000000284e+01 8.306910000000000000e+05
8.492000000000000171e+01 9.482050000000000000e+05
7.859999999999999432e+01 1.262438000000000000e+06
8.284000000000000341e+01 1.202658000000000000e+06
9.415999999999999659e+01 1.280893000000000000e+06
9.668000000000000682e+01 1.547183000000000000e+06
1.025999999999999943e+02 1.290274000000000000e+06
9.770999999999999375e+01 1.040026000000000000e+06
1.114449999999999932e+02 1.050315000000000000e+06
1.030524999999999949e+02 1.598772000000000000e+06
1.144052999999999969e+02 1.220102000000000000e+06
1.180035000000000025e+02 1.277683000000000000e+06
1.146246000000000009e+02 1.126938000000000000e+06
1.194089000000000027e+02 9.701210000000000000e+05
1.222496000000000009e+02 9.614700000000000000e+05
1.239441000000000059e+02 7.726260000000000000e+05
1.189504000000000019e+02 8.489020000000000000e+05
1.204655000000000058e+02 9.126960000000000000e+05
1.146145999999999958e+02 1.246511000000000000e+06
1.177942000000000036e+02 1.206851000000000000e+06
1.232562999999999960e+02 8.098580000000000000e+05
1.235952000000000055e+02 7.828880000000000000e+05
1.265356000000000023e+02 6.770590000000000000e+05
1.281603000000000065e+02 6.386940000000000000e+05
1.294260999999999910e+02 1.245913000000000000e+06
1.307318999999999960e+02 7.667100000000000000e+05
1.339214000000000055e+02 1.034855000000000000e+06
1.384465999999999894e+02 7.481330000000000000e+05
1.363832999999999913e+02 8.087900000000000000e+05
1.381177000000000135e+02 6.043030000000000000e+05
1.374398999999999944e+02 4.605980000000000000e+05
1.359347999999999956e+02 6.312650000000000000e+05
1.336024999999999920e+02 7.826160000000000000e+05
1.319778000000000020e+02 6.499120000000000000e+05
1.328448999999999955e+02 7.650300000000000000e+05
1.348085000000000093e+02 6.409720000000000000e+05
1.317485000000000070e+02 7.222620000000000000e+05
1.288978999999999928e+02 6.073530000000000000e+05
1.302334999999999923e+02 5.242290000000000000e+05
1.303930000000000007e+02 5.551670000000000000e+05
1.290175000000000125e+02 3.808460000000000000e+05
1.272532000000000068e+02 6.752930000000000000e+05
1.275822000000000003e+02 6.820830000000000000e+05
1.293762999999999863e+02 7.292110000000000000e+05
1.290274000000000001e+02 7.863240000000000000e+05
1.267249999999999943e+02 6.690310000000000000e+05
1.276320000000000050e+02 9.757120000000000000e+05
1.280904999999999916e+02 7.847170000000000000e+05
1.249108999999999980e+02 8.840940000000000000e+05
1.243128999999999991e+02 7.031090000000000000e+05
1.242430999999999983e+02 9.455970000000000000e+05
1.230271000000000043e+02 5.253300000000000000e+05
1.224689000000000050e+02 4.584740000000000000e+05
1.222496000000000009e+02 9.387030000000000000e+05
1.217313000000000045e+02 5.884120000000000000e+05
1.232065000000000055e+02 6.273730000000000000e+05
1.234356999999999971e+02 4.805090000000000000e+05
1.249806999999999988e+02 5.724230000000000000e+05
1.241334999999999980e+02 2.789210000000000000e+05
1.237147999999999968e+02 3.040660000000000000e+05
1.241833000000000027e+02 2.195440000000000000e+05
1.242330999999999932e+02 2.291160000000000000e+05
1.234656999999999982e+02 1.794880000000000000e+05
1.230170999999999992e+02 4.579570000000000000e+05
1.237946000000000026e+02 1.065173000000000000e+06
1.232763000000000062e+02 5.159860000000000000e+05
1.232065000000000055e+02 4.847130000000000000e+05
1.231268000000000029e+02 7.172340000000000000e+05
1.212629000000000019e+02 7.264010000000000000e+05
1.223370000000000033e+02 5.571330000000000000e+05
1.237890000000000015e+02 9.781380000000000000e+05
1.250023000000000053e+02 5.664870000000000000e+05
1.234110000000000014e+02 1.142115000000000000e+06
1.234110000000000014e+02 7.265730000000000000e+05
1.223170999999999964e+02 5.219020000000000000e+05
1.216307999999999936e+02 6.023160000000000000e+05
1.211235999999999962e+02 7.147540000000000000e+05
1.195224000000000046e+02 5.306230000000000000e+05
1.197014999999999958e+02 6.034790000000000000e+05
1.193733000000000004e+02 3.159660000000000000e+05
1.208949000000000069e+02 4.639440000000000000e+05
1.214916000000000054e+02 6.724020000000000000e+05
1.191544999999999987e+02 5.650260000000000000e+05
1.183986000000000018e+02 5.913180000000000000e+05
1.178714999999999975e+02 7.998840000000000000e+05
1.168571000000000026e+02 9.113720000000000000e+05
1.185576999999999970e+02 6.747310000000000000e+05
1.177621000000000038e+02 4.216740000000000000e+05
1.184681999999999960e+02 6.810200000000000000e+05
1.165488000000000000e+02 4.046970000000000000e+05
1.160814000000000021e+02 6.141710000000000000e+05
1.140724000000000018e+02 5.307430000000000000e+05
1.150271999999999935e+02 3.880620000000000000e+05
1.150172000000000025e+02 9.917680000000000000e+05
1.146393000000000058e+02 5.285580000000000000e+05
1.159420999999999964e+02 7.908930000000000000e+05
1.164592999999999989e+02 5.932950000000000000e+05
1.174836999999999989e+02 5.143770000000000000e+05
1.175433000000000021e+02 5.938640000000000000e+05
1.154051000000000045e+02 5.952890000000000000e+05
1.158725000000000023e+02 6.707170000000000000e+05
1.147984000000000009e+02 7.384250000000000000e+05
1.146889999999999930e+02 8.308910000000000000e+05
1.127099000000000046e+02 1.047002000000000000e+06
1.130381000000000000e+02 2.050453000000000000e+06
1.037989000000000033e+02 8.083460000000000000e+05
1.046740999999999957e+02 5.566120000000000000e+05
1.044552999999999940e+02 5.673060000000000000e+05
1.033812000000000069e+02 6.079810000000000000e+05
1.035602999999999980e+02 5.110640000000000000e+05
1.028442000000000007e+02 5.512430000000000000e+05
1.012330999999999932e+02 1.113353000000000000e+06
9.990040000000000475e+01 4.944510000000000000e+05
1.009048999999999978e+02 8.779070000000000000e+05
1.001490000000000009e+02 1.146488000000000000e+06
1.004872000000000014e+02 1.063565000000000000e+06
1.017700999999999993e+02 8.885650000000000000e+05
1.020186999999999955e+02 4.333640000000000000e+05
1.027546999999999997e+02 5.194580000000000000e+05
1.005468000000000046e+02 7.022740000000000000e+05
9.969150000000000489e+01 4.706250000000000000e+05
1.005468000000000046e+02 6.036640000000000000e+05
1.030828999999999951e+02 7.123520000000000000e+05
1.019391999999999996e+02 3.406430000000000000e+05
1.020982999999999947e+02 5.697840000000000000e+05
1.012926999999999964e+02 4.912140000000000000e+05
1.010341999999999985e+02 5.915970000000000000e+05
1.006064999999999969e+02 3.763290000000000000e+05
1.010143000000000058e+02 6.082230000000000000e+05
1.015712000000000046e+02 4.911050000000000000e+05
1.017502000000000066e+02 5.368880000000000000e+05
1.010043000000000006e+02 6.278900000000000000e+05
1.015712000000000046e+02 6.670060000000000000e+05
1.016805999999999983e+02 1.069589000000000000e+06
9.951819999999999311e+01 4.402200000000000000e+05
9.912149999999999750e+01 4.978060000000000000e+05
9.746500000000000341e+01 7.024570000000000000e+05
9.714759999999999707e+01 6.658830000000000000e+05
9.814939999999999998e+01 6.289680000000000000e+05
9.782210000000000605e+01 6.411010000000000000e+05
9.597709999999999297e+01 5.956740000000000000e+05
9.455870000000000175e+01 6.507270000000000000e+05
9.549110000000000298e+01 6.214550000000000000e+05
9.502490000000000236e+01 4.452620000000000000e+05
9.352710000000000434e+01 3.985710000000000000e+05
9.301130000000000564e+01 4.491520000000000000e+05
9.325929999999999609e+01 3.916130000000000000e+05
9.266410000000000480e+01 5.865110000000000000e+05
9.491580000000000439e+01 5.288950000000000000e+05
9.468760000000000332e+01 5.946720000000000000e+05
9.423139999999999361e+01 6.839390000000000000e+05
9.576879999999999882e+01 6.798410000000000000e+05
9.465789999999999793e+01 2.424621000000000000e+06
9.395359999999999445e+01 7.478640000000000000e+05
9.331879999999999598e+01 7.709050000000000000e+05
9.667149999999999466e+01 9.625650000000000000e+05
9.621519999999999584e+01 6.873060000000000000e+05
9.793120000000000402e+01 8.112970000000000000e+05
9.834780000000000655e+01 8.745510000000000000e+05
9.753440000000000509e+01 6.370170000000000000e+05
9.902230000000000132e+01 6.147440000000000000e+05
9.887350000000000705e+01 9.679970000000000000e+05
1.010061000000000035e+02 6.449530000000000000e+05
1.016508000000000038e+02 1.082127000000000000e+06
1.027022999999999939e+02 7.527870000000000000e+05
1.034264000000000010e+02 7.766600000000000000e+05
1.028610000000000042e+02 6.831380000000000000e+05
1.044082999999999970e+02 8.581100000000000000e+05
1.039620000000000033e+02 1.800551000000000000e+06
1.073443999999999932e+02 7.657740000000000000e+05
1.079495000000000005e+02 4.150770000000000000e+05
1.071460000000000008e+02 6.236710000000000000e+05
1.067194999999999965e+02 5.380800000000000000e+05
1.085545000000000044e+02 7.895380000000000000e+05
1.079394999999999953e+02 7.854950000000000000e+05
1.098837000000000046e+02 6.279330000000000000e+05
1.098637999999999977e+02 3.406130000000000000e+05
1.095464000000000055e+02 4.278440000000000000e+05
1.083859000000000066e+02 3.983390000000000000e+05
1.084355000000000047e+02 5.387990000000000000e+05
1.092785999999999973e+02 6.253730000000000000e+05
1.090901999999999958e+02 4.811360000000000000e+05
1.100919999999999987e+02 4.364940000000000000e+05
1.096158999999999963e+02 5.410360000000000000e+05
1.093679000000000059e+02 8.250730000000000000e+05
1.106176999999999992e+02 6.811210000000000000e+05
1.096555000000000035e+02 9.352840000000000000e+05
1.078898999999999972e+02 3.694690000000000000e+05
1.067194999999999965e+02 5.320970000000000000e+05
1.066997000000000071e+02 5.827700000000000000e+05
1.070170999999999992e+02 3.890500000000000000e+05
1.069675000000000011e+02 7.236280000000000000e+05
1.073841000000000037e+02 5.173660000000000000e+05
1.062930000000000064e+02 3.868410000000000000e+05
1.052911000000000001e+02 6.209930000000000000e+05
1.038032999999999930e+02 1.305148000000000000e+06
1.051621999999999986e+02 6.213270000000000000e+05
1.044578999999999951e+02 5.716960000000000000e+05
1.034290000000000020e+02 4.969800000000000000e+05
1.038841000000000037e+02 5.344080000000000000e+05
1.044184000000000054e+02 4.062930000000000000e+05
1.030331999999999937e+02 4.457200000000000000e+05
1.025978999999999957e+02 5.064920000000000000e+05
1.022121000000000066e+02 5.911540000000000000e+05
9.935280000000000200e+01 1.563930000000000000e+06
9.854149999999999920e+01 6.778920000000000000e+05
9.601860000000000639e+01 1.586408000000000000e+06
9.842279999999999518e+01 5.278530000000000000e+05
9.675069999999999482e+01 6.147600000000000000e+05
9.776980000000000359e+01 1.182912000000000000e+06
9.822490000000000521e+01 9.347670000000000000e+05
9.804680000000000462e+01 8.392970000000000000e+05
9.886799999999999500e+01 1.192475000000000000e+06
1.004014999999999986e+02 6.006500000000000000e+05
9.891750000000000398e+01 8.177550000000000000e+05
9.940219999999999345e+01 2.120032000000000000e+06
1.007874000000000052e+02 1.094852000000000000e+06
9.936270000000000380e+01 1.189486000000000000e+06
9.834359999999999502e+01 8.292900000000000000e+05
9.801709999999999923e+01 1.131315000000000000e+06
9.921429999999999438e+01 7.583730000000000000e+05
9.903619999999999379e+01 8.612230000000000000e+05
9.856130000000000280e+01 9.723990000000000000e+05
9.830400000000000205e+01 1.031105000000000000e+06
1.001542000000000030e+02 6.299490000000000000e+05
1.011039999999999992e+02 6.752440000000000000e+05
9.786870000000000402e+01 7.387060000000000000e+05
9.798739999999999384e+01 6.194560000000000000e+05
9.817539999999999623e+01 5.894390000000000000e+05
9.736409999999999343e+01 5.922020000000000000e+05
9.726519999999999300e+01 5.530950000000000000e+05
9.553379999999999939e+01 1.548361000000000000e+06
9.448510000000000275e+01 9.332050000000000000e+05
9.496989999999999554e+01 5.269140000000000000e+05
9.296139999999999759e+01 9.487340000000000000e+05
9.275369999999999493e+01 1.373453000000000000e+06
9.290210000000000434e+01 1.088385000000000000e+06
9.290210000000000434e+01 1.047012000000000000e+06
9.307030000000000314e+01 4.620560000000000000e+05
9.356499999999999773e+01 4.381760000000000000e+05
9.277349999999999852e+01 4.610060000000000000e+05
9.233809999999999718e+01 7.863080000000000000e+05
9.249639999999999418e+01 7.246860000000000000e+05
9.339679999999999893e+01 4.423230000000000000e+05
9.391119999999999379e+01 7.460490000000000000e+05
9.311969999999999459e+01 5.809730000000000000e+05
9.249639999999999418e+01 7.480580000000000000e+05
9.143779999999999575e+01 5.192760000000000000e+05
9.165550000000000352e+01 6.669120000000000000e+05
8.974599999999999511e+01 8.273680000000000000e+05
8.886539999999999395e+01 6.098150000000000000e+05
8.726260000000000616e+01 3.969990000000000000e+05
8.748029999999999973e+01 4.579920000000000000e+05
8.652060000000000173e+01 3.590320000000000000e+05
8.629309999999999548e+01 7.045710000000000000e+05
8.795520000000000493e+01 4.808030000000000000e+05
8.680750000000000455e+01 9.742170000000000000e+05
8.776720000000000255e+01 7.438150000000000000e+05
8.795520000000000493e+01 7.457530000000000000e+05
8.747039999999999793e+01 1.411655000000000000e+06
8.782659999999999911e+01 6.257770000000000000e+05
8.841840000000000543e+01 6.563870000000000000e+05
8.759969999999999857e+01 5.975090000000000000e+05
8.737290000000000134e+01 5.184410000000000000e+05
8.678100000000000591e+01 4.500230000000000000e+05
8.677119999999999322e+01 6.199510000000000000e+05
8.822110000000000696e+01 7.309640000000000000e+05
8.871429999999999438e+01 6.747020000000000000e+05
8.896089999999999520e+01 6.180570000000000000e+05
8.995720000000000027e+01 7.323810000000000000e+05
8.873409999999999798e+01 7.207130000000000000e+05
8.919759999999999422e+01 6.403420000000000000e+05
8.743200000000000216e+01 6.340450000000000000e+05
8.749120000000000630e+01 7.339640000000000000e+05
8.847759999999999536e+01 7.997740000000000000e+05
8.702760000000000673e+01 7.699900000000000000e+05
8.675140000000000384e+01 1.271196000000000000e+06
8.682049999999999557e+01 2.002116000000000000e+06
9.031229999999999336e+01 2.165961000000000000e+06
9.043059999999999832e+01 1.042416000000000000e+06
9.249209999999999354e+01 5.939810000000000000e+05
9.177209999999999468e+01 5.404240000000000000e+05
9.026290000000000191e+01 4.451230000000000000e+05
9.014459999999999695e+01 6.962120000000000000e+05
8.950339999999999918e+01 5.410300000000000000e+05
8.841840000000000543e+01 7.356850000000000000e+05
8.788580000000000325e+01 6.882690000000000000e+05
8.609059999999999491e+01 4.206260000000000000e+05
8.556780000000000541e+01 6.502940000000000000e+05
8.468989999999999441e+01 7.231070000000000000e+05
8.473919999999999675e+01 3.532730000000000000e+05
8.387120000000000175e+01 4.132860000000000000e+05
8.313150000000000261e+01 4.025050000000000000e+05
8.304269999999999641e+01 5.698530000000000000e+05
8.186889999999999645e+01 4.222520000000000000e+05
8.130670000000000641e+01 5.261790000000000000e+05
8.106010000000000559e+01 5.185780000000000000e+05
8.237199999999999989e+01 8.135480000000000000e+05
8.064579999999999416e+01 6.635840000000000000e+05
7.990600000000000591e+01 7.108330000000000000e+05
8.063590000000000657e+01 6.112520000000000000e+05
8.065569999999999595e+01 5.551260000000000000e+05
8.095159999999999911e+01 4.358190000000000000e+05
8.107980000000000587e+01 7.930010000000000000e+05
8.122780000000000200e+01 5.898640000000000000e+05
8.033020000000000493e+01 8.535080000000000000e+05
7.923529999999999518e+01 6.108560000000000000e+05
7.841660000000000252e+01 1.036403000000000000e+06
7.859409999999999741e+01 1.050775000000000000e+06
7.994549999999999557e+01 8.642500000000000000e+05
7.862369999999999948e+01 4.316180000000000000e+05
7.747950000000000159e+01 7.326650000000000000e+05
7.821930000000000405e+01 6.136700000000000000e+05
7.753870000000000573e+01 8.200390000000000000e+05
7.438230000000000075e+01 5.458030000000000000e+05
7.746970000000000312e+01 1.130234000000000000e+06
7.931419999999999959e+01 8.758410000000000000e+05
8.086279999999999291e+01 1.667180000000000000e+06
8.316110000000000468e+01 7.951140000000000000e+05
8.252979999999999450e+01 6.532200000000000000e+05
8.517329999999999757e+01 6.389010000000000000e+05
8.603919999999999391e+01 5.719320000000000000e+05
8.643269999999999698e+01 4.480000000000000000e+05
8.591119999999999379e+01 6.838020000000000000e+05
8.583249999999999602e+01 6.942250000000000000e+05
8.724939999999999429e+01 5.470230000000000000e+05
8.830230000000000246e+01 7.541120000000000000e+05
8.883369999999999322e+01 6.357820000000000000e+05
9.160850000000000648e+01 1.080289000000000000e+06
9.012269999999999470e+01 1.124536000000000000e+06
9.028010000000000446e+01 7.401110000000000000e+05
9.072289999999999566e+01 7.836810000000000000e+05
8.880410000000000537e+01 6.252600000000000000e+05
8.833180000000000121e+01 9.723070000000000000e+05
8.768240000000000123e+01 2.836170000000000000e+05
8.836129999999999995e+01 3.521650000000000000e+05
8.732819999999999538e+01 5.951930000000000000e+05
8.800709999999999411e+01 7.053940000000000000e+05
8.783979999999999677e+01 5.587210000000000000e+05
8.704279999999999973e+01 7.928340000000000000e+05
8.571439999999999770e+01 6.823970000000000000e+05
8.744620000000000459e+01 6.642760000000000000e+05
8.717069999999999652e+01 3.510800000000000000e+05
8.795789999999999509e+01 5.051830000000000000e+05
8.897140000000000271e+01 4.355510000000000000e+05
8.833180000000000121e+01 4.802140000000000000e+05
8.768240000000000123e+01 3.196630000000000000e+05
8.718059999999999832e+01 6.282140000000000000e+05
8.672790000000000532e+01 6.892250000000000000e+05
8.600960000000000605e+01 1.096559000000000000e+06
8.435649999999999693e+01 7.127820000000000000e+05
8.324469999999999459e+01 7.961250000000000000e+05
8.036159999999999570e+01 1.018786000000000000e+06
8.138490000000000180e+01 1.134594000000000000e+06
8.161119999999999663e+01 1.569682000000000000e+06
7.846250000000000568e+01 1.210491000000000000e+06
8.142430000000000234e+01 1.097392000000000000e+06
8.020420000000000016e+01 6.206400000000000000e+05
8.047969999999999402e+01 4.775460000000000000e+05
8.138490000000000180e+01 5.320030000000000000e+05
8.282150000000000034e+01 4.081800000000000000e+05
8.386459999999999582e+01 4.010440000000000000e+05
8.248699999999999477e+01 4.021550000000000000e+05
8.242789999999999395e+01 6.964390000000000000e+05
8.143410000000000082e+01 7.564520000000000000e+05
8.320529999999999404e+01 8.714520000000000000e+05
8.621630000000000393e+01 8.829200000000000000e+05
8.695430000000000348e+01 7.642900000000000000e+05
8.811530000000000484e+01 3.951090000000000000e+05
8.874509999999999366e+01 3.465660000000000000e+05
8.975860000000000127e+01 5.444220000000000000e+05
8.985699999999999932e+01 5.098220000000000000e+05
8.967990000000000350e+01 7.830460000000000000e+05
8.911899999999999977e+01 5.168340000000000000e+05
8.854829999999999757e+01 4.792360000000000000e+05
8.809569999999999368e+01 3.472690000000000000e+05
8.770210000000000150e+01 3.812000000000000000e+05
8.795789999999999509e+01 3.552880000000000000e+05
8.862699999999999534e+01 1.112561000000000000e+06
8.945359999999999445e+01 6.916550000000000000e+05
8.912879999999999825e+01 4.721310000000000000e+05
8.892220000000000368e+01 5.999230000000000000e+05
8.746590000000000487e+01 7.440700000000000000e+05
8.641310000000000002e+01 7.580230000000000000e+05
8.769899999999999807e+01 4.718250000000000000e+05
8.809170000000000300e+01 4.217020000000000000e+05
8.805240000000000578e+01 4.884190000000000000e+05
8.815059999999999718e+01 4.954970000000000000e+05
8.708060000000000400e+01 3.417800000000000000e+05
8.729649999999999466e+01 4.615230000000000000e+05
8.756159999999999854e+01 4.357420000000000000e+05
8.554919999999999902e+01 5.659240000000000000e+05
8.561790000000000589e+01 6.443790000000000000e+05
8.568670000000000186e+01 7.780760000000000000e+05
8.536270000000000380e+01 5.056520000000000000e+05
8.610880000000000223e+01 3.326970000000000000e+05
8.607930000000000348e+01 3.106850000000000000e+05
8.566700000000000159e+01 3.800540000000000000e+05
8.485229999999999961e+01 4.109020000000000000e+05
8.550010000000000332e+01 3.604710000000000000e+05
8.617749999999999488e+01 5.011230000000000000e+05
8.536270000000000380e+01 5.456880000000000000e+05
8.510750000000000171e+01 4.856090000000000000e+05
8.386079999999999757e+01 8.185600000000000000e+05
8.373319999999999652e+01 1.028278000000000000e+06
8.174049999999999727e+01 3.919580000000000000e+05
8.022880000000000678e+01 5.318410000000000000e+05
8.029749999999999943e+01 4.605600000000000000e+05
8.104349999999999454e+01 6.086120000000000000e+05
8.100430000000000064e+01 4.859520000000000000e+05
8.157359999999999900e+01 4.809040000000000000e+05
8.105339999999999634e+01 4.595040000000000000e+05
8.021899999999999409e+01 3.015530000000000000e+05
7.970850000000000080e+01 3.485520000000000000e+05
7.939440000000000452e+01 5.797960000000000000e+05
8.004229999999999734e+01 6.655910000000000000e+05
7.944350000000000023e+01 7.956110000000000000e+05
8.010120000000000573e+01 1.123089000000000000e+06
7.998340000000000316e+01 1.136768000000000000e+06
7.861889999999999645e+01 1.089775000000000000e+06
7.835389999999999588e+01 1.328715000000000000e+06
7.726430000000000575e+01 4.835520000000000000e+05
7.802989999999999782e+01 6.091740000000000000e+05
7.723480000000000700e+01 9.094960000000000000e+05
7.777469999999999573e+01 5.883660000000000000e+05
7.860909999999999798e+01 5.163740000000000000e+05
7.778449999999999420e+01 6.854750000000000000e+05
7.824590000000000600e+01 5.465170000000000000e+05
7.762749999999999773e+01 4.345100000000000000e+05
7.647889999999999588e+01 3.050000000000000000e+05
7.691089999999999804e+01 5.943500000000000000e+05
7.650839999999999463e+01 6.604170000000000000e+05
7.544819999999999993e+01 1.010242000000000000e+06
7.644950000000000045e+01 5.283840000000000000e+05
7.560529999999999973e+01 2.337890000000000000e+05
7.620409999999999684e+01 4.667320000000000000e+05
7.593909999999999627e+01 6.695900000000000000e+05
7.576239999999999952e+01 7.346620000000000000e+05
7.596850000000000591e+01 1.331556000000000000e+06
7.492799999999999727e+01 7.197930000000000000e+05
7.497709999999999297e+01 7.938720000000000000e+05
7.626300000000000523e+01 7.868740000000000000e+05
7.644950000000000045e+01 6.639180000000000000e+05
7.853060000000000684e+01 6.357500000000000000e+05
7.869740000000000180e+01 6.216400000000000000e+05
7.998340000000000316e+01 6.732110000000000000e+05
8.056250000000000000e+01 1.195237000000000000e+06
8.028770000000000095e+01 5.998810000000000000e+05
7.921070000000000277e+01 9.342540000000000000e+05
8.045409999999999684e+01 6.053240000000000000e+05
7.956310000000000571e+01 8.138020000000000000e+05
7.942610000000000525e+01 8.849230000000000000e+05
7.853509999999999991e+01 3.999460000000000000e+05
7.757550000000000523e+01 3.566080000000000000e+05
7.751680000000000348e+01 5.559020000000000000e+05
7.668449999999999989e+01 4.909010000000000000e+05
7.626349999999999341e+01 7.256440000000000000e+05
7.483400000000000318e+01 7.194110000000000000e+05
7.755589999999999407e+01 6.041940000000000000e+05
7.663559999999999661e+01 9.905220000000000000e+05
7.714470000000000027e+01 6.378250000000000000e+05
7.760490000000000066e+01 7.596410000000000000e+05
7.756570000000000675e+01 1.059126000000000000e+06
7.702719999999999345e+01 1.015601000000000000e+06
7.713490000000000180e+01 5.771900000000000000e+05
7.673350000000000648e+01 1.382689000000000000e+06
7.526479999999999393e+01 5.692320000000000000e+05
7.541169999999999618e+01 4.034390000000000000e+05
7.486339999999999861e+01 5.452510000000000000e+05
7.524519999999999698e+01 6.773640000000000000e+05
7.566620000000000346e+01 4.808010000000000000e+05
7.569559999999999889e+01 4.409770000000000000e+05
7.468710000000000093e+01 1.018774000000000000e+06
7.430530000000000257e+01 9.272490000000000000e+05
7.415840000000000032e+01 9.393570000000000000e+05
7.455979999999999563e+01 1.095932000000000000e+06
7.325759999999999650e+01 1.348283000000000000e+06
7.355129999999999768e+01 2.406526000000000000e+06
7.552920000000000300e+01 1.534407000000000000e+06
7.556829999999999359e+01 1.947671000000000000e+06
7.620480000000000587e+01 1.842596000000000000e+06
7.694889999999999475e+01 4.987435000000000000e+06
8.129619999999999891e+01 1.287416000000000000e+06
8.043449999999999989e+01 9.169610000000000000e+05
8.275509999999999877e+01 5.604320000000000000e+05
8.298029999999999973e+01 5.870220000000000000e+05
8.360689999999999600e+01 5.515040000000000000e+05
8.469370000000000687e+01 5.787390000000000000e+05
8.383209999999999695e+01 8.013880000000000000e+05
8.358729999999999905e+01 6.276430000000000000e+05
8.279420000000000357e+01 3.353170000000000000e+05
8.352859999999999729e+01 5.873750000000000000e+05
8.277460000000000662e+01 4.531930000000000000e+05
8.345019999999999527e+01 6.517290000000000000e+05
8.277460000000000662e+01 3.343930000000000000e+05
8.298029999999999973e+01 5.678460000000000000e+05
8.414539999999999509e+01 9.909010000000000000e+05
8.394960000000000377e+01 9.716920000000000000e+05
8.282359999999999900e+01 6.233050000000000000e+05
8.150180000000000291e+01 5.307390000000000000e+05
8.350900000000000034e+01 8.071140000000000000e+05
8.139409999999999457e+01 7.178680000000000000e+05
8.224590000000000600e+01 8.058330000000000000e+05
8.279420000000000357e+01 7.623660000000000000e+05
8.122759999999999536e+01 7.727130000000000000e+05
8.283339999999999748e+01 6.866450000000000000e+05
8.414539999999999509e+01 3.500070000000000000e+05
8.384189999999999543e+01 3.713820000000000000e+05
8.346980000000000643e+01 4.079970000000000000e+05
8.408669999999999334e+01 6.547120000000000000e+05
8.369499999999999318e+01 3.138520000000000000e+05
8.357750000000000057e+01 2.942850000000000000e+05
8.408540000000000703e+01 6.431610000000000000e+05
8.536490000000000578e+01 6.217840000000000000e+05
8.517929999999999779e+01 7.055290000000000000e+05
8.278640000000000043e+01 5.263800000000000000e+05
8.197570000000000334e+01 4.504790000000000000e+05
8.196590000000000487e+01 7.068070000000000000e+05
8.107710000000000150e+01 5.597380000000000000e+05
8.031529999999999347e+01 6.300850000000000000e+05
8.015900000000000603e+01 9.574120000000000000e+05
8.215149999999999864e+01 1.141028000000000000e+06
8.494490000000000407e+01 1.218550000000000000e+06
8.580440000000000111e+01 1.002809000000000000e+06
8.416349999999999909e+01 7.947500000000000000e+05
8.403660000000000707e+01 1.061858000000000000e+06
8.470069999999999766e+01 1.168828000000000000e+06
8.366540000000000532e+01 1.653573000000000000e+06
8.079389999999999361e+01 6.920730000000000000e+05
8.034459999999999980e+01 6.854530000000000000e+05
7.810790000000000077e+01 1.074414000000000000e+06
7.779540000000000077e+01 6.230740000000000000e+05
7.789300000000000068e+01 1.009942000000000000e+06
7.666240000000000521e+01 1.265758000000000000e+06
7.551959999999999695e+01 8.854410000000000000e+05
7.809810000000000230e+01 5.783420000000000000e+05
7.824469999999999459e+01 1.131370000000000000e+06
7.726789999999999736e+01 9.282620000000000000e+05
7.994410000000000593e+01 8.957310000000000000e+05
8.318680000000000518e+01 5.285430000000000000e+05
8.410490000000000066e+01 8.982240000000000000e+05
8.345050000000000523e+01 5.240110000000000000e+05
8.466169999999999618e+01 5.822730000000000000e+05
8.435890000000000555e+01 5.858720000000000000e+05
8.336260000000000048e+01 3.454380000000000000e+05
8.358729999999999905e+01 4.825600000000000000e+05
8.336260000000000048e+01 6.710170000000000000e+05
8.380219999999999914e+01 4.733860000000000000e+05
8.422209999999999752e+01 8.793720000000000000e+05
8.209290000000000020e+01 5.426110000000000000e+05
8.224920000000000186e+01 7.409450000000000000e+05
8.211239999999999384e+01 6.497050000000000000e+05
8.305989999999999895e+01 9.042050000000000000e+05
8.241519999999999868e+01 9.879160000000000000e+05
8.067669999999999675e+01 8.514860000000000000e+05
8.099899999999999523e+01 9.255450000000000000e+05
7.934829999999999472e+01 5.390800000000000000e+05
7.967069999999999652e+01 8.486790000000000000e+05
7.947530000000000427e+01 1.210696000000000000e+06
7.838139999999999930e+01 1.117391000000000000e+06
7.804930000000000234e+01 6.422710000000000000e+05
7.770749999999999602e+01 6.617160000000000000e+05
7.770749999999999602e+01 1.124102000000000000e+06
7.813720000000000709e+01 4.728010000000000000e+05
7.851810000000000400e+01 2.514290000000000000e+05
7.846930000000000405e+01 3.479240000000000000e+05
7.911390000000000100e+01 6.013690000000000000e+05
7.911390000000000100e+01 9.766840000000000000e+05
7.820560000000000400e+01 1.188214000000000000e+06
8.063760000000000616e+01 8.194520000000000000e+05
8.036409999999999343e+01 1.233008000000000000e+06
7.962330000000000041e+01 5.860070000000000000e+05
8.055910000000000082e+01 7.212650000000000000e+05
8.008140000000000214e+01 4.164790000000000000e+05
8.010089999999999577e+01 6.598970000000000000e+05
8.038360000000000127e+01 5.604250000000000000e+05
8.101730000000000587e+01 6.435370000000000000e+05
7.973050000000000637e+01 4.936050000000000000e+05
7.993519999999999470e+01 5.379180000000000000e+05
8.132920000000000016e+01 7.663310000000000000e+05
8.245019999999999527e+01 8.626920000000000000e+05
8.202129999999999654e+01 9.704360000000000000e+05
8.085150000000000148e+01 7.461380000000000000e+05
8.123170000000000357e+01 6.501380000000000000e+05
8.100749999999999318e+01 7.205830000000000000e+05
8.083199999999999363e+01 1.964790000000000000e+05
8.106600000000000250e+01 3.915460000000000000e+05
8.129999999999999716e+01 4.443580000000000000e+05
8.114400000000000546e+01 3.381080000000000000e+05
8.056879999999999598e+01 5.055350000000000000e+05
8.033490000000000464e+01 3.347340000000000000e+05
7.996439999999999770e+01 4.731310000000000000e+05
8.081250000000000000e+01 8.424320000000000000e+05
8.182640000000000668e+01 8.401370000000000000e+05
8.103679999999999950e+01 5.651870000000000000e+05
8.001319999999999766e+01 4.294990000000000000e+05
8.132920000000000016e+01 3.887360000000000000e+05
8.142669999999999675e+01 8.513220000000000000e+05
8.099779999999999802e+01 7.157460000000000000e+05
7.995470000000000255e+01 8.961320000000000000e+05
8.015940000000000509e+01 8.525510000000000000e+05
8.064679999999999893e+01 7.006030000000000000e+05
8.129019999999999868e+01 1.405867000000000000e+06
7.990600000000000591e+01 1.269017000000000000e+06
7.826829999999999643e+01 1.919711000000000000e+06
7.866790000000000305e+01 5.528410000000000000e+05
8.432189999999999941e+01 8.378290000000000000e+05
8.625199999999999534e+01 6.173820000000000000e+05
8.511150000000000659e+01 3.794980000000000000e+05
8.580360000000000298e+01 5.461940000000000000e+05
8.553069999999999595e+01 4.228070000000000000e+05
8.539419999999999789e+01 5.690650000000000000e+05
8.480929999999999325e+01 7.670730000000000000e+05
8.592059999999999320e+01 3.496890000000000000e+05
8.607659999999999911e+01 3.805310000000000000e+05
8.730480000000000018e+01 9.135080000000000000e+05
8.593030000000000257e+01 7.437820000000000000e+05
8.559890000000000043e+01 4.159040000000000000e+05
8.541370000000000573e+01 2.979130000000000000e+05
8.499450000000000216e+01 7.167810000000000000e+05
8.487749999999999773e+01 6.939980000000000000e+05
8.454609999999999559e+01 8.285090000000000000e+05
8.526749999999999829e+01 5.292700000000000000e+05
8.435110000000000241e+01 5.186070000000000000e+05
8.429259999999999309e+01 4.907320000000000000e+05
8.360049999999999670e+01 5.834940000000000000e+05
8.318139999999999645e+01 7.465740000000000000e+05
8.320080000000000098e+01 5.129910000000000000e+05
8.237229999999999563e+01 4.338330000000000000e+05
8.242100000000000648e+01 8.889150000000000000e+05
8.136820000000000164e+01 4.650260000000000000e+05
8.146569999999999823e+01 1.015487000000000000e+06
8.076380000000000337e+01 6.752510000000000000e+05
8.056879999999999598e+01 5.081030000000000000e+05
8.068580000000000041e+01 9.789280000000000000e+05
8.038420000000000698e+01 7.842070000000000000e+05
7.959610000000000696e+01 5.861270000000000000e+05
7.880800000000000693e+01 6.605090000000000000e+05
7.887609999999999388e+01 7.593130000000000000e+05
7.862319999999999709e+01 5.125430000000000000e+05
7.804919999999999902e+01 3.937190000000000000e+05
7.808809999999999718e+01 6.028900000000000000e+05
7.725130000000000052e+01 6.397510000000000000e+05
7.700809999999999889e+01 5.177960000000000000e+05
7.657999999999999829e+01 4.880280000000000000e+05
7.618110000000000070e+01 2.923000000000000000e+05
7.566549999999999443e+01 2.718940000000000000e+05
7.593789999999999907e+01 4.235400000000000000e+05
7.551949999999999363e+01 3.767780000000000000e+05
7.506220000000000425e+01 3.590510000000000000e+05
7.500390000000000157e+01 6.104280000000000000e+05
7.596710000000000207e+01 5.076290000000000000e+05
7.538330000000000553e+01 3.825270000000000000e+05
7.605459999999999354e+01 3.266690000000000000e+05
7.669679999999999609e+01 4.927030000000000000e+05
7.714430000000000121e+01 4.020020000000000000e+05
7.681350000000000477e+01 2.702210000000000000e+05
7.731940000000000168e+01 4.203970000000000000e+05
7.713460000000000605e+01 3.541380000000000000e+05
7.678430000000000177e+01 4.598630000000000000e+05
7.840909999999999513e+01 3.539560000000000000e+05
7.916800000000000637e+01 4.686180000000000000e+05
7.977129999999999654e+01 3.213870000000000000e+05
7.911939999999999884e+01 3.438850000000000000e+05
7.857450000000000045e+01 3.721770000000000000e+05
7.866209999999999525e+01 5.216610000000000000e+05
7.911939999999999884e+01 8.785410000000000000e+05
7.904149999999999920e+01 6.123970000000000000e+05
7.919719999999999516e+01 7.361030000000000000e+05
7.900260000000000105e+01 1.371760000000000000e+06
7.636599999999999966e+01 8.533690000000000000e+05
7.695950000000000557e+01 6.807390000000000000e+05
7.813670000000000471e+01 2.860140000000000000e+05
7.823399999999999466e+01 3.991320000000000000e+05
7.889560000000000173e+01 5.139530000000000000e+05
7.851619999999999777e+01 3.030190000000000000e+05
7.841889999999999361e+01 3.742680000000000000e+05
7.864260000000000161e+01 2.958200000000000000e+05
7.858429999999999893e+01 4.168100000000000000e+05
7.860370000000000346e+01 5.414890000000000000e+05
7.977129999999999654e+01 3.746980000000000000e+05
7.926529999999999632e+01 3.545310000000000000e+05
7.932370000000000232e+01 4.714540000000000000e+05
7.902209999999999468e+01 4.011480000000000000e+05
7.847719999999999629e+01 4.239940000000000000e+05
7.991719999999999402e+01 4.165910000000000000e+05
7.916800000000000637e+01 2.171950000000000000e+05
7.892480000000000473e+01 4.546170000000000000e+05
7.765999999999999659e+01 5.427180000000000000e+05
7.904149999999999920e+01 2.645750000000000000e+05
7.840909999999999513e+01 4.560140000000000000e+05
7.920690000000000452e+01 2.367990000000000000e+05
7.924590000000000600e+01 5.734350000000000000e+05
7.899290000000000589e+01 2.987760000000000000e+05
7.930419999999999447e+01 4.377960000000000000e+05
7.969339999999999691e+01 5.204830000000000000e+05
7.994639999999999702e+01 4.019630000000000000e+05
7.937229999999999563e+01 8.224170000000000000e+05
7.856480000000000530e+01 6.007010000000000000e+05
7.759189999999999543e+01 5.630660000000000000e+05
7.713460000000000605e+01 6.113730000000000000e+05
7.617329999999999757e+01 1.033298000000000000e+06
7.498869999999999436e+01 7.568760000000000000e+05
7.539650000000000318e+01 7.230640000000000000e+05
7.605679999999999552e+01 5.115420000000000000e+05
7.626069999999999993e+01 5.103680000000000000e+05
7.767829999999999302e+01 4.985560000000000000e+05
7.773659999999999570e+01 7.036720000000000000e+05
7.684329999999999927e+01 9.071700000000000000e+05
7.634810000000000230e+01 3.792394000000000000e+06
7.618300000000000693e+01 8.553380000000000000e+05
7.707630000000000337e+01 6.556840000000000000e+05
7.715399999999999636e+01 6.454760000000000000e+05
7.675589999999999691e+01 7.020430000000000000e+05
7.661029999999999518e+01 8.238100000000000000e+05
7.715399999999999636e+01 7.987830000000000000e+05
7.676560000000000628e+01 1.065031000000000000e+06
7.507609999999999673e+01 6.536250000000000000e+05
7.477509999999999479e+01 1.008950000000000000e+06
7.620239999999999725e+01 1.238591000000000000e+06
7.499840000000000373e+01 5.824000000000000000e+05
7.450320000000000675e+01 4.125190000000000000e+05
7.504699999999999704e+01 8.983460000000000000e+05
7.460030000000000427e+01 6.131980000000000000e+05
7.474599999999999511e+01 4.379590000000000000e+05
7.457120000000000459e+01 5.732890000000000000e+05
7.525090000000000146e+01 8.081960000000000000e+05
7.510519999999999641e+01 9.196620000000000000e+05
7.503730000000000189e+01 8.287940000000000000e+05
7.536740000000000350e+01 6.981290000000000000e+05
7.544509999999999650e+01 7.164790000000000000e+05
7.635779999999999745e+01 1.349320000000000000e+06
7.828029999999999688e+01 1.601795000000000000e+06
7.740649999999999409e+01 1.521210000000000000e+06
7.646460000000000434e+01 3.704740000000000000e+05
7.596939999999999316e+01 7.118000000000000000e+05
7.564900000000000091e+01 7.507920000000000000e+05
7.546450000000000102e+01 4.172350000000000000e+05
7.460030000000000427e+01 6.662670000000000000e+05
7.373619999999999663e+01 4.183770000000000000e+05
7.401770000000000493e+01 4.143370000000000000e+05
7.293019999999999925e+01 9.261200000000000000e+05
7.305649999999999977e+01 8.243630000000000000e+05
7.310500000000000398e+01 7.613550000000000000e+05
7.245449999999999591e+01 4.509900000000000000e+05
7.252240000000000464e+01 3.844470000000000000e+05
7.253209999999999980e+01 5.563630000000000000e+05
7.197870000000000346e+01 1.267465000000000000e+06
7.272629999999999484e+01 5.132470000000000000e+05
7.352249999999999375e+01 6.547820000000000000e+05
7.350310000000000343e+01 5.922990000000000000e+05
7.365850000000000364e+01 4.509670000000000000e+05
7.322150000000000603e+01 3.943800000000000000e+05
7.293999999999999773e+01 2.718740000000000000e+05
7.271659999999999968e+01 6.963110000000000000e+05
7.287199999999999989e+01 4.227060000000000000e+05
7.268750000000000000e+01 4.106770000000000000e+05
7.260009999999999764e+01 4.728890000000000000e+05
7.211459999999999582e+01 7.093770000000000000e+05
7.304680000000000462e+01 5.304210000000000000e+05
7.328950000000000387e+01 8.294540000000000000e+05
7.296909999999999741e+01 4.592990000000000000e+05
7.274580000000000268e+01 5.211680000000000000e+05
7.221169999999999334e+01 5.066180000000000000e+05
7.259040000000000248e+01 6.683530000000000000e+05
7.215439999999999543e+01 6.926080000000000000e+05
7.117579999999999529e+01 6.762930000000000000e+05
7.083669999999999334e+01 1.073897000000000000e+06
7.059449999999999648e+01 6.751490000000000000e+05
7.093359999999999843e+01 1.106870000000000000e+06
7.152460000000000662e+01 9.619970000000000000e+05
7.166030000000000655e+01 5.571570000000000000e+05
7.139870000000000516e+01 5.681280000000000000e+05
7.033289999999999509e+01 7.691730000000000000e+05
7.131149999999999523e+01 5.681990000000000000e+05
7.165059999999999718e+01 5.051950000000000000e+05
7.165059999999999718e+01 5.416900000000000000e+05
7.175709999999999411e+01 6.317250000000000000e+05
7.219320000000000448e+01 1.120417000000000000e+06
7.099169999999999447e+01 8.650000000000000000e+05
7.066230000000000189e+01 1.067254000000000000e+06
6.959650000000000603e+01 1.138203000000000000e+06
6.886979999999999791e+01 6.955070000000000000e+05
6.922830000000000439e+01 5.621130000000000000e+05
6.968370000000000175e+01 1.099345000000000000e+06
6.949960000000000093e+01 2.487128000000000000e+06
6.549800000000000466e+01 9.227130000000000000e+05
6.493609999999999616e+01 8.730050000000000000e+05
6.524609999999999843e+01 6.266280000000000000e+05
6.523640000000000327e+01 9.504610000000000000e+05
6.357959999999999923e+01 9.921190000000000000e+05
6.388960000000000150e+01 6.853550000000000000e+05
6.362800000000000011e+01 5.943670000000000000e+05
6.379270000000000351e+01 7.092940000000000000e+05
6.445159999999999911e+01 4.507050000000000000e+05
6.389929999999999666e+01 8.085210000000000000e+05
6.452909999999999968e+01 8.359920000000000000e+05
6.435469999999999402e+01 7.596370000000000000e+05
6.304670000000000130e+01 8.298090000000000000e+05
6.313389999999999702e+01 1.013005000000000000e+06
6.450969999999999516e+01 7.200460000000000000e+05
6.441280000000000427e+01 6.015130000000000000e+05
6.382180000000000319e+01 6.537230000000000000e+05
6.346329999999999671e+01 5.090480000000000000e+05
6.406399999999999295e+01 7.377080000000000000e+05
6.365709999999999980e+01 8.931600000000000000e+05
6.249439999999999884e+01 1.806109000000000000e+06
6.338580000000000325e+01 8.506150000000000000e+05
6.384120000000000061e+01 1.238658000000000000e+06
6.422880000000000678e+01 8.088660000000000000e+05
6.387989999999999924e+01 9.595600000000000000e+05
6.268820000000000192e+01 6.897930000000000000e+05
6.200999999999999801e+01 5.018150000000000000e+05
6.275600000000000023e+01 3.321740000000000000e+05
6.278509999999999991e+01 3.616290000000000000e+05
6.350209999999999866e+01 1.735770000000000000e+05
6.335669999999999646e+01 2.660830000000000000e+05
6.322109999999999985e+01 5.511520000000000000e+05
6.351180000000000092e+01 5.592040000000000000e+05
6.329860000000000042e+01 4.681500000000000000e+05
6.289170000000000016e+01 5.131480000000000000e+05
6.222310000000000230e+01 1.268952000000000000e+06
6.288199999999999790e+01 7.749220000000000000e+05
6.340520000000000067e+01 7.701260000000000000e+05
6.360869999999999891e+01 7.760680000000000000e+05
6.297999999999999687e+01 6.585580000000000000e+05
6.352159999999999940e+01 4.113770000000000000e+05
6.323149999999999693e+01 7.223030000000000000e+05
6.361829999999999785e+01 1.093751000000000000e+06
6.286399999999999721e+01 8.545890000000000000e+05
6.248680000000000234e+01 7.898780000000000000e+05
6.273819999999999908e+01 6.213270000000000000e+05
6.330879999999999797e+01 1.391371000000000000e+06
6.471120000000000516e+01 7.331300000000000000e+05
6.526250000000000284e+01 4.030990000000000000e+05
6.518510000000000559e+01 5.482900000000000000e+05
6.567829999999999302e+01 2.208890000000000000e+05
6.547520000000000095e+01 6.480920000000000000e+05
6.576539999999999964e+01 5.459260000000000000e+05
6.569769999999999754e+01 5.958320000000000000e+05
6.510769999999999413e+01 6.378050000000000000e+05
6.603619999999999379e+01 6.004830000000000000e+05
6.534950000000000614e+01 5.753860000000000000e+05
6.651009999999999422e+01 8.875420000000000000e+05
6.633599999999999852e+01 1.245867000000000000e+06
6.703230000000000643e+01 1.187921000000000000e+06
6.683889999999999532e+01 1.358725000000000000e+06
6.455639999999999645e+01 1.053288000000000000e+06
6.355060000000000286e+01 4.298910000000000000e+05
6.327020000000000266e+01 7.135460000000000000e+05
6.154860000000000042e+01 1.692923000000000000e+06
6.121009999999999707e+01 8.351700000000000000e+05
6.126820000000000022e+01 1.171422000000000000e+06
6.137460000000000093e+01 2.094615000000000000e+06
6.174210000000000065e+01 1.601109000000000000e+06
6.150030000000000285e+01 1.198516000000000000e+06
6.077490000000000236e+01 2.817691000000000000e+06
6.343460000000000321e+01 1.536997000000000000e+06
6.336690000000000111e+01 8.219960000000000000e+05
6.553329999999999700e+01 6.195980000000000000e+05
6.497230000000000416e+01 7.593210000000000000e+05
6.506900000000000261e+01 5.520320000000000000e+05
6.499169999999999447e+01 6.138730000000000000e+05
6.566870000000000118e+01 6.334020000000000000e+05
6.609420000000000073e+01 6.911990000000000000e+05
6.546559999999999491e+01 8.403830000000000000e+05
6.435330000000000439e+01 2.960810000000000000e+05
6.482720000000000482e+01 5.100710000000000000e+05
6.405349999999999966e+01 6.867940000000000000e+05
6.506900000000000261e+01 5.914100000000000000e+05
6.468219999999999459e+01 6.420280000000000000e+05
6.571699999999999875e+01 4.889260000000000000e+05
6.533020000000000493e+01 8.546020000000000000e+05
6.516570000000000107e+01 6.019600000000000000e+05
6.592980000000000018e+01 6.473470000000000000e+05
6.664549999999999841e+01 1.014660000000000000e+06
6.601680000000000348e+01 6.720350000000000000e+05
6.712900000000000489e+01 3.660300000000000000e+05
6.667449999999999477e+01 2.800240000000000000e+05
6.600719999999999743e+01 2.045210000000000000e+05
6.641339999999999577e+01 3.405970000000000000e+05
6.678090000000000259e+01 7.260350000000000000e+05
6.564929999999999666e+01 5.088770000000000000e+05
6.514639999999999986e+01 4.942590000000000000e+05
6.515609999999999502e+01 1.088350000000000000e+06
6.407290000000000418e+01 9.898200000000000000e+05
6.465319999999999823e+01 1.716793000000000000e+06
6.391810000000000258e+01 7.493440000000000000e+05
6.439199999999999591e+01 6.209770000000000000e+05
6.504850000000000421e+01 1.185231000000000000e+06
6.451749999999999829e+01 9.513730000000000000e+05
6.746200000000000330e+01 5.164450000000000000e+05
6.843699999999999761e+01 7.577570000000000000e+05
6.957620000000000005e+01 3.294030000000000000e+05
6.988509999999999422e+01 4.207710000000000000e+05
6.935420000000000584e+01 5.347150000000000000e+05
6.875560000000000116e+01 5.739280000000000000e+05
6.879420000000000357e+01 4.505460000000000000e+05
6.960519999999999641e+01 3.547040000000000000e+05
6.910320000000000107e+01 3.087590000000000000e+05
6.959550000000000125e+01 3.103790000000000000e+05
6.931560000000000343e+01 4.840540000000000000e+05
6.968240000000000123e+01 3.902110000000000000e+05
6.942180000000000462e+01 6.248980000000000000e+05
6.881359999999999388e+01 5.467830000000000000e+05
6.940240000000000009e+01 2.834250000000000000e+05
6.918040000000000589e+01 5.978120000000000000e+05
6.973069999999999879e+01 4.025520000000000000e+05
7.030029999999999291e+01 6.028180000000000000e+05
6.984650000000000603e+01 5.980800000000000000e+05
6.932519999999999527e+01 4.899740000000000000e+05
6.888110000000000355e+01 4.857520000000000000e+05
6.884250000000000114e+01 7.161520000000000000e+05
6.852389999999999759e+01 6.728310000000000000e+05
6.893909999999999627e+01 6.515690000000000000e+05
6.854319999999999879e+01 6.588100000000000000e+05
6.859149999999999636e+01 7.206550000000000000e+05
6.920940000000000225e+01 6.186120000000000000e+05
6.989480000000000359e+01 6.329380000000000000e+05
6.988509999999999422e+01 9.639550000000000000e+05
7.026170000000000471e+01 8.410590000000000000e+05
6.939279999999999404e+01 7.585900000000000000e+05
6.995269999999999300e+01 5.793320000000000000e+05
6.938309999999999889e+01 3.900520000000000000e+05
6.983689999999999998e+01 4.710360000000000000e+05
6.908389999999999986e+01 2.573180000000000000e+05
6.944110000000000582e+01 3.178900000000000000e+05
6.935420000000000584e+01 8.024050000000000000e+05
6.848529999999999518e+01 2.913830000000000000e+05
6.888110000000000355e+01 3.630030000000000000e+05
6.855289999999999395e+01 4.624530000000000000e+05
6.800260000000000105e+01 3.316500000000000000e+05
6.808950000000000102e+01 4.276900000000000000e+05
6.751030000000000086e+01 5.017880000000000000e+05
6.732680000000000575e+01 3.863920000000000000e+05
6.626489999999999725e+01 3.331460000000000000e+05
6.589809999999999945e+01 9.808220000000000000e+05
6.565670000000000073e+01 4.558160000000000000e+05
6.641939999999999600e+01 7.749940000000000000e+05
6.702760000000000673e+01 5.783620000000000000e+05
6.565670000000000073e+01 9.614590000000000000e+05
6.411209999999999809e+01 8.576140000000000000e+05
6.180480000000000018e+01 1.187969000000000000e+06
6.344590000000000174e+01 1.093672000000000000e+06
6.685380000000000678e+01 4.197290000000000000e+05
6.645799999999999841e+01 4.848230000000000000e+05
6.663179999999999836e+01 5.874500000000000000e+05
6.656419999999999959e+01 3.511680000000000000e+05
6.534780000000000655e+01 5.113230000000000000e+05
6.584010000000000673e+01 7.039710000000000000e+05
6.580150000000000432e+01 7.016070000000000000e+05
6.528990000000000293e+01 5.570510000000000000e+05
6.515470000000000539e+01 6.651580000000000000e+05
6.545340000000000202e+01 5.896110000000000000e+05
6.647490000000000521e+01 4.419390000000000000e+05
6.650390000000000157e+01 7.154290000000000000e+05
6.528959999999999297e+01 5.967150000000000000e+05
6.543420000000000414e+01 4.476940000000000000e+05
6.542449999999999477e+01 3.337280000000000000e+05
6.565579999999999927e+01 5.754390000000000000e+05
6.571359999999999957e+01 6.381040000000000000e+05
6.518359999999999843e+01 5.637010000000000000e+05
6.552089999999999748e+01 4.254780000000000000e+05
6.527030000000000598e+01 3.319570000000000000e+05
6.548229999999999507e+01 8.249160000000000000e+05
6.564619999999999322e+01 5.044580000000000000e+05
6.477889999999999304e+01 4.474040000000000000e+05
6.491379999999999484e+01 5.831170000000000000e+05
6.476919999999999789e+01 1.228141000000000000e+06
6.474030000000000484e+01 7.204110000000000000e+05
6.440300000000000580e+01 1.042115000000000000e+06
6.393079999999999785e+01 4.760920000000000000e+05
6.361280000000000001e+01 5.425900000000000000e+05
6.372840000000000060e+01 3.068890000000000000e+05
6.354529999999999745e+01 2.838720000000000000e+05
6.450900000000000034e+01 3.274920000000000000e+05
6.376700000000000301e+01 4.417080000000000000e+05
6.361280000000000001e+01 3.723550000000000000e+05
6.299600000000000222e+01 7.694810000000000000e+05
6.308279999999999887e+01 5.390270000000000000e+05
6.330440000000000111e+01 8.228480000000000000e+05
6.408499999999999375e+01 9.932980000000000000e+05
6.307309999999999661e+01 9.581860000000000000e+05
6.287080000000000268e+01 1.756683000000000000e+06
6.440300000000000580e+01 9.946290000000000000e+05
6.328509999999999991e+01 7.788170000000000000e+05
6.235040000000000049e+01 5.350450000000000000e+05
6.190709999999999980e+01 5.576000000000000000e+05
6.094339999999999691e+01 3.596640000000000000e+05
6.158910000000000196e+01 3.509280000000000000e+05
6.156020000000000181e+01 4.577780000000000000e+05
6.191669999999999874e+01 3.159080000000000000e+05
6.145409999999999684e+01 3.406590000000000000e+05
6.138669999999999760e+01 4.637320000000000000e+05
6.194559999999999889e+01 7.466450000000000000e+05
6.110719999999999885e+01 5.742170000000000000e+05
6.110719999999999885e+01 5.779900000000000000e+05
6.173360000000000269e+01 4.294040000000000000e+05
6.164690000000000225e+01 1.018864000000000000e+06
6.380550000000000210e+01 1.143841000000000000e+06
6.235040000000000049e+01 9.790250000000000000e+05
6.250460000000000349e+01 4.537500000000000000e+05
6.300569999999999737e+01 9.337410000000000000e+05
6.139629999999999654e+01 5.210980000000000000e+05
6.152159999999999940e+01 4.710990000000000000e+05
6.132889999999999731e+01 5.906490000000000000e+05
6.106869999999999976e+01 3.136250000000000000e+05
6.084700000000000131e+01 4.480590000000000000e+05
6.105899999999999750e+01 4.546270000000000000e+05
6.188779999999999859e+01 5.368560000000000000e+05
6.214800000000000324e+01 7.018060000000000000e+05
6.221549999999999869e+01 8.657270000000000000e+05
6.203240000000000265e+01 5.961680000000000000e+05
6.144449999999999790e+01 4.868810000000000000e+05
6.132889999999999731e+01 4.630920000000000000e+05
6.183959999999999724e+01 5.697860000000000000e+05
6.120479999999999876e+01 4.401120000000000000e+05
6.069500000000000028e+01 5.794150000000000000e+05
6.090659999999999741e+01 4.790480000000000000e+05
6.055069999999999908e+01 9.708390000000000000e+05
6.107009999999999650e+01 9.131060000000000000e+05
6.150300000000000011e+01 8.371110000000000000e+05
6.236869999999999692e+01 6.959080000000000000e+05
6.217629999999999768e+01 6.740240000000000000e+05
6.235900000000000176e+01 1.140982000000000000e+06
6.059879999999999711e+01 1.127875000000000000e+06
6.144519999999999982e+01 7.488250000000000000e+05
6.136829999999999785e+01 9.121070000000000000e+05
6.024289999999999878e+01 1.014753000000000000e+06
5.878079999999999927e+01 7.429470000000000000e+05
5.874240000000000350e+01 9.885070000000000000e+05
5.652040000000000219e+01 2.485984000000000000e+06
5.635690000000000310e+01 9.873450000000000000e+05
5.656850000000000023e+01 1.186343000000000000e+06
5.627029999999999887e+01 1.177570000000000000e+06
5.530839999999999890e+01 1.869096000000000000e+06
5.457739999999999725e+01 2.540757000000000000e+06
5.275939999999999941e+01 1.245856000000000000e+06
5.221110000000000184e+01 1.425704000000000000e+06
5.172059999999999746e+01 2.160965000000000000e+06
5.412530000000000285e+01 1.627224000000000000e+06
5.752080000000000126e+01 5.428070000000000000e+05
5.711679999999999779e+01 8.975950000000000000e+05
5.649150000000000205e+01 1.217330000000000000e+06
5.814600000000000080e+01 9.827280000000000000e+05
5.825180000000000291e+01 6.776770000000000000e+05
5.696289999999999765e+01 6.681300000000000000e+05
5.745340000000000202e+01 7.122880000000000000e+05
5.765540000000000020e+01 6.380470000000000000e+05
5.693399999999999750e+01 1.114665000000000000e+06
5.767470000000000141e+01 1.086943000000000000e+06
5.502949999999999875e+01 1.152552000000000000e+06
5.522189999999999799e+01 1.355205000000000000e+06
5.579899999999999949e+01 1.000025000000000000e+06
5.644339999999999691e+01 1.231471000000000000e+06
5.793439999999999657e+01 9.293580000000000000e+05
5.656850000000000023e+01 5.133520000000000000e+05
5.781889999999999930e+01 5.215370000000000000e+05
5.722259999999999991e+01 5.626660000000000000e+05
5.749190000000000111e+01 6.757350000000000000e+05
5.863649999999999807e+01 6.141090000000000000e+05
6.037760000000000105e+01 5.054850000000000000e+05
6.200310000000000343e+01 5.256440000000000000e+05
6.207050000000000267e+01 8.450360000000000000e+05
6.340749999999999886e+01 3.109160000000000000e+05
6.407120000000000459e+01 3.099440000000000000e+05
6.440789999999999793e+01 4.754130000000000000e+05
6.378260000000000218e+01 3.040050000000000000e+05
6.310929999999999751e+01 1.142490000000000000e+05
6.331130000000000280e+01 3.134320000000000000e+05
6.268610000000000326e+01 4.439280000000000000e+05
6.229169999999999874e+01 4.593950000000000000e+05
6.218589999999999662e+01 1.598349000000000000e+06
6.311889999999999645e+01 5.863520000000000000e+05
6.392690000000000339e+01 6.111740000000000000e+05
6.293619999999999948e+01 5.820380000000000000e+05
6.243599999999999994e+01 8.125080000000000000e+05
6.203260000000000218e+01 5.182240000000000000e+05
6.280089999999999861e+01 5.711760000000000000e+05
6.259929999999999950e+01 5.775200000000000000e+05
6.324269999999999925e+01 4.648790000000000000e+05
6.376140000000000185e+01 5.347760000000000000e+05
6.446240000000000236e+01 6.607250000000000000e+05
6.348279999999999745e+01 5.782120000000000000e+05
6.464490000000000691e+01 6.439680000000000000e+05
6.533639999999999759e+01 8.989780000000000000e+05
6.454890000000000327e+01 1.311653000000000000e+06
6.447209999999999752e+01 2.745700000000000000e+05
6.377100000000000080e+01 6.342770000000000000e+05
6.259929999999999950e+01 9.888680000000000000e+05
6.308910000000000196e+01 7.776580000000000000e+05
6.387660000000000338e+01 2.378031000000000000e+06
6.403990000000000293e+01 1.700968000000000000e+06
6.324269999999999925e+01 1.059883000000000000e+06
6.203260000000000218e+01 8.462350000000000000e+05
6.215749999999999886e+01 7.780300000000000000e+05
6.116830000000000211e+01 6.506150000000000000e+05
6.211910000000000309e+01 1.038310000000000000e+06
6.243599999999999994e+01 7.476180000000000000e+05
6.082249999999999801e+01 8.395420000000000000e+05
6.115870000000000317e+01 7.833790000000000000e+05
6.172529999999999717e+01 8.559760000000000000e+05
6.161959999999999837e+01 1.010555000000000000e+06
6.213830000000000098e+01 1.181883000000000000e+06
6.274329999999999785e+01 8.773260000000000000e+05
6.410710000000000264e+01 9.369360000000000000e+05
6.258970000000000056e+01 1.029526000000000000e+06
6.195580000000000354e+01 1.801643000000000000e+06
6.261849999999999739e+01 1.158031000000000000e+06
6.194619999999999749e+01 1.020539000000000000e+06
6.153320000000000078e+01 4.365370000000000000e+05
6.120669999999999789e+01 1.077075000000000000e+06
6.146600000000000108e+01 1.248327000000000000e+06
5.884409999999999741e+01 3.843230000000000000e+05
5.953560000000000230e+01 9.245270000000000000e+05
5.760510000000000019e+01 5.134740000000000000e+05
5.793169999999999931e+01 6.970070000000000000e+05
5.795089999999999719e+01 7.457570000000000000e+05
5.650070000000000192e+01 6.301960000000000000e+05
5.652949999999999875e+01 5.319320000000000000e+05
5.679840000000000089e+01 4.213090000000000000e+05
5.730740000000000123e+01 5.014330000000000000e+05
5.737469999999999715e+01 5.185750000000000000e+05
5.727859999999999729e+01 6.187640000000000000e+05
5.632780000000000342e+01 6.006830000000000000e+05
5.667360000000000042e+01 5.149210000000000000e+05
5.578040000000000020e+01 6.932710000000000000e+05
5.624139999999999873e+01 7.048070000000000000e+05
5.537700000000000244e+01 5.634220000000000000e+05
5.385000000000000142e+01 6.394360000000000000e+05
5.499280000000000257e+01 6.954130000000000000e+05
5.727859999999999729e+01 5.703310000000000000e+05
5.779719999999999658e+01 3.047820000000000000e+05
5.819100000000000250e+01 4.746230000000000000e+05
5.797970000000000113e+01 3.942550000000000000e+05
5.927629999999999910e+01 3.969680000000000000e+05
5.870000000000000284e+01 7.618010000000000000e+05
5.958359999999999701e+01 5.506910000000000000e+05
5.936269999999999669e+01 4.226740000000000000e+05
5.919939999999999714e+01 3.979850000000000000e+05
5.831589999999999918e+01 3.850830000000000000e+05
5.813369999999999749e+01 2.715850000000000000e+05
5.781730000000000302e+01 4.262330000000000000e+05
5.772140000000000271e+01 6.134900000000000000e+05
5.787480000000000047e+01 3.011940000000000000e+05
5.630230000000000246e+01 4.213950000000000000e+05
5.732829999999999870e+01 5.692030000000000000e+05
5.687760000000000105e+01 3.461060000000000000e+05
5.614889999999999759e+01 7.557160000000000000e+05
5.715570000000000306e+01 4.003370000000000000e+05
5.778849999999999909e+01 6.193230000000000000e+05
5.801859999999999928e+01 6.801170000000000000e+05
5.659000000000000341e+01 9.860290000000000000e+05
5.460520000000000351e+01 9.320570000000000000e+05
5.614889999999999759e+01 1.387825000000000000e+06
5.789399999999999835e+01 4.694290000000000000e+05
6.002259999999999707e+01 6.673700000000000000e+05
6.158539999999999992e+01 4.591760000000000000e+05
6.191149999999999665e+01 6.340630000000000000e+05
6.201689999999999969e+01 4.452260000000000000e+05
6.098140000000000072e+01 1.577880000000000000e+05
6.068419999999999703e+01 3.251980000000000000e+05
6.047319999999999851e+01 4.015820000000000000e+05
6.055949999999999989e+01 3.204550000000000000e+05
6.077040000000000219e+01 3.052700000000000000e+05
6.008970000000000056e+01 3.982300000000000000e+05
5.972529999999999717e+01 4.285300000000000000e+05
6.029099999999999682e+01 5.510740000000000000e+05
6.005129999999999768e+01 4.296380000000000000e+05
6.010889999999999844e+01 5.434880000000000000e+05
6.061699999999999733e+01 6.473240000000000000e+05
6.059790000000000276e+01 1.392332000000000000e+06
6.112519999999999953e+01 8.061280000000000000e+05
5.982119999999999749e+01 9.670960000000000000e+05
5.868019999999999925e+01 1.057566000000000000e+06
5.890070000000000050e+01 7.283500000000000000e+05
5.856510000000000105e+01 5.729500000000000000e+05
5.855559999999999832e+01 3.764170000000000000e+05
5.831589999999999918e+01 3.554930000000000000e+05
5.913089999999999691e+01 3.093030000000000000e+05
5.886240000000000094e+01 7.870090000000000000e+05
5.874730000000000274e+01 3.395980000000000000e+05
5.838300000000000267e+01 4.530990000000000000e+05
5.898700000000000188e+01 3.618290000000000000e+05
5.847890000000000299e+01 6.152400000000000000e+05
5.778849999999999909e+01 7.538350000000000000e+05
5.675300000000000011e+01 5.930640000000000000e+05
5.607220000000000226e+01 4.771790000000000000e+05
5.719400000000000261e+01 8.763880000000000000e+05
5.710770000000000124e+01 3.413100000000000000e+05
5.730910000000000082e+01 3.096260000000000000e+05
5.773100000000000165e+01 6.124380000000000000e+05
5.766380000000000194e+01 6.179170000000000000e+05
5.743370000000000175e+01 5.262070000000000000e+05
5.909250000000000114e+01 2.569410000000000000e+05
5.918840000000000146e+01 2.296640000000000000e+05
5.949519999999999698e+01 5.093080000000000000e+05
5.952400000000000091e+01 4.259150000000000000e+05
5.952400000000000091e+01 2.755700000000000000e+05
5.913089999999999691e+01 6.469710000000000000e+05
5.888159999999999883e+01 3.358720000000000000e+05
5.865140000000000242e+01 3.524340000000000000e+05
5.811449999999999960e+01 3.205140000000000000e+05
5.835419999999999874e+01 4.312830000000000000e+05
5.858429999999999893e+01 2.771640000000000000e+05
5.901509999999999678e+01 3.449000000000000000e+05
5.898640000000000327e+01 3.360100000000000000e+05
5.834499999999999886e+01 4.153100000000000000e+05
5.877579999999999671e+01 2.349900000000000000e+05
5.925439999999999685e+01 3.142830000000000000e+05
5.918739999999999668e+01 2.249250000000000000e+05
6.012550000000000239e+01 4.583210000000000000e+05
5.972350000000000136e+01 2.716500000000000000e+05
5.938839999999999719e+01 3.581390000000000000e+05
5.977129999999999654e+01 6.759060000000000000e+05
5.929270000000000351e+01 3.773410000000000000e+05
5.917779999999999774e+01 2.862220000000000000e+05
5.828759999999999764e+01 3.755850000000000000e+05
5.864180000000000348e+01 2.529560000000000000e+05
5.877579999999999671e+01 5.799130000000000000e+05
5.890979999999999706e+01 4.806840000000000000e+05
5.918739999999999668e+01 5.464410000000000000e+05
5.924479999999999791e+01 6.914310000000000000e+05
5.914909999999999712e+01 8.906750000000000000e+05
5.922570000000000334e+01 5.879070000000000000e+05
5.910119999999999862e+01 6.212390000000000000e+05
5.913949999999999818e+01 5.651780000000000000e+05
6.047970000000000113e+01 1.367309000000000000e+06
5.971390000000000242e+01 8.744360000000000000e+05
5.886189999999999856e+01 1.243548000000000000e+06
5.866089999999999804e+01 5.325750000000000000e+05
5.887149999999999750e+01 5.770870000000000000e+05
5.958939999999999770e+01 6.722390000000000000e+05
5.882359999999999900e+01 1.465215000000000000e+06
5.853649999999999665e+01 2.075845000000000000e+06
5.796209999999999951e+01 5.615480000000000000e+05
5.821099999999999852e+01 9.505820000000000000e+05
5.800039999999999907e+01 7.937440000000000000e+05
5.835459999999999781e+01 8.735390000000000000e+05
5.718670000000000186e+01 1.013597000000000000e+06
5.778020000000000067e+01 4.854250000000000000e+05
5.725370000000000203e+01 3.275090000000000000e+05
5.677510000000000190e+01 4.032820000000000000e+05
5.657410000000000139e+01 4.623350000000000000e+05
5.758879999999999910e+01 3.503590000000000000e+05
5.790469999999999828e+01 4.434750000000000000e+05
5.740690000000000026e+01 6.814020000000000000e+05
5.770360000000000156e+01 4.387890000000000000e+05
5.862259999999999849e+01 5.603370000000000000e+05
5.881410000000000338e+01 4.255540000000000000e+05
5.905340000000000344e+01 5.122120000000000000e+05
5.893849999999999767e+01 3.999290000000000000e+05
5.901509999999999678e+01 6.536650000000000000e+05
5.882359999999999900e+01 2.757610000000000000e+05
5.846949999999999648e+01 4.443780000000000000e+05
5.855559999999999832e+01 4.287700000000000000e+05
5.926400000000000290e+01 4.579890000000000000e+05
5.861299999999999955e+01 9.128160000000000000e+05
5.792379999999999995e+01 5.550760000000000000e+05
5.773239999999999839e+01 6.528740000000000000e+05
5.829710000000000036e+01 5.294680000000000000e+05
5.829710000000000036e+01 6.864990000000000000e+05
5.852689999999999770e+01 9.229720000000000000e+05
5.744519999999999982e+01 5.999130000000000000e+05
5.728240000000000265e+01 6.350630000000000000e+05
5.584660000000000224e+01 4.471790000000000000e+05
5.622950000000000159e+01 4.943490000000000000e+05
5.567430000000000234e+01 5.633200000000000000e+05
5.580799999999999983e+01 4.208560000000000000e+05
5.533979999999999677e+01 5.598630000000000000e+05
5.505310000000000059e+01 4.911850000000000000e+05
5.541620000000000346e+01 3.427860000000000000e+05
5.490019999999999811e+01 4.139320000000000000e+05
5.553090000000000259e+01 4.799940000000000000e+05
5.585580000000000211e+01 9.399720000000000000e+05
5.590359999999999729e+01 6.119790000000000000e+05
5.620940000000000225e+01 6.948100000000000000e+05
5.516779999999999973e+01 3.428710000000000000e+05
5.570289999999999964e+01 5.072680000000000000e+05
5.595139999999999958e+01 6.259960000000000000e+05
5.580799999999999983e+01 5.265500000000000000e+05
5.575070000000000192e+01 7.697080000000000000e+05
5.599920000000000186e+01 9.802040000000000000e+05
5.506269999999999953e+01 1.670198000000000000e+06
5.351460000000000150e+01 1.721964000000000000e+06
5.596090000000000231e+01 1.336778000000000000e+06
5.605649999999999977e+01 7.462910000000000000e+05
5.519639999999999702e+01 7.243080000000000000e+05
5.420259999999999678e+01 8.599940000000000000e+05
5.435549999999999926e+01 5.274160000000000000e+05
5.438419999999999987e+01 7.302520000000000000e+05
5.499580000000000268e+01 9.774340000000000000e+05
5.447019999999999840e+01 6.278480000000000000e+05
5.316100000000000136e+01 5.782980000000000000e+05
5.260669999999999646e+01 4.294070000000000000e+05
5.207159999999999656e+01 1.213647000000000000e+06
5.161290000000000333e+01 5.918030000000000000e+05
5.235829999999999984e+01 4.566010000000000000e+05
5.193780000000000285e+01 6.950850000000000000e+05
5.141219999999999857e+01 4.767600000000000000e+05
5.151729999999999876e+01 7.026470000000000000e+05
5.206199999999999761e+01 4.041650000000000000e+05
5.194729999999999848e+01 8.961490000000000000e+05
5.057130000000000081e+01 1.614203000000000000e+06
5.044700000000000273e+01 1.137371000000000000e+06
5.100130000000000052e+01 2.678189000000000000e+06
5.141219999999999857e+01 1.116300000000000000e+06
5.287429999999999808e+01 5.442240000000000000e+05
5.265449999999999875e+01 5.201560000000000000e+05
5.254939999999999856e+01 3.367930000000000000e+05
5.339990000000000236e+01 5.383590000000000000e+05
5.384899999999999665e+01 8.938560000000000000e+05
5.313230000000000075e+01 7.208490000000000000e+05
5.241559999999999775e+01 1.341033000000000000e+06
5.250160000000000338e+01 5.345560000000000000e+05
5.260669999999999646e+01 6.703550000000000000e+05
5.299849999999999994e+01 5.664870000000000000e+05
5.318959999999999866e+01 4.485720000000000000e+05
5.342860000000000298e+01 3.409160000000000000e+05
5.318010000000000304e+01 1.929790000000000000e+05
5.325650000000000261e+01 1.352710000000000000e+05
5.320879999999999654e+01 3.630520000000000000e+05
5.314189999999999969e+01 2.820670000000000000e+05
5.254939999999999856e+01 6.868720000000000000e+05
5.251120000000000232e+01 5.046560000000000000e+05
5.170839999999999748e+01 4.186020000000000000e+05
5.105859999999999843e+01 1.016817000000000000e+06
5.131660000000000110e+01 4.549170000000000000e+05
5.142179999999999751e+01 5.940260000000000000e+05
5.170799999999999841e+01 3.947580000000000000e+05
5.166980000000000217e+01 4.650470000000000000e+05
5.248089999999999833e+01 4.237640000000000000e+05
5.239500000000000313e+01 6.035190000000000000e+05
5.300569999999999737e+01 8.612990000000000000e+05
5.208970000000000056e+01 5.714350000000000000e+05
5.218509999999999849e+01 1.397947000000000000e+06
5.187019999999999698e+01 3.159750000000000000e+05
5.124049999999999727e+01 4.670270000000000000e+05
5.138360000000000127e+01 3.432030000000000000e+05
5.062980000000000302e+01 5.377120000000000000e+05
5.111639999999999873e+01 4.533280000000000000e+05
5.147899999999999920e+01 4.821860000000000000e+05
5.171759999999999735e+01 4.886940000000000000e+05
5.161260000000000048e+01 2.208240000000000000e+05
5.152669999999999817e+01 7.579510000000000000e+05
5.140270000000000294e+01 6.292550000000000000e+05
5.041980000000000217e+01 5.295830000000000000e+05
4.987599999999999767e+01 3.728570000000000000e+05
4.973279999999999745e+01 3.755100000000000000e+05
5.009539999999999793e+01 6.311110000000000000e+05
5.011449999999999960e+01 5.820600000000000000e+05
5.026720000000000255e+01 5.625590000000000000e+05
5.053439999999999799e+01 1.249525000000000000e+06
5.097330000000000183e+01 1.041515000000000000e+06
5.062019999999999698e+01 5.399290000000000000e+05
5.068699999999999761e+01 1.120769000000000000e+06
5.098279999999999745e+01 8.110920000000000000e+05
5.065840000000000032e+01 2.535435000000000000e+06
5.009539999999999793e+01 1.203481000000000000e+06
4.798660000000000281e+01 1.184461000000000000e+06
4.790079999999999671e+01 7.305720000000000000e+05
4.689889999999999759e+01 5.840470000000000000e+05
4.687019999999999698e+01 4.147430000000000000e+05
4.623089999999999833e+01 7.333220000000000000e+05
4.494270000000000209e+01 6.959930000000000000e+05
4.602100000000000080e+01 6.571530000000000000e+05
4.475189999999999912e+01 6.062880000000000000e+05
4.460880000000000223e+01 7.607420000000000000e+05
4.420799999999999841e+01 6.965050000000000000e+05
4.362599999999999767e+01 1.284582000000000000e+06
4.299620000000000175e+01 9.768640000000000000e+05
4.324430000000000263e+01 8.245090000000000000e+05
4.413170000000000215e+01 7.764150000000000000e+05
4.456110000000000326e+01 6.172890000000000000e+05
4.507630000000000337e+01 1.061674000000000000e+06
4.445609999999999928e+01 6.916270000000000000e+05
4.636449999999999960e+01 7.503370000000000000e+05
4.688929999999999865e+01 9.685690000000000000e+05
4.567750000000000199e+01 2.127122000000000000e+06
4.558209999999999695e+01 1.083769000000000000e+06
4.545799999999999841e+01 1.371508000000000000e+06
4.580149999999999721e+01 9.007630000000000000e+05
4.618319999999999936e+01 6.648160000000000000e+05
4.600189999999999912e+01 6.047240000000000000e+05
4.675569999999999737e+01 4.708530000000000000e+05
4.667940000000000111e+01 7.597820000000000000e+05
4.694659999999999656e+01 8.269720000000000000e+05
4.757630000000000337e+01 1.925100000000000000e+06
4.830149999999999721e+01 5.512000000000000000e+05
4.872140000000000271e+01 6.104000000000000000e+05
4.875950000000000273e+01 6.717000000000000000e+05
4.847330000000000183e+01 8.187000000000000000e+05
4.854010000000000247e+01 8.113000000000000000e+05
4.959759999999999991e+01 4.722000000000000000e+05
4.949280000000000257e+01 6.204000000000000000e+05
4.929270000000000351e+01 5.333000000000000000e+05
4.975000000000000000e+01 4.773000000000000000e+05
4.999770000000000181e+01 5.177000000000000000e+05
4.985479999999999734e+01 4.113000000000000000e+05
4.972140000000000271e+01 3.939000000000000000e+05
4.979760000000000275e+01 6.619000000000000000e+05
4.899739999999999895e+01 3.720000000000000000e+05
4.911169999999999902e+01 4.384000000000000000e+05
4.954990000000000094e+01 2.812000000000000000e+05
4.990240000000000009e+01 2.914000000000000000e+05
4.998819999999999908e+01 2.761000000000000000e+05
4.951180000000000092e+01 3.998000000000000000e+05
4.967379999999999995e+01 2.496000000000000000e+05
5.003580000000000183e+01 3.324000000000000000e+05
5.012160000000000082e+01 5.136000000000000000e+05
5.015010000000000190e+01 3.254000000000000000e+05
4.978810000000000002e+01 7.555000000000000000e+05
4.955949999999999989e+01 6.266000000000000000e+05
4.976910000000000167e+01 7.083000000000000000e+05
4.854959999999999809e+01 7.122000000000000000e+05
4.797800000000000153e+01 3.422000000000000000e+05
4.821620000000000061e+01 8.504000000000000000e+05
4.751120000000000232e+01 6.223000000000000000e+05
4.774929999999999808e+01 1.078300000000000000e+06
4.801610000000000156e+01 6.684000000000000000e+05
4.774929999999999808e+01 9.569000000000000000e+05
4.797800000000000153e+01 9.039000000000000000e+05
4.899739999999999895e+01 1.583400000000000000e+06
5.112189999999999657e+01 7.993000000000000000e+05
4.996909999999999741e+01 5.820000000000000000e+05
5.103620000000000090e+01 5.132000000000000000e+05
5.249380000000000024e+01 4.737000000000000000e+05
5.236990000000000123e+01 4.124000000000000000e+05
5.187449999999999761e+01 3.628000000000000000e+05
5.230319999999999681e+01 2.420000000000000000e+05
5.216989999999999839e+01 2.659000000000000000e+05
5.229370000000000118e+01 3.007000000000000000e+05
5.170300000000000296e+01 4.086000000000000000e+05
5.280819999999999936e+01 4.174000000000000000e+05
5.297970000000000113e+01 3.068000000000000000e+05
5.333220000000000027e+01 4.264000000000000000e+05
5.337980000000000302e+01 2.690000000000000000e+05
5.297010000000000218e+01 4.960000000000000000e+05
5.297970000000000113e+01 3.428000000000000000e+05
5.288439999999999941e+01 4.243000000000000000e+05
5.338929999999999865e+01 2.747000000000000000e+05
5.445629999999999882e+01 1.387000000000000000e+05
5.465639999999999787e+01 4.846000000000000000e+05
5.436110000000000042e+01 4.245000000000000000e+05
5.399900000000000233e+01 6.099000000000000000e+05
5.295109999999999673e+01 1.105000000000000000e+06
5.365610000000000213e+01 3.365000000000000000e+05
5.400860000000000127e+01 5.039000000000000000e+05
5.399900000000000233e+01 5.803000000000000000e+05
5.483740000000000236e+01 3.845000000000000000e+05
5.489459999999999695e+01 1.265000000000000000e+06
5.456110000000000326e+01 8.758000000000000000e+05
5.462780000000000058e+01 1.901900000000000000e+06
5.454209999999999781e+01 1.436700000000000000e+06
5.442779999999999774e+01 6.343000000000000000e+05
5.343699999999999761e+01 5.451000000000000000e+05
5.346549999999999869e+01 1.780200000000000000e+06
5.359870000000000090e+01 6.256000000000000000e+05
5.396970000000000312e+01 6.181000000000000000e+05
5.360819999999999652e+01 8.504000000000000000e+05
5.311350000000000193e+01 9.654000000000000000e+05
5.166749999999999687e+01 6.089000000000000000e+05
5.056389999999999674e+01 6.211000000000000000e+05
4.985990000000000322e+01 4.519000000000000000e+05
4.953649999999999665e+01 6.465000000000000000e+05
4.984089999999999776e+01 4.003000000000000000e+05
5.091590000000000060e+01 8.156000000000000000e+05
5.036419999999999675e+01 5.237000000000000000e+05
4.991700000000000159e+01 3.316000000000000000e+05
4.990749999999999886e+01 4.518000000000000000e+05
4.898469999999999658e+01 5.011000000000000000e+05
4.824269999999999925e+01 3.385000000000000000e+05
4.804290000000000305e+01 1.543600000000000000e+06
4.776700000000000301e+01 6.535000000000000000e+05
4.688219999999999743e+01 7.195000000000000000e+05
4.594039999999999679e+01 7.384000000000000000e+05
4.736740000000000350e+01 4.707000000000000000e+05
4.802380000000000138e+01 6.387000000000000000e+05
4.802380000000000138e+01 5.861000000000000000e+05
4.756719999999999970e+01 4.891000000000000000e+05
4.695830000000000126e+01 5.306000000000000000e+05
4.750059999999999860e+01 5.980000000000000000e+05
4.746260000000000190e+01 5.960000000000000000e+05
4.762429999999999808e+01 4.138000000000000000e+05
4.823310000000000031e+01 4.790000000000000000e+05
4.875639999999999930e+01 7.221000000000000000e+05
4.694879999999999853e+01 4.811000000000000000e+05
4.652069999999999794e+01 4.420000000000000000e+05
4.644460000000000122e+01 6.054000000000000000e+05
4.712960000000000349e+01 2.903000000000000000e+05
4.779549999999999699e+01 6.598000000000000000e+05
4.794769999999999754e+01 5.078000000000000000e+05
4.851850000000000307e+01 4.225000000000000000e+05
4.816649999999999920e+01 2.257000000000000000e+05
4.770989999999999753e+01 4.272000000000000000e+05
4.778600000000000136e+01 2.540000000000000000e+05
4.752909999999999968e+01 4.193000000000000000e+05
4.734839999999999804e+01 6.059000000000000000e+05
4.757670000000000243e+01 1.184600000000000000e+06
4.821410000000000196e+01 1.488500000000000000e+06
4.899419999999999931e+01 1.212800000000000000e+06
4.890859999999999985e+01 1.213700000000000000e+06
4.910840000000000316e+01 1.054200000000000000e+06
5.111569999999999681e+01 4.920000000000000000e+05
5.227640000000000242e+01 4.279000000000000000e+05
5.200999999999999801e+01 5.005000000000000000e+05
5.129650000000000176e+01 5.936000000000000000e+05
4.963159999999999883e+01 3.346000000000000000e+05
4.962210000000000321e+01 3.461000000000000000e+05
4.894669999999999987e+01 4.929000000000000000e+05
4.950789999999999935e+01 6.911000000000000000e+05
5.062100000000000222e+01 7.080000000000000000e+05
5.086840000000000117e+01 8.956000000000000000e+05
5.119180000000000064e+01 1.356800000000000000e+06
5.153430000000000177e+01 6.281000000000000000e+05
5.068760000000000332e+01 6.450000000000000000e+05
5.068760000000000332e+01 8.808000000000000000e+05
5.038320000000000221e+01 1.011700000000000000e+06
5.070660000000000167e+01 1.071800000000000000e+06
5.099199999999999733e+01 9.464000000000000000e+05
5.156199999999999761e+01 1.255500000000000000e+06
5.177100000000000080e+01 8.747000000000000000e+05
5.062160000000000082e+01 1.155300000000000000e+06
5.071659999999999968e+01 7.761000000000000000e+05
5.052660000000000196e+01 6.174000000000000000e+05
5.124849999999999994e+01 3.950000000000000000e+05
5.129599999999999937e+01 1.189900000000000000e+06
5.081159999999999854e+01 6.596000000000000000e+05
5.162850000000000250e+01 1.198500000000000000e+06
5.257840000000000202e+01 1.139900000000000000e+06
5.192300000000000182e+01 1.880100000000000000e+06
5.182800000000000296e+01 1.117600000000000000e+06
5.021309999999999718e+01 6.679000000000000000e+05
4.974759999999999849e+01 2.198700000000000000e+06
4.894019999999999726e+01 2.623600000000000000e+06
4.669839999999999947e+01 1.076100000000000000e+06
4.760079999999999956e+01 2.748500000000000000e+06
4.714479999999999649e+01 8.917000000000000000e+05
4.761030000000000229e+01 6.950000000000000000e+05
4.749629999999999797e+01 1.405300000000000000e+06
4.739180000000000348e+01 1.446100000000000000e+06
4.734429999999999694e+01 7.634000000000000000e+05
4.743930000000000291e+01 1.837500000000000000e+06
4.677439999999999998e+01 1.168400000000000000e+06
4.521650000000000347e+01 8.231000000000000000e+05
4.564399999999999835e+01 8.913000000000000000e+05
4.506450000000000244e+01 1.184800000000000000e+06
4.687890000000000157e+01 2.011100000000000000e+06
4.694539999999999935e+01 1.247100000000000000e+06
4.538750000000000284e+01 8.009000000000000000e+05
4.534000000000000341e+01 7.217000000000000000e+05
4.426659999999999684e+01 7.178000000000000000e+05
4.449450000000000216e+01 1.417500000000000000e+06
4.533050000000000068e+01 8.676000000000000000e+05
4.608089999999999975e+01 6.822000000000000000e+05
4.575789999999999935e+01 1.570400000000000000e+06
4.559649999999999892e+01 1.572100000000000000e+06
4.502649999999999864e+01 1.178700000000000000e+06
4.512149999999999750e+01 1.733000000000000000e+06
4.540650000000000119e+01 2.338200000000000000e+06
4.468449999999999989e+01 2.278500000000000000e+06
4.344010000000000105e+01 2.008600000000000000e+06
4.192020000000000124e+01 1.093500000000000000e+06
4.168280000000000030e+01 1.407100000000000000e+06
4.167329999999999757e+01 1.371300000000000000e+06
4.149280000000000257e+01 5.978000000000000000e+05
4.175880000000000081e+01 3.784000000000000000e+05
4.146430000000000149e+01 9.929000000000000000e+05
4.197720000000000340e+01 8.742000000000000000e+05
4.191069999999999851e+01 3.815000000000000000e+05
4.240469999999999828e+01 3.933000000000000000e+05
4.246170000000000044e+01 5.132000000000000000e+05
4.234770000000000323e+01 3.047000000000000000e+05
4.241420000000000101e+01 7.736000000000000000e+05
4.204370000000000118e+01 2.878600000000000000e+06
4.222420000000000329e+01 5.930000000000000000e+05
4.205319999999999681e+01 1.225200000000000000e+06
4.155930000000000035e+01 1.396700000000000000e+06
4.150229999999999819e+01 1.953900000000000000e+06
4.108429999999999893e+01 6.838000000000000000e+05
4.081830000000000069e+01 1.770500000000000000e+06
4.033389999999999986e+01 3.367300000000000000e+06
4.042889999999999873e+01 3.289400000000000000e+06
3.911800000000000210e+01 3.074000000000000000e+06
3.866199999999999903e+01 4.662300000000000000e+06
3.899450000000000216e+01 3.380500000000000000e+06
3.973539999999999850e+01 2.777700000000000000e+06
4.075180000000000291e+01 3.239300000000000000e+06
4.097979999999999734e+01 5.130700000000000000e+06
4.107480000000000331e+01 9.499000000000000000e+05
4.107480000000000331e+01 1.153300000000000000e+06
4.103679999999999950e+01 8.737000000000000000e+05
4.196770000000000067e+01 7.273000000000000000e+05
4.178730000000000189e+01 9.476000000000000000e+05
4.159729999999999706e+01 7.302000000000000000e+05
4.241420000000000101e+01 1.106900000000000000e+06
4.350659999999999883e+01 1.682000000000000000e+06
4.604769999999999897e+01 5.871000000000000000e+05
