2.417000000000000171e+01 2.065553000000000000e+06
2.551999999999999957e+01 1.537976000000000000e+06
2.528000000000000114e+01 1.309829000000000000e+06
2.653999999999999915e+01 1.778872000000000000e+06
2.442999999999999972e+01 2.470140000000000000e+06
2.157999999999999829e+01 2.409735000000000000e+06
1.669000000000000128e+01 2.150276000000000000e+06
1.614999999999999858e+01 2.440999000000000000e+06
1.725000000000000000e+01 2.451552000000000000e+06
1.669999999999999929e+01 2.780504000000000000e+06
1.944000000000000128e+01 2.918202000000000000e+06
1.810999999999999943e+01 2.550605000000000000e+06
2.326000000000000156e+01 2.010055000000000000e+06
1.994000000000000128e+01 2.357878000000000000e+06
2.403000000000000114e+01 2.669367000000000000e+06
2.707000000000000028e+01 2.604101000000000000e+06
2.367000000000000171e+01 2.589601000000000000e+06
2.976999999999999957e+01 2.046595000000000000e+06
3.196999999999999886e+01 1.748906000000000000e+06
3.504999999999999716e+01 1.398812000000000000e+06
3.415999999999999659e+01 1.216700000000000000e+06
3.746000000000000085e+01 1.497741000000000000e+06
3.584000000000000341e+01 2.360767000000000000e+06
3.790999999999999659e+01 1.844147000000000000e+06
4.081000000000000227e+01 1.284111000000000000e+06
4.160999999999999943e+01 1.753895000000000000e+06
4.311999999999999744e+01 1.072464000000000000e+06
4.610000000000000142e+01 7.179010000000000000e+05
4.736999999999999744e+01 7.819580000000000000e+05
4.689999999999999858e+01 9.541500000000000000e+05
4.703999999999999915e+01 1.296044000000000000e+06
4.664999999999999858e+01 1.278738000000000000e+06
4.597999999999999687e+01 1.010113000000000000e+06
4.603000000000000114e+01 1.749711000000000000e+06
4.660000000000000142e+01 3.535879000000000000e+06
4.210999999999999943e+01 1.107751000000000000e+06
4.221000000000000085e+01 1.228081000000000000e+06
4.225999999999999801e+01 1.104118000000000000e+06
4.253999999999999915e+01 8.633260000000000000e+05
4.040999999999999659e+01 6.759350000000000000e+05
3.950999999999999801e+01 7.001130000000000000e+05
3.889999999999999858e+01 9.622580000000000000e+05
3.953999999999999915e+01 8.006800000000000000e+05
3.982000000000000028e+01 5.218390000000000000e+05
3.981000000000000227e+01 7.789330000000000000e+05
3.932000000000000028e+01 8.366770000000000000e+05
4.075000000000000000e+01 8.957420000000000000e+05
4.150000000000000000e+01 9.083840000000000000e+05
4.099000000000000199e+01 8.122140000000000000e+05
4.075000000000000000e+01 9.172060000000000000e+05
4.099000000000000199e+01 6.083900000000000000e+05
4.067999999999999972e+01 9.758720000000000000e+05
4.017000000000000171e+01 9.426000000000000000e+05
3.989999999999999858e+01 9.978940000000000000e+05
3.982999999999999829e+01 1.015805000000000000e+06
3.910999999999999943e+01 9.350120000000000000e+05
3.939000000000000057e+01 1.067991000000000000e+06
3.846000000000000085e+01 1.000228000000000000e+06
3.789999999999999858e+01 8.777740000000000000e+05
3.796000000000000085e+01 1.261844000000000000e+06
3.899000000000000199e+01 1.160798000000000000e+06
3.921999999999999886e+01 9.168580000000000000e+05
3.922999999999999687e+01 9.128570000000000000e+05
3.885000000000000142e+01 9.665220000000000000e+05
3.949000000000000199e+01 7.374840000000000000e+05
4.006000000000000227e+01 1.342442000000000000e+06
4.050000000000000000e+01 3.707150000000000000e+05
4.085000000000000142e+01 1.100009000000000000e+06
4.129999999999999716e+01 2.187552000000000000e+06
4.202000000000000313e+01 1.267693000000000000e+06
4.234000000000000341e+01 1.248631000000000000e+06
4.275999999999999801e+01 1.420753000000000000e+06
4.232999999999999829e+01 1.250461000000000000e+06
4.218999999999999773e+01 1.102548000000000000e+06
4.167999999999999972e+01 1.646668000000000000e+06
3.984000000000000341e+01 1.146062000000000000e+06
3.940999999999999659e+01 6.142760000000000000e+05
3.936999999999999744e+01 1.361153000000000000e+06
3.990999999999999659e+01 1.606163000000000000e+06
3.856000000000000227e+01 1.052987000000000000e+06
3.834000000000000341e+01 1.468080000000000000e+06
3.810000000000000142e+01 1.922471000000000000e+06
4.060000000000000142e+01 1.153920000000000000e+06
4.115999999999999659e+01 7.966050000000000000e+05
4.128999999999999915e+01 1.572207000000000000e+06
4.060000000000000142e+01 8.920338000000000000e+06
4.077000000000000313e+01 9.643790000000000000e+05
4.011999999999999744e+01 1.093266000000000000e+06
3.963000000000000256e+01 7.642580000000000000e+05
4.010000000000000142e+01 1.093192000000000000e+06
4.040999999999999659e+01 6.931810000000000000e+05
4.021999999999999886e+01 1.044906000000000000e+06
4.042999999999999972e+01 8.520010000000000000e+05
4.003999999999999915e+01 8.580520000000000000e+05
4.002000000000000313e+01 1.167120000000000000e+06
4.122999999999999687e+01 1.891353000000000000e+06
4.090999999999999659e+01 1.030863000000000000e+06
4.102000000000000313e+01 2.019278000000000000e+06
4.202000000000000313e+01 1.198862000000000000e+06
4.132000000000000028e+01 1.303796000000000000e+06
4.104999999999999716e+01 2.236741000000000000e+06
4.007000000000000028e+01 1.786001000000000000e+06
3.904999999999999716e+01 9.166780000000000000e+05
3.775999999999999801e+01 1.015485000000000000e+06
3.849000000000000199e+01 9.861360000000000000e+05
3.946000000000000085e+01 1.725605000000000000e+06
3.904999999999999716e+01 6.770210000000000000e+05
3.821000000000000085e+01 1.370559000000000000e+06
3.836999999999999744e+01 8.533460000000000000e+05
3.815999999999999659e+01 6.531520000000000000e+05
3.817000000000000171e+01 1.150539000000000000e+06
3.768999999999999773e+01 8.348070000000000000e+05
3.695499999999999829e+01 1.071691000000000000e+06
3.700000000000000000e+01 6.788500000000000000e+05
3.731000000000000227e+01 7.923910000000000000e+05
3.728999999999999915e+01 9.660230000000000000e+05
3.650000000000000000e+01 1.086194000000000000e+06
3.665999999999999659e+01 1.045908000000000000e+06
3.572999999999999687e+01 7.579920000000000000e+05
3.525000000000000000e+01 6.907880000000000000e+05
3.515999999999999659e+01 9.255950000000000000e+05
3.692000000000000171e+01 7.253560000000000000e+05
3.717499999999999716e+01 1.044763000000000000e+06
3.649000000000000199e+01 1.796631000000000000e+06
3.699000000000000199e+01 1.231421000000000000e+06
3.902000000000000313e+01 9.483650000000000000e+05
4.046999999999999886e+01 7.449300000000000000e+05
4.052000000000000313e+01 1.475887000000000000e+06
4.070000000000000284e+01 1.087756000000000000e+06
4.035999999999999943e+01 1.027078000000000000e+06
3.996999999999999886e+01 9.537110000000000000e+05
4.061999999999999744e+01 8.185960000000000000e+05
4.031000000000000227e+01 2.360810000000000000e+06
4.075000000000000000e+01 1.200499000000000000e+06
4.004999999999999716e+01 1.230307000000000000e+06
4.003999999999999915e+01 9.849180000000000000e+05
3.982000000000000028e+01 1.019223000000000000e+06
4.063000000000000256e+01 1.377190000000000000e+06
3.949000000000000199e+01 8.602840000000000000e+05
3.929999999999999716e+01 1.053341000000000000e+06
3.910000000000000142e+01 2.107576000000000000e+06
3.782999999999999829e+01 1.823153000000000000e+06
3.647999999999999687e+01 9.681230000000000000e+05
3.639000000000000057e+01 8.175220000000000000e+05
3.507000000000000028e+01 7.569130000000000000e+05
3.457000000000000028e+01 9.646170000000000000e+05
3.525999999999999801e+01 9.461040000000000000e+05
3.475000000000000000e+01 1.069283000000000000e+06
3.464999999999999858e+01 8.804670000000000000e+05
3.461999999999999744e+01 7.541460000000000000e+05
3.525000000000000000e+01 6.862940000000000000e+05
3.428000000000000114e+01 7.696960000000000000e+05
3.560000000000000142e+01 6.104490000000000000e+05
3.539000000000000057e+01 6.049690000000000000e+05
3.485000000000000142e+01 1.100744000000000000e+06
3.560000000000000142e+01 1.090825000000000000e+06
3.524000000000000199e+01 8.687320000000000000e+05
3.382000000000000028e+01 1.107407000000000000e+06
3.421999999999999886e+01 1.241426000000000000e+06
3.514999999999999858e+01 1.470734000000000000e+06
3.374000000000000199e+01 5.154940000000000000e+05
3.475999999999999801e+01 7.079380000000000000e+05
3.592000000000000171e+01 9.698740000000000000e+05
3.492999999999999972e+01 1.430043000000000000e+06
3.578000000000000114e+01 1.606454000000000000e+06
3.384000000000000341e+01 1.522666000000000000e+06
3.460000000000000142e+01 1.008596000000000000e+06
3.577000000000000313e+01 1.166018000000000000e+06
3.917000000000000171e+01 1.050336000000000000e+06
3.924000000000000199e+01 5.609060000000000000e+05
3.885999999999999943e+01 7.368140000000000000e+05
3.929999999999999716e+01 6.538120000000000000e+05
3.856000000000000227e+01 8.224930000000000000e+05
3.910000000000000142e+01 7.931310000000000000e+05
3.835000000000000142e+01 8.606110000000000000e+05
3.720000000000000284e+01 6.128180000000000000e+05
3.756000000000000227e+01 9.853750000000000000e+05
3.728999999999999915e+01 1.229806000000000000e+06
3.722999999999999687e+01 4.741710000000000000e+05
3.795000000000000284e+01 6.350720000000000000e+05
3.806000000000000227e+01 8.945510000000000000e+05
3.834000000000000341e+01 6.142140000000000000e+05
3.781000000000000227e+01 6.307440000000000000e+05
3.732000000000000028e+01 6.768460000000000000e+05
3.757000000000000028e+01 8.325240000000000000e+05
3.703999999999999915e+01 7.221410000000000000e+05
3.710000000000000142e+01 5.797700000000000000e+05
3.661999999999999744e+01 5.711150000000000000e+05
3.614999999999999858e+01 9.414700000000000000e+05
3.700999999999999801e+01 1.226566000000000000e+06
3.668999999999999773e+01 1.573394000000000000e+06
3.503000000000000114e+01 1.529207000000000000e+06
3.435999999999999943e+01 1.621228000000000000e+06
3.365999999999999659e+01 7.467700000000000000e+06
3.811999999999999744e+01 6.590900000000000000e+05
3.810999999999999943e+01 1.821786000000000000e+06
3.845000000000000284e+01 1.276650000000000000e+06
3.800000000000000000e+01 1.197491000000000000e+06
3.824000000000000199e+01 1.169798000000000000e+06
3.764999999999999858e+01 9.533850000000000000e+05
3.845000000000000284e+01 4.956690000000000000e+05
3.846000000000000085e+01 1.275896000000000000e+06
3.842000000000000171e+01 1.223739000000000000e+06
3.918999999999999773e+01 1.655955000000000000e+06
3.853999999999999915e+01 1.426667000000000000e+06
3.796000000000000085e+01 1.546647000000000000e+06
3.742999999999999972e+01 1.226103000000000000e+06
3.668999999999999773e+01 1.395880000000000000e+06
3.799000000000000199e+01 1.130500000000000000e+06
3.589000000000000057e+01 1.874398000000000000e+06
3.549000000000000199e+01 9.825970000000000000e+05
3.714999999999999858e+01 6.727610000000000000e+05
3.736999999999999744e+01 8.666570000000000000e+05
3.738000000000000256e+01 1.313424000000000000e+06
3.775999999999999801e+01 7.785310000000000000e+05
3.656000000000000227e+01 1.202201000000000000e+06
3.822999999999999687e+01 6.784020000000000000e+05
3.874000000000000199e+01 8.391550000000000000e+05
3.742000000000000171e+01 8.730280000000000000e+05
3.740999999999999659e+01 1.018881000000000000e+06
3.836999999999999744e+01 1.409608000000000000e+06
3.771000000000000085e+01 1.047960000000000000e+06
3.782999999999999829e+01 1.508852000000000000e+06
3.650000000000000000e+01 1.775281000000000000e+06
3.935000000000000142e+01 1.202932000000000000e+06
3.971000000000000085e+01 1.086863000000000000e+06
4.020000000000000284e+01 1.285091000000000000e+06
4.015999999999999659e+01 1.907857000000000000e+06
4.282999999999999829e+01 2.043852000000000000e+06
4.221999999999999886e+01 1.721736000000000000e+06
4.185000000000000142e+01 1.717716000000000000e+06
4.195000000000000284e+01 2.210640000000000000e+06
4.178999999999999915e+01 8.767460000000000000e+05
4.178999999999999915e+01 1.359944000000000000e+06
4.096999999999999886e+01 1.176846000000000000e+06
4.028999999999999915e+01 9.310450000000000000e+05
4.025000000000000000e+01 1.365590000000000000e+06
4.113000000000000256e+01 1.179342000000000000e+06
4.100999999999999801e+01 6.205090000000000000e+05
4.118999999999999773e+01 1.649309000000000000e+06
4.121999999999999886e+01 1.385927000000000000e+06
4.157000000000000028e+01 1.634551000000000000e+06
4.027000000000000313e+01 2.570054000000000000e+06
3.997999999999999687e+01 1.832175000000000000e+06
3.953000000000000114e+01 1.119122000000000000e+06
3.872999999999999687e+01 1.116410000000000000e+06
3.797999999999999687e+01 1.370499000000000000e+06
3.871000000000000085e+01 1.569483000000000000e+06
3.782000000000000028e+01 1.400937000000000000e+06
3.747999999999999687e+01 1.938441000000000000e+06
3.729999999999999716e+01 4.041549000000000000e+06
3.707000000000000028e+01 2.862168100000000000e+07
3.824000000000000199e+01 2.654753000000000000e+06
3.628999999999999915e+01 1.621355000000000000e+06
3.556000000000000227e+01 1.754500000000000000e+06
3.528000000000000114e+01 2.671546000000000000e+06
3.599000000000000199e+01 1.515826000000000000e+06
3.492000000000000171e+01 1.551672000000000000e+06
3.553999999999999915e+01 1.948730000000000000e+06
3.814999999999999858e+01 2.144044000000000000e+06
3.803000000000000114e+01 1.496554000000000000e+06
4.013000000000000256e+01 1.116364000000000000e+06
4.057999999999999829e+01 1.252185000000000000e+06
3.957000000000000028e+01 3.907131000000000000e+06
3.877000000000000313e+01 1.016586000000000000e+06
3.859000000000000341e+01 2.214765000000000000e+06
3.861999999999999744e+01 2.078474000000000000e+06
3.775999999999999801e+01 2.256577000000000000e+06
3.761999999999999744e+01 8.749260000000000000e+05
3.753000000000000114e+01 1.973205000000000000e+06
3.879999999999999716e+01 8.952630000000000000e+05
3.946999999999999886e+01 1.200847000000000000e+06
3.943999999999999773e+01 1.960557000000000000e+06
3.896999999999999886e+01 1.681515000000000000e+06
3.871999999999999886e+01 2.528441000000000000e+06
4.095000000000000284e+01 2.617302000000000000e+06
4.261999999999999744e+01 1.150035000000000000e+06
4.342999999999999972e+01 1.199065000000000000e+06
4.307999999999999829e+01 8.229860000000000000e+05
4.315999999999999659e+01 1.276254000000000000e+06
4.334000000000000341e+01 9.999380000000000000e+05
4.275999999999999801e+01 1.038091000000000000e+06
4.195000000000000284e+01 1.094080000000000000e+06
4.093999999999999773e+01 1.188923000000000000e+06
4.138000000000000256e+01 1.557568000000000000e+06
4.067999999999999972e+01 3.428928000000000000e+06
3.570000000000000284e+01 1.092670000000000000e+06
3.527000000000000313e+01 9.137980000000000000e+05
3.585000000000000142e+01 1.032261000000000000e+06
3.735000000000000142e+01 8.614750000000000000e+05
3.747999999999999687e+01 7.212300000000000000e+05
3.711999999999999744e+01 7.753730000000000000e+05
3.742999999999999972e+01 9.714450000000000000e+05
3.734000000000000341e+01 6.773420000000000000e+05
3.704999999999999716e+01 6.822320000000000000e+05
3.653000000000000114e+01 7.486010000000000000e+05
3.728000000000000114e+01 1.035788000000000000e+06
3.767000000000000171e+01 9.165300000000000000e+05
3.642999999999999972e+01 8.085780000000000000e+05
3.557999999999999829e+01 1.044048000000000000e+06
3.557999999999999829e+01 1.299535000000000000e+06
3.642999999999999972e+01 1.271261000000000000e+06
3.552000000000000313e+01 1.052913000000000000e+06
3.503000000000000114e+01 1.281614000000000000e+06
3.424000000000000199e+01 1.309012000000000000e+06
3.381000000000000227e+01 1.190530000000000000e+06
3.356000000000000227e+01 1.265704000000000000e+06
3.353000000000000114e+01 1.697077000000000000e+06
3.339999999999999858e+01 1.345292000000000000e+06
3.274000000000000199e+01 1.047415000000000000e+06
3.263000000000000256e+01 1.090118000000000000e+06
3.281000000000000227e+01 9.902060000000000000e+05
3.130000000000000071e+01 9.189930000000000000e+05
3.171999999999999886e+01 1.230612000000000000e+06
3.048000000000000043e+01 1.682165000000000000e+06
3.110999999999999943e+01 1.705326000000000000e+06
3.158999999999999986e+01 1.347222000000000000e+06
3.112999999999999901e+01 1.457997000000000000e+06
2.907000000000000028e+01 7.676950000000000000e+05
2.969999999999999929e+01 3.272288000000000000e+06
3.132000000000000028e+01 1.971927000000000000e+06
3.194999999999999929e+01 2.193780000000000000e+06
3.242000000000000171e+01 2.806424000000000000e+06
3.203999999999999915e+01 2.042656000000000000e+06
3.192999999999999972e+01 2.152545000000000000e+06
3.304999999999999716e+01 1.972179000000000000e+06
3.318999999999999773e+01 1.495440000000000000e+06
3.242999999999999972e+01 2.604940000000000000e+06
3.304999999999999716e+01 3.206570000000000000e+06
3.446999999999999886e+01 2.092736000000000000e+06
3.582000000000000028e+01 3.500792000000000000e+06
3.881000000000000227e+01 2.583531000000000000e+06
4.071000000000000085e+01 1.243500000000000000e+06
4.025999999999999801e+01 1.065855000000000000e+06
4.003999999999999915e+01 1.106640000000000000e+06
4.046000000000000085e+01 1.409210000000000000e+06
3.935000000000000142e+01 9.864820000000000000e+05
3.949000000000000199e+01 8.644470000000000000e+05
3.802000000000000313e+01 3.826450000000000000e+05
3.857999999999999829e+01 9.371790000000000000e+05
3.827000000000000313e+01 8.689530000000000000e+05
3.959000000000000341e+01 1.030515000000000000e+06
3.957999999999999829e+01 1.349269000000000000e+06
4.046000000000000085e+01 9.973610000000000000e+05
4.065999999999999659e+01 1.353944000000000000e+06
4.118999999999999773e+01 1.018839000000000000e+06
4.103000000000000114e+01 8.035170000000000000e+05
4.157000000000000028e+01 1.084246000000000000e+06
4.336999999999999744e+01 8.244870000000000000e+05
4.318999999999999773e+01 1.863807000000000000e+06
4.403000000000000114e+01 3.482336000000000000e+06
4.260999999999999943e+01 2.653915000000000000e+06
4.092000000000000171e+01 1.918116000000000000e+06
4.057000000000000028e+01 1.012354000000000000e+06
3.963000000000000256e+01 1.111553000000000000e+06
3.890999999999999659e+01 1.250361000000000000e+06
3.818999999999999773e+01 9.742850000000000000e+05
3.846000000000000085e+01 1.035934000000000000e+06
4.010000000000000142e+01 1.375021000000000000e+06
3.925000000000000000e+01 2.531153000000000000e+06
4.056000000000000227e+01 1.694619000000000000e+06
4.106000000000000227e+01 1.556919000000000000e+06
4.197999999999999687e+01 1.418042000000000000e+06
4.170000000000000284e+01 1.161081000000000000e+06
4.406000000000000227e+01 1.262868000000000000e+06
4.389999999999999858e+01 1.000339000000000000e+06
4.347999999999999687e+01 1.447830000000000000e+06
4.299000000000000199e+01 2.321506000000000000e+06
4.320000000000000284e+01 4.754276000000000000e+06
4.495000000000000284e+01 2.092134000000000000e+06
4.577000000000000313e+01 6.640790000000000000e+05
4.632000000000000028e+01 7.585270000000000000e+05
4.607000000000000028e+01 7.022600000000000000e+05
4.634000000000000341e+01 1.145220000000000000e+06
4.532999999999999829e+01 1.312997000000000000e+06
4.417999999999999972e+01 7.499500000000000000e+05
4.428999999999999915e+01 7.258610000000000000e+05
4.424000000000000199e+01 1.064160000000000000e+06
4.417999999999999972e+01 7.152810000000000000e+05
4.407000000000000028e+01 6.668420000000000000e+05
4.482999999999999829e+01 6.405750000000000000e+05
4.515999999999999659e+01 1.234138000000000000e+06
4.645000000000000284e+01 2.013016000000000000e+06
4.624000000000000199e+01 1.750023000000000000e+06
4.428999999999999915e+01 1.408749000000000000e+06
4.325999999999999801e+01 1.087065000000000000e+06
4.159000000000000341e+01 7.865240000000000000e+05
4.196999999999999886e+01 7.483740000000000000e+05
4.078999999999999915e+01 7.620330000000000000e+05
4.020000000000000284e+01 4.663700000000000000e+05
4.053999999999999915e+01 1.020141000000000000e+06
4.000000000000000000e+01 7.877530000000000000e+05
4.014000000000000057e+01 8.642980000000000000e+05
4.021000000000000085e+01 7.308050000000000000e+05
4.135999999999999943e+01 1.140145000000000000e+06
4.075000000000000000e+01 8.952930000000000000e+05
4.150999999999999801e+01 6.052010000000000000e+05
4.140999999999999659e+01 6.725090000000000000e+05
4.206000000000000227e+01 5.808990000000000000e+05
4.236999999999999744e+01 6.477450000000000000e+05
4.203000000000000114e+01 5.733990000000000000e+05
4.136999999999999744e+01 3.460780000000000000e+05
4.121000000000000085e+01 7.294790000000000000e+05
4.179999999999999716e+01 9.299120000000000000e+05
4.217000000000000171e+01 7.076530000000000000e+05
4.138000000000000256e+01 6.577780000000000000e+05
4.147999999999999687e+01 1.009903000000000000e+06
4.175999999999999801e+01 1.056563000000000000e+06
4.063000000000000256e+01 9.523860000000000000e+05
4.109000000000000341e+01 1.140222000000000000e+06
3.975000000000000000e+01 1.513297000000000000e+06
3.996000000000000085e+01 2.443045000000000000e+06
4.264000000000000057e+01 8.019390000000000000e+05
4.356000000000000227e+01 1.066182000000000000e+06
4.350999999999999801e+01 2.365378000000000000e+06
4.417999999999999972e+01 1.054258000000000000e+06
4.378999999999999915e+01 8.277850000000000000e+05
4.322999999999999687e+01 1.002923000000000000e+06
4.331000000000000227e+01 1.487599000000000000e+06
4.342999999999999972e+01 7.238240000000000000e+05
4.296999999999999886e+01 7.830110000000000000e+05
4.225000000000000000e+01 6.767660000000000000e+05
4.260999999999999943e+01 7.406100000000000000e+05
4.203000000000000114e+01 9.060390000000000000e+05
4.254999999999999716e+01 9.274540000000000000e+05
4.220000000000000284e+01 1.200944000000000000e+06
4.104999999999999716e+01 9.378830000000000000e+05
4.088000000000000256e+01 7.633770000000000000e+05
4.153999999999999915e+01 7.637880000000000000e+05
4.128000000000000114e+01 7.953850000000000000e+05
4.115999999999999659e+01 9.825800000000000000e+05
4.053000000000000114e+01 1.830513000000000000e+06
4.120000000000000284e+01 1.399423000000000000e+06
4.118999999999999773e+01 1.215850000000000000e+06
4.213000000000000256e+01 2.043571000000000000e+06
4.328999999999999915e+01 1.997531000000000000e+06
4.171000000000000085e+01 1.216343000000000000e+06
4.142999999999999972e+01 1.497671000000000000e+06
4.060000000000000142e+01 6.850310000000000000e+05
4.078000000000000114e+01 2.140041000000000000e+06
4.007000000000000028e+01 1.928610000000000000e+06
4.018999999999999773e+01 2.176679000000000000e+06
4.022999999999999687e+01 2.469389000000000000e+06
4.247999999999999687e+01 1.829299000000000000e+06
4.322999999999999687e+01 1.213329000000000000e+06
4.449000000000000199e+01 7.755449000000000000e+06
4.500999999999999801e+01 2.006011000000000000e+06
4.560999999999999943e+01 1.599233000000000000e+06
4.567000000000000171e+01 3.397693000000000000e+06
4.602000000000000313e+01 3.048932000000000000e+06
4.504999999999999716e+01 1.127778000000000000e+07
4.525999999999999801e+01 1.686936000000000000e+06
4.617999999999999972e+01 2.266100000000000000e+06
4.603999999999999915e+01 9.196950000000000000e+05
4.674000000000000199e+01 7.946230000000000000e+05
4.670000000000000284e+01 7.719750000000000000e+05
4.670000000000000284e+01 6.216340000000000000e+05
4.681000000000000227e+01 6.491800000000000000e+05
4.677000000000000313e+01 8.559020000000000000e+05
4.689000000000000057e+01 9.370790000000000000e+05
4.728000000000000114e+01 9.033060000000000000e+05
4.710999999999999943e+01 1.796471000000000000e+06
4.825999999999999801e+01 7.871690000000000000e+05
4.639999999999999858e+01 1.059212000000000000e+06
4.828000000000000114e+01 4.205810000000000000e+05
4.832000000000000028e+01 5.158110000000000000e+05
4.810000000000000142e+01 8.193330000000000000e+05
4.770000000000000284e+01 1.095040000000000000e+06
4.759000000000000341e+01 8.696140000000000000e+05
4.717999999999999972e+01 1.178675000000000000e+06
4.796999999999999886e+01 1.511094000000000000e+06
4.757999999999999829e+01 1.527785000000000000e+06
4.842000000000000171e+01 8.699590000000000000e+05
4.879999999999999716e+01 9.547200000000000000e+05
4.810999999999999943e+01 7.405650000000000000e+05
4.867000000000000171e+01 1.769920000000000000e+06
4.900999999999999801e+01 1.953488000000000000e+06
5.025999999999999801e+01 1.816327000000000000e+06
5.029999999999999716e+01 1.001057000000000000e+06
4.972999999999999687e+01 7.397870000000000000e+05
4.806000000000000227e+01 1.293718000000000000e+06
4.820000000000000284e+01 9.250170000000000000e+05
5.088000000000000256e+01 7.051470000000000000e+05
5.078000000000000114e+01 5.135530000000000000e+05
5.184000000000000341e+01 3.561820000000000000e+05
5.167000000000000171e+01 4.011480000000000000e+05
5.138000000000000256e+01 5.682300000000000000e+05
5.140999999999999659e+01 5.877920000000000000e+05
5.160000000000000142e+01 4.562940000000000000e+05
5.153000000000000114e+01 5.822550000000000000e+05
5.196000000000000085e+01 5.877960000000000000e+05
5.150000000000000000e+01 5.849600000000000000e+05
5.082999999999999829e+01 5.784470000000000000e+05
5.056000000000000227e+01 7.122500000000000000e+05
5.020000000000000284e+01 1.003691000000000000e+06
5.056000000000000227e+01 5.615890000000000000e+05
4.992000000000000171e+01 9.153100000000000000e+05
5.114999999999999858e+01 8.556400000000000000e+05
5.007999999999999829e+01 5.980370000000000000e+05
5.024000000000000199e+01 5.585560000000000000e+05
5.192000000000000171e+01 7.609020000000000000e+05
5.067000000000000171e+01 6.539380000000000000e+05
5.050999999999999801e+01 6.137520000000000000e+05
4.992999999999999972e+01 1.017141000000000000e+06
5.139999999999999858e+01 6.211490000000000000e+05
5.103999999999999915e+01 8.825450000000000000e+05
5.063000000000000256e+01 6.448680000000000000e+05
5.210999999999999943e+01 5.826540000000000000e+05
5.075999999999999801e+01 9.153170000000000000e+05
5.239999999999999858e+01 8.493760000000000000e+05
5.382999999999999829e+01 3.769830000000000000e+05
5.406000000000000227e+01 5.759070000000000000e+05
5.320000000000000284e+01 6.827420000000000000e+05
5.472999999999999687e+01 1.608433000000000000e+06
5.250999999999999801e+01 5.203350000000000000e+05
5.267999999999999972e+01 5.339820000000000000e+05
5.346000000000000085e+01 5.092950000000000000e+05
5.378000000000000114e+01 5.605240000000000000e+05
5.385999999999999943e+01 7.764450000000000000e+05
5.185000000000000142e+01 6.163020000000000000e+05
5.238000000000000256e+01 8.841970000000000000e+05
5.285999999999999943e+01 5.522860000000000000e+05
5.274000000000000199e+01 9.095680000000000000e+05
5.195000000000000284e+01 1.377167000000000000e+06
5.346999999999999886e+01 9.612200000000000000e+05
5.427000000000000313e+01 7.852170000000000000e+05
5.560999999999999943e+01 1.023222000000000000e+06
5.599000000000000199e+01 4.465220000000000000e+05
5.534000000000000341e+01 7.486280000000000000e+05
5.517000000000000171e+01 8.455880000000000000e+05
5.743999999999999773e+01 6.629040000000000000e+05
5.765999999999999659e+01 1.005273000000000000e+06
5.682000000000000028e+01 8.657750000000000000e+05
5.607999999999999829e+01 1.387110000000000000e+06
5.571000000000000085e+01 1.114220000000000000e+06
5.356000000000000227e+01 2.312293000000000000e+06
5.822999999999999687e+01 1.066652000000000000e+06
5.697999999999999687e+01 1.294976000000000000e+06
5.543999999999999773e+01 1.322178000000000000e+06
5.900000000000000000e+01 1.117932000000000000e+06
5.878000000000000114e+01 1.483093000000000000e+06
5.913000000000000256e+01 1.159979000000000000e+06
6.214999999999999858e+01 9.739480000000000000e+05
6.409000000000000341e+01 8.760510000000000000e+05
6.426000000000000512e+01 1.039728000000000000e+06
6.506000000000000227e+01 1.139435000000000000e+06
6.745999999999999375e+01 9.772240000000000000e+05
6.573000000000000398e+01 4.799860000000000000e+05
6.489000000000000057e+01 4.398060000000000000e+05
6.462000000000000455e+01 4.011550000000000000e+05
6.495000000000000284e+01 6.232970000000000000e+05
6.440999999999999659e+01 5.631830000000000000e+05
6.418999999999999773e+01 7.597110000000000000e+05
6.349000000000000199e+01 5.570830000000000000e+05
6.435999999999999943e+01 5.013860000000000000e+05
6.321999999999999886e+01 8.801220000000000000e+05
6.535999999999999943e+01 8.406470000000000000e+05
6.525000000000000000e+01 1.016915000000000000e+06
6.400000000000000000e+01 1.515636000000000000e+06
6.171000000000000085e+01 8.744930000000000000e+05
6.049000000000000199e+01 4.489840000000000000e+05
6.063000000000000256e+01 8.541660000000000000e+05
5.949000000000000199e+01 5.549650000000000000e+05
5.850999999999999801e+01 7.080790000000000000e+05
5.767000000000000171e+01 7.212690000000000000e+05
5.864000000000000057e+01 3.036530000000000000e+05
5.915999999999999659e+01 3.215080000000000000e+05
5.907000000000000028e+01 2.688240000000000000e+05
5.968999999999999773e+01 4.101190000000000000e+05
5.953999999999999915e+01 5.295240000000000000e+05
6.039000000000000057e+01 1.077506000000000000e+06
5.814000000000000057e+01 7.438990000000000000e+05
5.834000000000000341e+01 8.848230000000000000e+05
5.867999999999999972e+01 8.623250000000000000e+05
5.845000000000000284e+01 1.305142000000000000e+06
5.872999999999999687e+01 1.169277000000000000e+06
5.936999999999999744e+01 9.443030000000000000e+05
5.997999999999999687e+01 7.663120000000000000e+05
5.996999999999999886e+01 6.406830000000000000e+05
6.020000000000000284e+01 7.267310000000000000e+05
5.863000000000000256e+01 6.218220000000000000e+05
5.817000000000000171e+01 3.186530000000000000e+05
5.825000000000000000e+01 5.673630000000000000e+05
5.849000000000000199e+01 1.055345000000000000e+06
5.843999999999999773e+01 6.347210000000000000e+05
5.878999999999999915e+01 1.284156000000000000e+06
5.943999999999999773e+01 8.769760000000000000e+05
5.800999999999999801e+01 8.108060000000000000e+05
5.760999999999999943e+01 5.617570000000000000e+05
5.728999999999999915e+01 3.140020000000000000e+05
5.745000000000000284e+01 5.084230000000000000e+05
5.690999999999999659e+01 1.363333000000000000e+06
5.546000000000000085e+01 4.369400000000000000e+05
5.567000000000000171e+01 4.744780000000000000e+05
5.542000000000000171e+01 1.076258000000000000e+06
5.496999999999999886e+01 1.613464000000000000e+06
5.538000000000000256e+01 1.077258000000000000e+06
5.599000000000000199e+01 9.310180000000000000e+05
5.657999999999999829e+01 5.291890000000000000e+05
5.650000000000000000e+01 7.118220000000000000e+05
5.628999999999999915e+01 5.900550000000000000e+05
5.695000000000000284e+01 1.258074000000000000e+06
5.665999999999999659e+01 1.139801000000000000e+06
5.782000000000000028e+01 1.463204000000000000e+06
5.922999999999999687e+01 2.230285000000000000e+06
6.204999999999999716e+01 6.283810000000000000e+05
6.217999999999999972e+01 9.034750000000000000e+05
6.246000000000000085e+01 8.241920000000000000e+05
6.363000000000000256e+01 4.820740000000000000e+05
6.318999999999999773e+01 5.494740000000000000e+05
6.206000000000000227e+01 1.005553000000000000e+06
6.253999999999999915e+01 8.132620000000000000e+05
6.172999999999999687e+01 4.617230000000000000e+05
6.211999999999999744e+01 7.534250000000000000e+05
6.120000000000000284e+01 6.383530000000000000e+05
6.071000000000000085e+01 3.850570000000000000e+05
6.063000000000000256e+01 4.941470000000000000e+05
6.024000000000000199e+01 6.072100000000000000e+05
6.039999999999999858e+01 4.719540000000000000e+05
6.042999999999999972e+01 4.463760000000000000e+05
6.067000000000000171e+01 6.092880000000000000e+05
6.010000000000000142e+01 1.434781000000000000e+06
6.011999999999999744e+01 5.828170000000000000e+05
6.102000000000000313e+01 7.657540000000000000e+05
6.057000000000000028e+01 5.130530000000000000e+05
5.947999999999999687e+01 7.162890000000000000e+05
6.021999999999999886e+01 9.685370000000000000e+05
6.099000000000000199e+01 8.558170000000000000e+05
6.079999999999999716e+01 6.175300000000000000e+05
6.042999999999999972e+01 1.212042000000000000e+06
6.128999999999999915e+01 1.259189000000000000e+06
6.064000000000000057e+01 8.980690000000000000e+05
5.867999999999999972e+01 8.938860000000000000e+05
5.835000000000000142e+01 8.618640000000000000e+05
5.767999999999999972e+01 6.177260000000000000e+05
5.749000000000000199e+01 6.754450000000000000e+05
5.692999999999999972e+01 9.442070000000000000e+05
5.721000000000000085e+01 1.048364000000000000e+06
5.656000000000000227e+01 1.458641000000000000e+06
5.561999999999999744e+01 1.078580000000000000e+06
5.535000000000000142e+01 8.098340000000000000e+05
5.518999999999999773e+01 1.301000000000000000e+06
5.510999999999999943e+01 1.116781000000000000e+06
5.453999999999999915e+01 1.033300000000000000e+06
5.300000000000000000e+01 1.306071000000000000e+06
5.317999999999999972e+01 1.727018000000000000e+06
5.407999999999999829e+01 2.814373000000000000e+06
5.749000000000000199e+01 9.424170000000000000e+05
5.707000000000000028e+01 1.663785000000000000e+06
5.710000000000000142e+01 1.125546000000000000e+06
5.575999999999999801e+01 1.182044000000000000e+06
5.534000000000000341e+01 6.662140000000000000e+05
5.553999999999999915e+01 9.526470000000000000e+05
5.532000000000000028e+01 1.080727000000000000e+06
5.664999999999999858e+01 1.240636000000000000e+06
5.721000000000000085e+01 1.196937000000000000e+06
5.685999999999999943e+01 1.443650000000000000e+06
5.745000000000000284e+01 2.621539000000000000e+06
5.596999999999999886e+01 1.869976000000000000e+06
5.750000000000000000e+01 2.883407000000000000e+06
5.800999999999999801e+01 1.810064000000000000e+06
5.735999999999999943e+01 2.381546000000000000e+06
5.796999999999999886e+01 1.750028000000000000e+06
5.850000000000000000e+01 3.174395000000000000e+06
5.671999999999999886e+01 4.509102000000000000e+06
5.689999999999999858e+01 4.069161000000000000e+06
6.171999999999999886e+01 1.120810500000000000e+07
6.456999999999999318e+01 3.353680000000000000e+05
6.400000000000000000e+01 3.429600000000000000e+04
6.489000000000000057e+01 1.124320000000000000e+05
6.625000000000000000e+01 2.678400000000000000e+04
6.600000000000000000e+01 1.907900000000000000e+04
6.726000000000000512e+01 1.010000000000000000e+02
6.800000000000000000e+01 1.297000000000000000e+04
6.908419999999999561e+01 3.000000000000000000e+00
6.908419999999999561e+01 1.362000000000000000e+03
6.900000000000000000e+01 4.650000000000000000e+03
6.892260000000000275e+01 1.562000000000000000e+03
6.900000000000000000e+01 2.839000000000000000e+04
6.895000000000000284e+01 1.805000000000000000e+03
7.000000000000000000e+01 3.571900000000000000e+04
7.000000000000000000e+01 3.398200000000000000e+04
