1.050000000000000000e+01 1.074148300000000000e+07
1.096000000000000085e+01 1.166754800000000000e+07
1.188000000000000078e+01 6.679060000000000000e+06
1.240000000000000036e+01 5.350815000000000000e+06
1.161999999999999922e+01 5.685355000000000000e+06
1.125000000000000000e+01 9.503161000000000000e+06
9.330000000000000071e+00 9.818820000000000000e+06
1.000000000000000000e+01 1.200310600000000000e+07
1.014000000000000057e+01 9.058960000000000000e+06
9.699999999999999289e+00 1.254913600000000000e+07
1.125000000000000000e+01 1.247861500000000000e+07
1.160999999999999943e+01 1.428483500000000000e+07
1.273000000000000043e+01 9.728863000000000000e+06
1.069999999999999929e+01 1.113685300000000000e+07
1.271000000000000085e+01 1.075418700000000000e+07
1.375999999999999979e+01 1.137458300000000000e+07
1.250000000000000000e+01 2.012151700000000000e+07
1.607999999999999829e+01 1.490235700000000000e+07
1.696000000000000085e+01 9.556403000000000000e+06
1.728000000000000114e+01 8.520500000000000000e+06
1.653000000000000114e+01 9.923921000000000000e+06
1.717000000000000171e+01 1.059983000000000000e+07
1.608999999999999986e+01 2.876003000000000000e+07
1.667000000000000171e+01 1.054851400000000000e+07
1.776000000000000156e+01 1.181523600000000000e+07
1.862000000000000099e+01 8.797804000000000000e+06
1.948000000000000043e+01 8.656917000000000000e+06
2.053000000000000114e+01 5.956173000000000000e+06
2.066000000000000014e+01 5.010987000000000000e+06
2.080999999999999872e+01 6.735131000000000000e+06
2.091000000000000014e+01 6.982649000000000000e+06
2.198000000000000043e+01 2.657661000000000000e+06
2.207999999999999829e+01 3.625028000000000000e+06
2.216000000000000014e+01 6.024993000000000000e+06
2.214000000000000057e+01 4.126710000000000000e+06
2.214999999999999858e+01 3.183971000000000000e+06
2.244999999999999929e+01 4.115912000000000000e+06
2.223000000000000043e+01 4.529054000000000000e+06
2.185000000000000142e+01 4.678408000000000000e+06
2.130999999999999872e+01 6.352265000000000000e+06
2.151000000000000156e+01 4.837012000000000000e+06
2.166000000000000014e+01 5.341301000000000000e+06
2.216580000000000084e+01 7.346422000000000000e+06
2.130300000000000082e+01 5.450265000000000000e+06
2.171950000000000003e+01 5.238237000000000000e+06
2.186830000000000140e+01 5.917013000000000000e+06
2.267160000000000153e+01 5.023568000000000000e+06
2.277080000000000126e+01 7.188458000000000000e+06
2.249309999999999832e+01 8.477893000000000000e+06
2.254269999999999996e+01 9.748894000000000000e+06
2.341540000000000177e+01 5.454792000000000000e+06
2.331619999999999848e+01 5.739674000000000000e+06
2.312780000000000058e+01 4.815352000000000000e+06
2.382199999999999918e+01 7.146009000000000000e+06
2.420880000000000010e+01 6.227506000000000000e+06
2.465510000000000090e+01 3.548686000000000000e+06
2.483360000000000056e+01 3.452836000000000000e+06
2.456589999999999918e+01 5.871695000000000000e+06
2.488319999999999865e+01 5.493390000000000000e+06
2.530969999999999942e+01 4.244463000000000000e+06
2.542869999999999919e+01 3.125678000000000000e+06
2.539890000000000114e+01 4.714909000000000000e+06
2.541880000000000095e+01 3.114145000000000000e+06
2.541880000000000095e+01 2.828499000000000000e+06
2.527990000000000137e+01 2.555934000000000000e+06
2.534929999999999950e+01 2.146708000000000000e+06
2.526999999999999957e+01 9.584380000000000000e+05
2.529980000000000118e+01 3.453694000000000000e+06
2.488319999999999865e+01 1.004809600000000000e+07
2.476419999999999888e+01 4.404477000000000000e+06
2.452619999999999933e+01 5.406835000000000000e+06
2.416910000000000025e+01 4.806565000000000000e+06
2.375260000000000105e+01 5.239288000000000000e+06
2.344519999999999982e+01 4.890618000000000000e+06
2.356419999999999959e+01 7.255407000000000000e+06
2.249309999999999832e+01 7.715927000000000000e+06
2.215589999999999904e+01 8.649498000000000000e+06
2.206660000000000110e+01 4.963498000000000000e+06
2.202700000000000102e+01 5.339741000000000000e+06
2.195749999999999957e+01 2.855644000000000000e+06
2.198730000000000118e+01 4.406584000000000000e+06
2.114430000000000121e+01 5.288155000000000000e+06
2.195749999999999957e+01 3.491414000000000000e+06
2.223519999999999897e+01 1.993600000000000000e+06
2.236410000000000053e+01 3.115537000000000000e+06
2.242370000000000019e+01 7.784770000000000000e+06
2.235419999999999874e+01 3.678493000000000000e+06
2.223519999999999897e+01 3.481081000000000000e+06
2.240380000000000038e+01 3.067815000000000000e+06
2.223519999999999897e+01 3.386450000000000000e+06
2.182860000000000156e+01 3.623046000000000000e+06
2.198730000000000118e+01 1.129278900000000000e+07
2.250300000000000011e+01 4.730917000000000000e+06
2.170959999999999823e+01 2.587210000000000000e+06
2.146160000000000068e+01 2.236542000000000000e+06
2.190790000000000148e+01 3.221809000000000000e+06
2.202700000000000102e+01 2.488244000000000000e+06
2.206660000000000110e+01 3.007215000000000000e+06
2.189799999999999969e+01 3.944115000000000000e+06
2.159309999999999974e+01 3.541335000000000000e+06
2.226200000000000045e+01 4.480114000000000000e+06
2.198659999999999926e+01 4.923629000000000000e+06
2.154390000000000072e+01 4.457662000000000000e+06
2.105199999999999960e+01 5.869188000000000000e+06
2.126839999999999975e+01 6.093901000000000000e+06
2.154390000000000072e+01 8.288468000000000000e+06
2.163240000000000052e+01 4.371610000000000000e+06
2.201610000000000156e+01 4.691918000000000000e+06
2.196689999999999898e+01 3.845270000000000000e+06
2.274399999999999977e+01 4.109527000000000000e+06
2.226200000000000045e+01 2.929518000000000000e+06
2.176030000000000086e+01 7.276078000000000000e+06
2.141600000000000037e+01 2.826912000000000000e+06
2.172090000000000032e+01 4.260906000000000000e+06
2.163240000000000052e+01 3.548011000000000000e+06
2.193740000000000023e+01 4.684908000000000000e+06
2.195700000000000074e+01 3.674201000000000000e+06
2.186850000000000094e+01 5.358817000000000000e+06
2.144549999999999912e+01 3.245840000000000000e+06
2.125860000000000127e+01 2.514944000000000000e+06
2.103229999999999933e+01 3.187919000000000000e+06
2.154390000000000072e+01 3.911465000000000000e+06
2.210460000000000136e+01 4.581755000000000000e+06
2.232100000000000151e+01 5.887271000000000000e+06
2.178000000000000114e+01 5.016424000000000000e+06
2.230140000000000100e+01 6.917323000000000000e+06
2.282270000000000110e+01 8.175916000000000000e+06
2.364910000000000068e+01 3.163733600000000000e+07
2.354090000000000060e+01 8.709360000000000000e+06
2.389499999999999957e+01 8.957618000000000000e+06
2.326539999999999964e+01 8.521293000000000000e+06
2.351139999999999830e+01 1.226681300000000000e+07
2.320639999999999858e+01 1.455648300000000000e+07
2.283259999999999934e+01 4.714542000000000000e+06
2.285219999999999985e+01 5.778994000000000000e+06
2.299980000000000047e+01 8.637562000000000000e+06
2.342279999999999873e+01 2.234525800000000000e+07
2.235050000000000026e+01 1.086226300000000000e+07
2.227179999999999893e+01 6.784937000000000000e+07
2.192749999999999844e+01 1.237979500000000000e+07
2.371790000000000020e+01 3.549789000000000000e+06
2.378679999999999950e+01 4.468025000000000000e+06
2.314740000000000109e+01 3.743978000000000000e+06
2.313749999999999929e+01 4.927400000000000000e+06
2.224230000000000018e+01 5.410469000000000000e+06
2.178979999999999961e+01 5.157378000000000000e+06
2.133729999999999905e+01 4.984746000000000000e+06
2.152420000000000044e+01 3.308547000000000000e+06
2.128810000000000002e+01 4.268786000000000000e+06
2.094379999999999953e+01 3.887431000000000000e+06
2.095360000000000156e+01 4.018410000000000000e+06
2.054050000000000153e+01 5.048700000000000000e+06
2.108149999999999835e+01 4.029795000000000000e+06
2.089460000000000051e+01 2.905976000000000000e+06
2.076670000000000016e+01 4.000047000000000000e+06
2.107169999999999987e+01 4.086993000000000000e+06
2.071750000000000114e+01 6.012702000000000000e+06
2.037320000000000064e+01 7.326650000000000000e+06
2.165210000000000079e+01 5.437432000000000000e+06
2.318669999999999831e+01 3.338367000000000000e+06
2.303920000000000101e+01 4.013332000000000000e+06
2.311730000000000018e+01 3.147238000000000000e+06
2.356629999999999825e+01 4.279518000000000000e+06
2.280489999999999995e+01 4.421614000000000000e+06
2.312699999999999889e+01 3.429919000000000000e+06
2.324419999999999931e+01 4.401181000000000000e+06
2.350779999999999959e+01 5.043223000000000000e+06
2.466949999999999932e+01 6.346445000000000000e+06
2.478659999999999997e+01 7.307153000000000000e+06
2.392749999999999844e+01 6.000124000000000000e+06
2.351749999999999829e+01 2.924713000000000000e+06
2.424970000000000070e+01 3.898266000000000000e+06
2.403490000000000038e+01 3.395960000000000000e+06
2.426920000000000144e+01 2.889184000000000000e+06
2.373229999999999862e+01 4.163286000000000000e+06
2.339059999999999917e+01 4.344434000000000000e+06
2.300009999999999977e+01 5.472146000000000000e+06
2.275609999999999999e+01 1.121292700000000000e+07
2.263889999999999958e+01 8.301958000000000000e+06
2.351749999999999829e+01 5.331879000000000000e+06
2.410330000000000084e+01 3.081302000000000000e+06
2.441570000000000107e+01 2.563664000000000000e+06
2.464020000000000010e+01 3.322789000000000000e+06
2.477690000000000126e+01 2.234182000000000000e+06
2.440589999999999904e+01 3.473169000000000000e+06
2.459140000000000015e+01 3.622935000000000000e+06
2.396659999999999968e+01 1.951786000000000000e+06
2.392749999999999844e+01 1.584480000000000000e+06
2.393730000000000047e+01 6.348563000000000000e+06
2.458160000000000167e+01 4.265855000000000000e+06
2.404469999999999885e+01 9.899315000000000000e+06
2.410330000000000084e+01 3.301872000000000000e+06
2.416179999999999950e+01 3.669719000000000000e+06
2.403490000000000038e+01 2.885682000000000000e+06
2.413250000000000028e+01 3.145751000000000000e+06
2.457179999999999964e+01 7.018115000000000000e+06
2.378109999999999857e+01 4.282407000000000000e+06
2.276579999999999870e+01 3.187386000000000000e+06
2.254129999999999967e+01 5.238131000000000000e+06
2.186769999999999925e+01 3.804710000000000000e+06
2.162359999999999971e+01 4.031725000000000000e+06
2.223860000000000170e+01 3.088787000000000000e+06
2.177009999999999934e+01 3.622549000000000000e+06
2.260960000000000036e+01 3.697538000000000000e+06
2.285369999999999990e+01 3.219558000000000000e+06
2.276579999999999870e+01 4.241017000000000000e+06
2.240459999999999852e+01 5.709917000000000000e+06
2.170169999999999888e+01 3.905745000000000000e+06
2.151620000000000132e+01 4.720498000000000000e+06
2.132100000000000151e+01 5.017354000000000000e+06
2.090119999999999933e+01 5.449854000000000000e+06
2.066689999999999827e+01 3.345422000000000000e+06
2.118430000000000035e+01 4.032984000000000000e+06
2.164310000000000045e+01 4.250319000000000000e+06
2.168220000000000169e+01 5.048168000000000000e+06
2.251200000000000045e+01 6.555621000000000000e+06
2.280489999999999995e+01 5.351212000000000000e+06
2.304889999999999972e+01 3.882647000000000000e+06
2.273649999999999949e+01 4.750607000000000000e+06
2.219399999999999906e+01 4.270066000000000000e+06
2.226180000000000092e+01 3.052548000000000000e+06
2.202929999999999922e+01 2.678868000000000000e+06
2.158370000000000033e+01 3.404195000000000000e+06
2.106060000000000088e+01 4.444116000000000000e+06
2.162249999999999872e+01 3.950586000000000000e+06
2.190340000000000131e+01 6.478687000000000000e+06
2.223280000000000101e+01 3.673972000000000000e+06
2.248470000000000013e+01 2.857092000000000000e+06
2.319180000000000064e+01 3.463070000000000000e+06
2.337590000000000146e+01 4.917106000000000000e+06
2.278500000000000014e+01 4.682408000000000000e+06
2.281400000000000006e+01 7.400460000000000000e+06
2.326930000000000121e+01 1.078605400000000000e+07
2.515840000000000032e+01 3.721974000000000000e+06
2.478059999999999974e+01 3.062910000000000000e+06
2.477090000000000103e+01 4.365776000000000000e+06
2.480959999999999965e+01 3.725294000000000000e+06
2.515840000000000032e+01 7.332265000000000000e+06
2.576869999999999905e+01 4.087683000000000000e+06
2.480000000000000071e+01 2.879382000000000000e+06
2.497429999999999950e+01 3.486895000000000000e+06
2.503249999999999886e+01 4.412250000000000000e+06
2.513899999999999935e+01 2.892533000000000000e+06
2.555559999999999832e+01 4.508592000000000000e+06
2.582679999999999865e+01 2.695470000000000000e+06
2.603030000000000044e+01 3.018878000000000000e+06
2.584619999999999962e+01 4.457658000000000000e+06
2.598179999999999978e+01 4.881756000000000000e+06
2.594310000000000116e+01 3.982865000000000000e+06
2.593339999999999890e+01 4.255883000000000000e+06
2.564280000000000115e+01 5.337981000000000000e+06
2.614649999999999963e+01 5.730234000000000000e+06
2.696999999999999886e+01 4.567208000000000000e+06
2.685369999999999990e+01 7.450791000000000000e+06
2.631119999999999948e+01 3.084932000000000000e+06
2.642749999999999844e+01 2.487843000000000000e+06
2.681500000000000128e+01 2.738072000000000000e+06
2.657280000000000086e+01 2.448312000000000000e+06
2.631119999999999948e+01 4.306279000000000000e+06
2.757059999999999889e+01 3.163705000000000000e+06
2.736710000000000065e+01 4.939724000000000000e+06
2.695060000000000144e+01 4.848429000000000000e+06
2.729929999999999879e+01 4.398011000000000000e+06
2.697960000000000136e+01 9.978705000000000000e+06
2.684400000000000119e+01 5.624223000000000000e+06
2.639839999999999876e+01 3.097561000000000000e+06
2.598179999999999978e+01 3.879369000000000000e+06
2.567180000000000106e+01 4.562974000000000000e+06
2.492589999999999861e+01 3.554655000000000000e+06
2.523590000000000089e+01 3.988692000000000000e+06
2.548780000000000001e+01 4.412512000000000000e+06
2.626279999999999859e+01 4.287719000000000000e+06
2.624340000000000117e+01 4.308291000000000000e+06
2.625309999999999988e+01 4.128479000000000000e+06
2.555559999999999832e+01 4.311573000000000000e+06
2.583650000000000091e+01 2.526600000000000000e+06
2.591400000000000148e+01 4.086698000000000000e+06
2.591400000000000148e+01 3.392995000000000000e+06
2.552649999999999864e+01 3.507233000000000000e+06
2.544900000000000162e+01 4.052337000000000000e+06
2.574930000000000163e+01 4.672652000000000000e+06
2.527459999999999951e+01 2.939748000000000000e+06
2.502280000000000015e+01 4.119217000000000000e+06
2.483869999999999933e+01 6.223615000000000000e+06
2.434459999999999980e+01 4.004429000000000000e+06
2.396679999999999922e+01 6.388382000000000000e+06
2.404429999999999978e+01 3.831120000000000000e+06
2.384090000000000131e+01 4.403710000000000000e+06
2.362780000000000058e+01 5.052330000000000000e+06
2.410249999999999915e+01 4.800917000000000000e+06
2.424780000000000157e+01 6.189192000000000000e+06
2.381180000000000163e+01 6.067042000000000000e+06
2.358899999999999864e+01 4.559396000000000000e+06
2.266590000000000060e+01 9.064881000000000000e+06
2.302169999999999916e+01 4.274935000000000000e+06
2.227159999999999940e+01 3.365236000000000000e+06
2.209850000000000136e+01 4.181102000000000000e+06
2.258889999999999887e+01 6.687158000000000000e+06
2.215619999999999834e+01 4.706588000000000000e+06
2.209850000000000136e+01 4.654902000000000000e+06
2.285820000000000007e+01 5.088909000000000000e+06
2.319480000000000075e+01 4.566736000000000000e+06
2.274279999999999902e+01 3.884342000000000000e+06
2.226200000000000045e+01 4.029183000000000000e+06
2.213690000000000069e+01 3.370659000000000000e+06
2.234850000000000136e+01 4.804136000000000000e+06
2.221389999999999887e+01 4.876129000000000000e+06
2.245429999999999993e+01 5.316546000000000000e+06
2.228119999999999834e+01 5.216957000000000000e+06
2.231970000000000098e+01 4.959081000000000000e+06
2.168499999999999872e+01 4.740142000000000000e+06
2.111759999999999948e+01 5.040397000000000000e+06
2.010790000000000077e+01 6.672873000000000000e+06
2.024249999999999972e+01 7.149983000000000000e+06
2.067530000000000001e+01 3.802242000000000000e+06
2.061759999999999948e+01 4.525218000000000000e+06
2.065599999999999881e+01 6.580952000000000000e+06
2.069450000000000145e+01 4.106346000000000000e+06
1.969440000000000168e+01 2.644118000000000000e+06
2.006940000000000168e+01 1.035276700000000000e+07
2.002130000000000010e+01 6.532902000000000000e+06
2.023290000000000077e+01 8.910841000000000000e+06
2.040599999999999881e+01 5.191393000000000000e+06
2.079070000000000107e+01 6.504954000000000000e+06
2.062719999999999843e+01 9.238410000000000000e+06
2.118489999999999895e+01 5.966935000000000000e+06
2.074259999999999948e+01 5.014283000000000000e+06
2.047329999999999828e+01 6.700026000000000000e+06
2.045410000000000039e+01 4.871029000000000000e+06
2.082910000000000039e+01 5.081164000000000000e+06
2.064639999999999986e+01 7.052143000000000000e+06
2.129070000000000107e+01 6.976513000000000000e+06
2.235810000000000031e+01 8.005243000000000000e+06
2.194460000000000122e+01 1.448178100000000000e+07
2.222350000000000136e+01 6.214876000000000000e+06
2.205999999999999872e+01 5.843916000000000000e+06
2.152149999999999963e+01 9.160281000000000000e+06
2.179080000000000084e+01 6.159320000000000000e+06
2.159840000000000160e+01 3.648090000000000000e+06
2.165609999999999857e+01 5.112232000000000000e+06
2.155030000000000001e+01 1.092745200000000000e+07
2.211769999999999925e+01 9.407796000000000000e+06
2.247350000000000136e+01 1.683584800000000000e+07
2.238700000000000045e+01 1.506023200000000000e+07
2.209120000000000061e+01 7.909049200000000000e+07
2.271140000000000114e+01 1.286964700000000000e+07
2.255870000000000175e+01 7.951561000000000000e+06
2.434319999999999951e+01 8.250516000000000000e+06
2.552649999999999864e+01 4.053441000000000000e+06
2.581279999999999930e+01 3.369561000000000000e+06
2.591769999999999996e+01 6.124132000000000000e+06
2.562190000000000012e+01 4.958044000000000000e+06
2.487760000000000105e+01 5.121766000000000000e+06
2.470579999999999998e+01 5.757399000000000000e+06
2.546920000000000073e+01 6.849894000000000000e+06
2.601320000000000121e+01 7.803737000000000000e+06
2.537379999999999924e+01 4.944051000000000000e+06
2.610859999999999914e+01 4.953061000000000000e+06
2.628989999999999938e+01 3.299914000000000000e+06
2.613719999999999999e+01 3.614298000000000000e+06
2.755910000000000082e+01 4.074021000000000000e+06
2.861830000000000140e+01 3.779398000000000000e+06
2.857059999999999889e+01 2.728521000000000000e+06
2.906680000000000064e+01 4.214734000000000000e+06
2.938169999999999860e+01 2.337061000000000000e+06
2.942940000000000111e+01 3.662137000000000000e+06
2.928630000000000067e+01 2.407805000000000000e+06
2.943900000000000006e+01 2.514088000000000000e+06
2.925769999999999982e+01 3.271626000000000000e+06
3.046000000000000085e+01 3.777081000000000000e+06
3.113759999999999906e+01 2.625832000000000000e+06
3.043140000000000001e+01 2.330921000000000000e+06
3.044089999999999918e+01 2.577969000000000000e+06
3.087040000000000006e+01 3.206912000000000000e+06
3.056500000000000128e+01 6.746579000000000000e+06
3.077489999999999881e+01 3.909957000000000000e+06
3.147149999999999892e+01 4.288934000000000000e+06
3.228269999999999840e+01 3.297710000000000000e+06
3.228269999999999840e+01 4.855110000000000000e+06
3.227309999999999945e+01 3.592419000000000000e+06
3.193909999999999982e+01 2.961933000000000000e+06
3.133790000000000120e+01 3.079704000000000000e+06
3.139519999999999911e+01 3.918310000000000000e+06
3.097530000000000072e+01 2.204880000000000000e+06
3.136659999999999826e+01 2.636388000000000000e+06
3.077489999999999881e+01 3.243165000000000000e+06
3.016420000000000101e+01 2.239435000000000000e+06
3.011649999999999849e+01 3.560319000000000000e+06
3.080359999999999943e+01 2.502303000000000000e+06
3.091809999999999903e+01 2.647117000000000000e+06
3.109939999999999927e+01 2.681972000000000000e+06
3.046959999999999980e+01 1.898502000000000000e+06
2.998290000000000077e+01 3.463090000000000000e+06
2.957260000000000133e+01 2.983471000000000000e+06
3.022149999999999892e+01 2.178138000000000000e+06
3.089900000000000091e+01 2.243929000000000000e+06
3.146199999999999974e+01 2.892970000000000000e+06
3.242580000000000240e+01 1.767453000000000000e+06
3.244489999999999696e+01 2.639498000000000000e+06
3.188190000000000168e+01 3.089704000000000000e+06
3.175779999999999959e+01 1.756854000000000000e+06
3.128069999999999951e+01 1.727730000000000000e+06
3.083220000000000027e+01 2.958496000000000000e+06
3.103259999999999863e+01 2.482470000000000000e+06
3.081309999999999860e+01 2.823750000000000000e+06
3.054589999999999961e+01 3.837131000000000000e+06
2.959159999999999968e+01 4.408943000000000000e+06
3.013560000000000016e+01 3.431282000000000000e+06
3.035510000000000019e+01 4.941415000000000000e+06
3.237810000000000343e+01 4.357265000000000000e+06
3.255939999999999657e+01 4.305686000000000000e+06
3.298660000000000281e+01 2.381180000000000000e+06
3.291060000000000230e+01 3.040197000000000000e+06
3.327129999999999654e+01 2.312494000000000000e+06
3.339470000000000027e+01 2.661171000000000000e+06
3.312899999999999778e+01 4.814308000000000000e+06
3.216069999999999851e+01 4.126287000000000000e+06
3.221770000000000067e+01 2.175346000000000000e+06
3.253090000000000259e+01 2.943697000000000000e+06
3.282520000000000238e+01 3.416159000000000000e+06
3.292960000000000065e+01 3.035091000000000000e+06
3.296759999999999735e+01 3.866246000000000000e+06
3.229359999999999786e+01 3.515351000000000000e+06
3.158170000000000144e+01 4.975683000000000000e+06
3.131589999999999918e+01 5.201897000000000000e+06
3.085069999999999979e+01 5.229772000000000000e+06
3.037610000000000099e+01 8.592427000000000000e+06
3.016730000000000089e+01 5.255774000000000000e+06
3.089819999999999922e+01 4.141735000000000000e+06
3.098359999999999914e+01 3.691910000000000000e+06
3.068939999999999912e+01 1.388061000000000000e+06
3.097409999999999997e+01 2.337615000000000000e+06
3.110699999999999932e+01 4.180808000000000000e+06
3.124940000000000140e+01 3.758112000000000000e+06
3.253090000000000259e+01 2.315578000000000000e+06
3.269230000000000302e+01 2.481923000000000000e+06
3.196140000000000114e+01 2.491798000000000000e+06
3.156269999999999953e+01 2.406132000000000000e+06
3.160069999999999979e+01 2.004645000000000000e+06
3.126839999999999975e+01 3.634627000000000000e+06
3.135379999999999967e+01 3.390424000000000000e+06
3.127789999999999893e+01 2.929793000000000000e+06
3.189489999999999981e+01 4.098515000000000000e+06
3.144879999999999853e+01 3.695764000000000000e+06
3.079380000000000095e+01 3.520167000000000000e+06
3.105959999999999965e+01 1.048324800000000000e+07
3.067989999999999995e+01 4.137672000000000000e+06
3.139179999999999993e+01 3.138257000000000000e+06
3.108810000000000073e+01 5.834334000000000000e+06
3.088870000000000005e+01 5.268084000000000000e+06
3.091720000000000113e+01 8.217353000000000000e+06
3.197090000000000032e+01 4.253628000000000000e+06
3.233160000000000167e+01 4.910865000000000000e+06
3.278719999999999857e+01 4.079426000000000000e+06
3.241700000000000159e+01 3.581486000000000000e+06
3.293910000000000338e+01 3.121335000000000000e+06
3.292960000000000065e+01 4.292991000000000000e+06
3.288210000000000122e+01 6.149425000000000000e+06
3.190439999999999898e+01 5.632560000000000000e+06
3.101210000000000022e+01 6.237130000000000000e+06
3.315740000000000265e+01 2.905435000000000000e+06
3.283469999999999800e+01 5.033894000000000000e+06
3.387890000000000157e+01 2.507938000000000000e+06
3.310049999999999670e+01 3.065881000000000000e+06
3.293910000000000338e+01 3.602496000000000000e+06
3.385990000000000322e+01 3.014727000000000000e+06
3.421110000000000184e+01 4.017386000000000000e+06
3.455279999999999774e+01 3.080345000000000000e+06
3.444839999999999947e+01 2.980350000000000000e+06
3.388170000000000215e+01 3.681501000000000000e+06
3.460900000000000176e+01 4.268101000000000000e+06
3.480740000000000123e+01 2.877046000000000000e+06
3.407059999999999889e+01 2.359102000000000000e+06
3.370219999999999771e+01 2.073359000000000000e+06
3.377779999999999916e+01 2.741823000000000000e+06
3.417450000000000188e+01 3.814749000000000000e+06
3.435399999999999920e+01 5.141280000000000000e+06
3.403280000000000172e+01 3.299763000000000000e+06
3.365500000000000114e+01 3.528953000000000000e+06
3.400450000000000017e+01 3.047756000000000000e+06
3.362660000000000338e+01 3.838269000000000000e+06
3.362660000000000338e+01 3.925259000000000000e+06
3.366440000000000055e+01 4.064972000000000000e+06
3.410840000000000316e+01 3.522536000000000000e+06
3.400450000000000017e+01 4.649290000000000000e+06
3.398559999999999803e+01 3.711334000000000000e+06
3.316380000000000194e+01 4.332688000000000000e+06
3.271039999999999992e+01 3.588854000000000000e+06
3.301270000000000238e+01 5.526818000000000000e+06
3.210589999999999833e+01 8.271250000000000000e+06
3.184140000000000015e+01 4.564691000000000000e+06
3.188860000000000028e+01 4.437839000000000000e+06
3.099129999999999896e+01 3.252478000000000000e+06
3.101960000000000051e+01 3.279568000000000000e+06
3.076460000000000150e+01 3.357215000000000000e+06
3.034900000000000020e+01 4.044515000000000000e+06
2.948939999999999984e+01 3.364217000000000000e+06
2.917770000000000152e+01 4.223146000000000000e+06
2.777029999999999887e+01 3.758632000000000000e+06
2.794030000000000058e+01 3.700144000000000000e+06
2.806309999999999860e+01 5.216825000000000000e+06
2.829929999999999879e+01 6.282914000000000000e+06
2.731690000000000040e+01 5.743935000000000000e+06
2.623069999999999879e+01 4.745039000000000000e+06
2.623069999999999879e+01 7.008341000000000000e+06
2.651399999999999935e+01 4.761650000000000000e+06
2.758139999999999858e+01 5.731573000000000000e+06
2.825199999999999889e+01 6.474898000000000000e+06
2.758139999999999858e+01 5.871071000000000000e+06
2.812930000000000064e+01 4.484641000000000000e+06
2.924380000000000024e+01 5.712444000000000000e+06
2.819539999999999935e+01 5.456174000000000000e+06
2.887549999999999883e+01 4.534922000000000000e+06
2.920609999999999928e+01 9.493239000000000000e+06
2.823320000000000007e+01 5.503049000000000000e+06
2.890380000000000038e+01 4.036388000000000000e+06
2.866769999999999996e+01 4.835778000000000000e+06
2.908330000000000126e+01 5.685453000000000000e+06
2.856380000000000052e+01 5.969609000000000000e+06
2.768530000000000157e+01 7.504057000000000000e+06
2.731690000000000040e+01 6.977356000000000000e+06
2.696740000000000137e+01 5.565866000000000000e+06
2.646679999999999922e+01 4.058516000000000000e+06
2.592839999999999989e+01 3.327568000000000000e+06
2.562610000000000099e+01 8.132227000000000000e+06
2.493659999999999854e+01 3.647088000000000000e+06
2.550339999999999918e+01 3.059651000000000000e+06
2.609840000000000160e+01 5.882003000000000000e+06
2.647629999999999839e+01 4.792860000000000000e+06
2.648570000000000135e+01 8.683020000000000000e+06
2.527670000000000172e+01 1.132975500000000000e+07
2.497439999999999927e+01 3.579816000000000000e+06
2.505940000000000012e+01 4.427113000000000000e+06
2.469099999999999895e+01 4.558422000000000000e+06
2.495550000000000068e+01 6.051484000000000000e+06
2.450209999999999866e+01 4.457141000000000000e+06
2.536169999999999902e+01 8.965030000000000000e+06
2.503109999999999857e+01 6.332864000000000000e+06
2.597560000000000002e+01 7.624041000000000000e+06
2.721300000000000097e+01 3.648817000000000000e+06
2.760030000000000072e+01 8.302495000000000000e+06
2.775140000000000029e+01 4.381147000000000000e+06
2.932890000000000086e+01 6.474646000000000000e+06
3.047459999999999880e+01 6.529577000000000000e+06
3.019279999999999831e+01 7.510058000000000000e+06
2.992050000000000054e+01 6.472064000000000000e+06
2.948849999999999838e+01 4.789234000000000000e+06
3.074690000000000012e+01 3.844610000000000000e+06
3.034309999999999974e+01 6.468825000000000000e+06
3.172360000000000113e+01 1.020973500000000000e+07
3.363940000000000197e+01 6.128056000000000000e+06
3.338589999999999947e+01 5.954007000000000000e+06
3.262519999999999953e+01 4.955688000000000000e+06
3.262519999999999953e+01 6.984811000000000000e+06
3.408080000000000354e+01 4.074878000000000000e+06
3.407139999999999702e+01 3.872590000000000000e+06
3.493540000000000134e+01 4.080810000000000000e+06
3.427799999999999869e+01 5.542035000000000000e+06
3.331069999999999709e+01 3.495733000000000000e+06
3.289750000000000085e+01 3.356487000000000000e+06
3.240919999999999845e+01 4.481918000000000000e+06
3.234340000000000259e+01 3.947873000000000000e+06
3.252190000000000225e+01 6.065310000000000000e+06
3.148880000000000123e+01 4.944285000000000000e+06
3.026800000000000068e+01 3.583379000000000000e+06
2.971389999999999887e+01 3.023416000000000000e+06
2.948849999999999838e+01 2.744105000000000000e+06
3.008020000000000138e+01 2.759100000000000000e+06
3.010829999999999984e+01 2.190392000000000000e+06
3.026800000000000068e+01 2.629036000000000000e+06
3.033370000000000033e+01 6.188646000000000000e+06
3.074690000000000012e+01 4.425770000000000000e+06
2.989229999999999876e+01 5.851103000000000000e+06
2.914099999999999824e+01 6.013378000000000000e+06
2.841789999999999949e+01 8.529367000000000000e+06
2.872779999999999845e+01 7.625132000000000000e+06
2.848359999999999914e+01 5.384630000000000000e+06
2.906589999999999918e+01 5.889048000000000000e+06
2.872779999999999845e+01 6.731879000000000000e+06
2.841789999999999949e+01 4.519560000000000000e+06
2.852120000000000033e+01 3.668150000000000000e+06
2.865269999999999939e+01 4.477402000000000000e+06
2.893440000000000012e+01 4.479038000000000000e+06
2.977959999999999852e+01 7.927222000000000000e+06
2.883109999999999928e+01 1.079540300000000000e+07
2.792020000000000124e+01 1.160644400000000000e+07
2.815490000000000137e+01 4.887853000000000000e+06
2.824889999999999901e+01 4.188487000000000000e+06
2.846490000000000009e+01 2.496497000000000000e+06
2.892500000000000071e+01 1.314053000000000000e+06
2.884049999999999869e+01 3.295023000000000000e+06
2.879360000000000142e+01 3.346073000000000000e+06
2.858689999999999998e+01 3.925683000000000000e+06
2.902830000000000155e+01 2.689424000000000000e+06
2.831459999999999866e+01 3.926933000000000000e+06
2.873720000000000141e+01 4.624683000000000000e+06
2.865269999999999939e+01 6.303303000000000000e+06
2.993929999999999936e+01 3.664950000000000000e+06
3.094409999999999883e+01 2.400842000000000000e+06
3.074690000000000012e+01 3.857358000000000000e+06
3.084080000000000155e+01 3.370157000000000000e+06
3.136680000000000135e+01 4.435277000000000000e+06
3.185510000000000019e+01 8.114101000000000000e+06
2.928190000000000026e+01 4.534328000000000000e+06
2.920720000000000027e+01 3.894079000000000000e+06
2.973939999999999984e+01 3.125507000000000000e+06
2.934730000000000061e+01 3.136367000000000000e+06
2.941260000000000119e+01 4.545491000000000000e+06
2.922589999999999932e+01 4.619981000000000000e+06
2.795599999999999952e+01 2.594872000000000000e+06
2.805870000000000175e+01 4.168498000000000000e+06
2.865630000000000166e+01 4.114200000000000000e+06
2.938459999999999894e+01 5.762277000000000000e+06
3.105600000000000094e+01 7.142298000000000000e+06
3.095329999999999870e+01 4.573949000000000000e+06
3.156019999999999825e+01 2.626085000000000000e+06
3.155089999999999861e+01 4.621612000000000000e+06
3.146679999999999922e+01 2.891032000000000000e+06
3.149480000000000146e+01 2.853566000000000000e+06
3.167229999999999990e+01 4.645410000000000000e+06
3.211110000000000042e+01 4.178147000000000000e+06
3.265270000000000294e+01 4.200133000000000000e+06
3.346500000000000341e+01 3.157903000000000000e+06
3.410929999999999751e+01 1.826297000000000000e+06
3.406260000000000332e+01 1.901599000000000000e+06
3.427740000000000009e+01 1.970215000000000000e+06
3.424000000000000199e+01 2.465816000000000000e+06
3.441740000000000066e+01 1.906955000000000000e+06
3.419330000000000069e+01 3.244297000000000000e+06
3.457620000000000005e+01 2.119848000000000000e+06
3.448279999999999745e+01 1.991726000000000000e+06
3.458550000000000324e+01 2.621187000000000000e+06
3.503370000000000317e+01 4.722920000000000000e+06
3.424000000000000199e+01 3.587582000000000000e+06
3.415599999999999881e+01 2.565040000000000000e+06
3.501500000000000057e+01 2.138025000000000000e+06
3.491230000000000189e+01 2.958567000000000000e+06
3.488430000000000319e+01 3.251876000000000000e+06
3.445479999999999876e+01 7.621328000000000000e+06
3.396920000000000073e+01 4.785692000000000000e+06
3.369850000000000279e+01 4.296996000000000000e+06
3.357710000000000150e+01 3.537032000000000000e+06
3.312890000000000157e+01 2.825224000000000000e+06
3.213909999999999911e+01 3.018954000000000000e+06
3.244729999999999848e+01 2.064761000000000000e+06
3.243789999999999907e+01 3.285802000000000000e+06
3.265270000000000294e+01 4.386834000000000000e+06
3.202709999999999724e+01 1.723282000000000000e+06
3.165360000000000085e+01 3.592925000000000000e+06
3.128940000000000055e+01 1.637279000000000000e+06
3.151350000000000051e+01 2.192874000000000000e+06
3.104670000000000130e+01 2.510523000000000000e+06
3.105600000000000094e+01 2.035870000000000000e+06
3.064519999999999911e+01 1.781949000000000000e+06
3.085060000000000002e+01 1.565407000000000000e+06
3.052380000000000138e+01 1.872479000000000000e+06
3.038370000000000104e+01 2.340815000000000000e+06
3.059850000000000136e+01 3.179783000000000000e+06
3.062650000000000006e+01 2.200268000000000000e+06
3.158820000000000050e+01 1.367515000000000000e+06
3.203640000000000043e+01 2.153221000000000000e+06
3.198969999999999914e+01 1.927835000000000000e+06
3.201769999999999783e+01 1.185973000000000000e+06
3.240059999999999718e+01 1.971691000000000000e+06
3.269939999999999714e+01 2.252626000000000000e+06
3.246710000000000207e+01 2.155678000000000000e+06
3.211399999999999721e+01 2.054097000000000000e+06
3.273649999999999949e+01 3.110626000000000000e+06
3.281089999999999662e+01 3.181029000000000000e+06
3.284799999999999898e+01 3.405697000000000000e+06
3.273649999999999949e+01 2.955189000000000000e+06
3.427900000000000347e+01 3.318805000000000000e+06
3.447420000000000329e+01 4.261445000000000000e+06
3.360070000000000334e+01 4.593651000000000000e+06
3.349849999999999994e+01 3.826003000000000000e+06
3.275509999999999877e+01 2.871897000000000000e+06
3.192810000000000059e+01 2.850884000000000000e+06
3.170510000000000161e+01 7.737292000000000000e+06
3.249490000000000123e+01 6.397004000000000000e+06
3.395380000000000109e+01 4.230853000000000000e+06
3.414900000000000091e+01 3.198593000000000000e+06
3.497599999999999909e+01 3.917588000000000000e+06
3.470649999999999835e+01 2.872910000000000000e+06
3.423259999999999792e+01 3.860643000000000000e+06
3.472509999999999764e+01 3.260591000000000000e+06
3.470649999999999835e+01 2.791176000000000000e+06
3.459499999999999886e+01 4.721508000000000000e+06
3.522690000000000055e+01 6.014535000000000000e+06
3.439059999999999917e+01 5.088097000000000000e+06
3.461359999999999815e+01 5.883326000000000000e+06
