3.575999999999999801e+01 1.607300000000000000e+05
3.574000000000000199e+01 3.207093000000000000e+06
3.771000000000000085e+01 2.683158000000000000e+06
4.103000000000000114e+01 2.099975000000000000e+06
3.920000000000000284e+01 2.120343000000000000e+06
4.064999999999999858e+01 2.302803000000000000e+06
3.579999999999999716e+01 2.974071000000000000e+06
3.385999999999999943e+01 4.393853000000000000e+06
2.982999999999999829e+01 4.278927000000000000e+06
3.425999999999999801e+01 3.167924000000000000e+06
3.943999999999999773e+01 3.154262000000000000e+06
3.552000000000000313e+01 3.458891000000000000e+06
3.628000000000000114e+01 6.622791000000000000e+06
3.839999999999999858e+01 3.962442000000000000e+06
4.638000000000000256e+01 3.877520000000000000e+06
4.453000000000000114e+01 3.185007000000000000e+06
4.968999999999999773e+01 2.942803000000000000e+06
5.260999999999999943e+01 2.792626000000000000e+06
4.917000000000000171e+01 2.846447000000000000e+06
5.457999999999999829e+01 2.786427000000000000e+06
5.678000000000000114e+01 2.045214000000000000e+06
5.915999999999999659e+01 1.594587000000000000e+06
5.772999999999999687e+01 2.085879000000000000e+06
5.818999999999999773e+01 1.817232000000000000e+06
5.614000000000000057e+01 4.469173000000000000e+06
5.653999999999999915e+01 3.415164000000000000e+06
5.692999999999999972e+01 2.033505000000000000e+06
5.796000000000000085e+01 1.412239000000000000e+06
6.007000000000000028e+01 1.282729000000000000e+06
6.272999999999999687e+01 1.059029000000000000e+06
6.370000000000000284e+01 1.212898000000000000e+06
6.339999999999999858e+01 9.890110000000000000e+05
6.346000000000000085e+01 9.981840000000000000e+05
6.396000000000000085e+01 8.733760000000000000e+05
6.412000000000000455e+01 9.205190000000000000e+05
6.368999999999999773e+01 1.486095000000000000e+06
6.307999999999999829e+01 1.680815000000000000e+06
6.425000000000000000e+01 6.363550000000000000e+05
6.403000000000000114e+01 1.329080000000000000e+06
6.388000000000000256e+01 1.070503000000000000e+06
6.392999999999999972e+01 1.363283000000000000e+06
6.342999999999999972e+01 1.295829000000000000e+06
6.202000000000000313e+01 1.019126000000000000e+06
6.104999999999999716e+01 1.707694000000000000e+06
6.188000000000000256e+01 1.004269000000000000e+06
6.145000000000000284e+01 9.184440000000000000e+05
6.146000000000000085e+01 1.105796000000000000e+06
6.043999999999999773e+01 1.782002000000000000e+06
6.077000000000000313e+01 1.509946000000000000e+06
6.084000000000000341e+01 1.026942000000000000e+06
6.090999999999999659e+01 8.920000000000000000e+05
6.110000000000000142e+01 1.424664000000000000e+06
6.103000000000000114e+01 1.374318000000000000e+06
6.079999999999999716e+01 1.222111000000000000e+06
6.039000000000000057e+01 9.555750000000000000e+05
6.028000000000000114e+01 9.710830000000000000e+05
6.065999999999999659e+01 1.038807000000000000e+06
6.024000000000000199e+01 8.376990000000000000e+05
6.056000000000000227e+01 9.865200000000000000e+05
6.020000000000000284e+01 1.252295000000000000e+06
6.061999999999999744e+01 1.012095000000000000e+06
6.068999999999999773e+01 1.487919000000000000e+06
6.096999999999999886e+01 1.213324000000000000e+06
6.147999999999999687e+01 1.326732000000000000e+06
6.128999999999999915e+01 1.036672000000000000e+06
6.103999999999999915e+01 6.948050000000000000e+05
6.095000000000000284e+01 7.633530000000000000e+05
6.128000000000000114e+01 7.383930000000000000e+05
6.059000000000000341e+01 2.982490000000000000e+05
6.010999999999999943e+01 1.379553000000000000e+06
6.064000000000000057e+01 3.958509000000000000e+06
5.982000000000000028e+01 1.574939000000000000e+06
6.010999999999999943e+01 2.028884000000000000e+06
5.884000000000000341e+01 2.432690000000000000e+06
5.921999999999999886e+01 1.905146000000000000e+06
5.825999999999999801e+01 1.724861000000000000e+06
5.896000000000000085e+01 1.056023000000000000e+06
5.840999999999999659e+01 1.480517000000000000e+06
5.847999999999999687e+01 1.032231000000000000e+06
5.828000000000000114e+01 1.340783000000000000e+06
5.850000000000000000e+01 1.331193000000000000e+06
5.786999999999999744e+01 1.348841000000000000e+06
5.703000000000000114e+01 8.796320000000000000e+05
5.632000000000000028e+01 1.169329000000000000e+06
5.652000000000000313e+01 1.455311000000000000e+06
5.702000000000000313e+01 6.653220000000000000e+05
5.756000000000000227e+01 1.174762000000000000e+06
5.788000000000000256e+01 3.075231000000000000e+06
5.611999999999999744e+01 1.372101000000000000e+06
5.490999999999999659e+01 1.027425000000000000e+06
5.478000000000000114e+01 1.189924000000000000e+06
5.550000000000000000e+01 1.738456000000000000e+06
5.586999999999999744e+01 2.404760000000000000e+06
5.604999999999999716e+01 1.250430000000000000e+06
5.643999999999999773e+01 1.781014000000000000e+06
5.557000000000000028e+01 1.284218000000000000e+06
5.507000000000000028e+01 1.396431000000000000e+06
5.504999999999999716e+01 1.646144000000000000e+06
5.515999999999999659e+01 9.881370000000000000e+05
5.489000000000000057e+01 1.191483000000000000e+06
5.450000000000000000e+01 1.413303000000000000e+06
5.307999999999999829e+01 1.757641000000000000e+06
5.553999999999999915e+01 2.524814000000000000e+06
5.484000000000000341e+01 1.441340000000000000e+06
5.478999999999999915e+01 9.826690000000000000e+05
5.354999999999999716e+01 1.752674000000000000e+06
5.381000000000000227e+01 8.468750000000000000e+05
5.363000000000000256e+01 1.287111000000000000e+06
5.325000000000000000e+01 7.952000000000000000e+05
5.260999999999999943e+01 8.632710000000000000e+05
5.245000000000000284e+01 9.674270000000000000e+05
5.236999999999999744e+01 9.454930000000000000e+05
5.171000000000000085e+01 1.348303000000000000e+06
5.264999999999999858e+01 1.345338000000000000e+06
5.221000000000000085e+01 1.840010000000000000e+06
5.235000000000000142e+01 1.434573000000000000e+06
5.246999999999999886e+01 1.530040000000000000e+06
5.249000000000000199e+01 1.592936000000000000e+06
5.197999999999999687e+01 1.035795000000000000e+06
5.182000000000000028e+01 1.961863000000000000e+06
5.049000000000000199e+01 1.872688000000000000e+06
5.034000000000000341e+01 1.245052000000000000e+06
4.963000000000000256e+01 1.537467000000000000e+06
5.042000000000000171e+01 1.828382000000000000e+06
5.067000000000000171e+01 1.310668000000000000e+06
4.997999999999999687e+01 1.720254000000000000e+06
4.945000000000000284e+01 1.995040000000000000e+06
5.118999999999999773e+01 1.660084000000000000e+06
5.300999999999999801e+01 1.578988000000000000e+06
5.289999999999999858e+01 1.160983000000000000e+06
5.324000000000000199e+01 7.893430000000000000e+05
5.338000000000000256e+01 1.546027000000000000e+06
5.235999999999999943e+01 1.594214000000000000e+06
5.278000000000000114e+01 1.405167000000000000e+06
5.353999999999999915e+01 6.519879000000000000e+06
5.385000000000000142e+01 1.147810000000000000e+06
5.392000000000000171e+01 1.177657000000000000e+06
5.389999999999999858e+01 1.650053000000000000e+06
5.411999999999999744e+01 1.343966000000000000e+06
5.400000000000000000e+01 2.386610000000000000e+06
5.471999999999999886e+01 1.472847000000000000e+06
5.510999999999999943e+01 1.924336000000000000e+06
5.572999999999999687e+01 1.631306000000000000e+06
5.535000000000000142e+01 1.696711000000000000e+06
5.385999999999999943e+01 1.452513000000000000e+06
5.314999999999999858e+01 1.012115000000000000e+06
5.257999999999999829e+01 1.290060000000000000e+06
5.195000000000000284e+01 1.633977000000000000e+06
5.227000000000000313e+01 1.508237000000000000e+06
5.163000000000000256e+01 1.254365000000000000e+06
5.010999999999999943e+01 1.150984000000000000e+06
4.932999999999999829e+01 1.879996000000000000e+06
4.939000000000000057e+01 1.489847000000000000e+06
4.925999999999999801e+01 1.802654000000000000e+06
5.185999999999999943e+01 1.507734000000000000e+06
5.279999999999999716e+01 1.185951000000000000e+06
5.214000000000000057e+01 8.365830000000000000e+05
5.222999999999999687e+01 7.493220000000000000e+05
5.164999999999999858e+01 1.064470000000000000e+06
5.046000000000000085e+01 1.704335000000000000e+06
4.985999999999999943e+01 2.110650000000000000e+06
5.286999999999999744e+01 2.049698000000000000e+06
5.250999999999999801e+01 6.157000000000000000e+05
5.322999999999999687e+01 1.269848000000000000e+06
5.309000000000000341e+01 1.702673000000000000e+06
5.165999999999999659e+01 1.458877000000000000e+06
5.160000000000000142e+01 1.525757000000000000e+06
5.078999999999999915e+01 1.575117000000000000e+06
5.350999999999999801e+01 1.361562000000000000e+06
5.450000000000000000e+01 2.044639000000000000e+06
5.300999999999999801e+01 1.619992000000000000e+06
5.318999999999999773e+01 1.088583000000000000e+06
5.299000000000000199e+01 8.655250000000000000e+05
5.288000000000000256e+01 1.156641000000000000e+06
5.253999999999999915e+01 1.217857000000000000e+06
5.299000000000000199e+01 1.080814000000000000e+06
5.256000000000000227e+01 1.135757000000000000e+06
5.221000000000000085e+01 9.999780000000000000e+05
5.210999999999999943e+01 1.204527000000000000e+06
5.221999999999999886e+01 1.371819000000000000e+06
5.200000000000000000e+01 9.382050000000000000e+05
5.256000000000000227e+01 1.193108000000000000e+06
5.268999999999999773e+01 8.701470000000000000e+05
5.279999999999999716e+01 6.978890000000000000e+05
5.228000000000000114e+01 9.860250000000000000e+05
5.203999999999999915e+01 1.171324000000000000e+06
5.225000000000000000e+01 1.153612000000000000e+06
5.178999999999999915e+01 1.293394000000000000e+06
5.277000000000000313e+01 7.244590000000000000e+05
5.295000000000000284e+01 6.932410000000000000e+05
5.225000000000000000e+01 1.483901000000000000e+06
5.232000000000000028e+01 1.829246000000000000e+06
5.129999999999999716e+01 2.605701000000000000e+06
5.082999999999999829e+01 1.350474000000000000e+06
4.974000000000000199e+01 1.396721000000000000e+06
5.003999999999999915e+01 1.432885000000000000e+06
5.068999999999999773e+01 1.404861000000000000e+06
5.135000000000000142e+01 3.044810000000000000e+06
5.054999999999999716e+01 1.407733000000000000e+06
5.042999999999999972e+01 9.157910000000000000e+05
5.022999999999999687e+01 1.217817000000000000e+06
4.967000000000000171e+01 7.643890000000000000e+05
4.956000000000000227e+01 1.068306000000000000e+06
4.972999999999999687e+01 1.037003000000000000e+06
4.907000000000000028e+01 1.202430000000000000e+06
4.970000000000000284e+01 2.234654000000000000e+06
4.989999999999999858e+01 1.067829000000000000e+06
4.925999999999999801e+01 1.414569000000000000e+06
4.831000000000000227e+01 1.214745000000000000e+06
4.775000000000000000e+01 1.062558000000000000e+06
4.735999999999999943e+01 1.864499000000000000e+06
4.646999999999999886e+01 1.816030000000000000e+06
4.570000000000000284e+01 1.959698000000000000e+06
4.627000000000000313e+01 1.354701000000000000e+06
4.721999999999999886e+01 2.021957000000000000e+06
4.840999999999999659e+01 4.367887000000000000e+06
4.810999999999999943e+01 2.090576000000000000e+06
4.735000000000000142e+01 2.184486000000000000e+06
4.728999999999999915e+01 1.594189000000000000e+06
4.729999999999999716e+01 1.070465000000000000e+06
4.678000000000000114e+01 1.448716000000000000e+06
4.729999999999999716e+01 1.331517000000000000e+06
4.768999999999999773e+01 1.308633000000000000e+06
4.775000000000000000e+01 1.368593000000000000e+06
4.771000000000000085e+01 2.062443000000000000e+06
4.813000000000000256e+01 2.349930000000000000e+06
4.871000000000000085e+01 1.567175000000000000e+06
4.860999999999999943e+01 2.496355000000000000e+06
4.946999999999999886e+01 2.335121000000000000e+06
5.003000000000000114e+01 1.384050000000000000e+06
5.160999999999999943e+01 1.222959000000000000e+06
5.181000000000000227e+01 9.639590000000000000e+05
5.142999999999999972e+01 1.587676000000000000e+06
5.147999999999999687e+01 1.447647000000000000e+06
5.207000000000000028e+01 1.356681000000000000e+06
5.143999999999999773e+01 9.268430000000000000e+05
5.175000000000000000e+01 7.488360000000000000e+05
5.128999999999999915e+01 9.909070000000000000e+05
5.175000000000000000e+01 1.189152000000000000e+06
5.149000000000000199e+01 1.385955000000000000e+06
5.050999999999999801e+01 7.417320000000000000e+05
5.072999999999999687e+01 1.023619000000000000e+06
5.040999999999999659e+01 1.140940000000000000e+06
5.067000000000000171e+01 1.371545000000000000e+06
5.124000000000000199e+01 1.177990000000000000e+06
5.217000000000000171e+01 1.671044000000000000e+06
5.125999999999999801e+01 1.204172000000000000e+06
5.086999999999999744e+01 6.457580000000000000e+05
5.038000000000000256e+01 8.487670000000000000e+05
5.090999999999999659e+01 1.152150000000000000e+06
5.131000000000000227e+01 1.532018000000000000e+06
5.089000000000000057e+01 1.035233000000000000e+06
5.093999999999999773e+01 1.335432000000000000e+06
5.045000000000000284e+01 1.230489000000000000e+06
5.035000000000000142e+01 1.514359000000000000e+06
4.945000000000000284e+01 1.802073000000000000e+06
4.892999999999999972e+01 1.288374000000000000e+06
4.860000000000000142e+01 1.580468000000000000e+06
4.882000000000000028e+01 1.341601000000000000e+06
4.828999999999999915e+01 1.268631000000000000e+06
4.825000000000000000e+01 1.308190000000000000e+06
4.971999999999999886e+01 1.879083000000000000e+06
4.936999999999999744e+01 2.190531000000000000e+06
5.057000000000000028e+01 1.608892000000000000e+06
5.089000000000000057e+01 1.650693000000000000e+06
5.064000000000000057e+01 2.096701000000000000e+06
5.010999999999999943e+01 1.663492000000000000e+06
5.032999999999999829e+01 1.585792000000000000e+06
4.978999999999999915e+01 2.539623000000000000e+06
5.057000000000000028e+01 1.479935000000000000e+06
5.009000000000000341e+01 1.065142000000000000e+06
4.985999999999999943e+01 2.103800000000000000e+06
4.929999999999999716e+01 1.908717000000000000e+06
5.050000000000000000e+01 2.475101000000000000e+06
5.031000000000000227e+01 1.502670000000000000e+06
4.967000000000000171e+01 1.887658000000000000e+06
4.975999999999999801e+01 1.405121000000000000e+06
4.971999999999999886e+01 1.550957000000000000e+06
4.999000000000000199e+01 1.786886000000000000e+06
5.046999999999999886e+01 1.527147000000000000e+06
5.086999999999999744e+01 1.161893000000000000e+06
5.057000000000000028e+01 1.885983000000000000e+06
5.011999999999999744e+01 1.831766000000000000e+06
5.013000000000000256e+01 2.401076000000000000e+06
5.003999999999999915e+01 4.899311000000000000e+06
4.947999999999999687e+01 2.216515000000000000e+06
4.924000000000000199e+01 2.994396000000000000e+06
4.782999999999999829e+01 2.177382000000000000e+06
4.675999999999999801e+01 1.408516000000000000e+06
4.639000000000000057e+01 1.343520000000000000e+06
4.615999999999999659e+01 1.030506000000000000e+06
4.628000000000000114e+01 1.256001000000000000e+06
4.657000000000000028e+01 1.524771000000000000e+06
4.653999999999999915e+01 1.629337000000000000e+06
4.592000000000000171e+01 1.496550000000000000e+06
4.575000000000000000e+01 1.680763000000000000e+06
4.529999999999999716e+01 1.148025000000000000e+06
4.459000000000000341e+01 1.132562000000000000e+06
4.453000000000000114e+01 1.256477000000000000e+06
4.464999999999999858e+01 1.599258000000000000e+06
4.406000000000000227e+01 1.287195000000000000e+06
4.325000000000000000e+01 1.825790000000000000e+06
4.397999999999999687e+01 1.475469000000000000e+06
4.454999999999999716e+01 1.452998000000000000e+06
4.375000000000000000e+01 1.291499000000000000e+06
4.297999999999999687e+01 1.440899000000000000e+06
4.259000000000000341e+01 1.570776000000000000e+06
4.231000000000000227e+01 1.151390000000000000e+06
4.253000000000000114e+01 9.611310000000000000e+05
4.209000000000000341e+01 8.435860000000000000e+05
4.160999999999999943e+01 1.226056000000000000e+06
4.132000000000000028e+01 1.600415000000000000e+06
4.000999999999999801e+01 2.179908000000000000e+06
3.945000000000000284e+01 2.058678000000000000e+06
3.789000000000000057e+01 3.064576000000000000e+06
3.992999999999999972e+01 1.856521000000000000e+06
4.003999999999999915e+01 1.278963000000000000e+06
3.989000000000000057e+01 1.625998000000000000e+06
4.013000000000000256e+01 2.125072000000000000e+06
3.942999999999999972e+01 2.582894000000000000e+06
3.764000000000000057e+01 2.277153000000000000e+06
3.872999999999999687e+01 6.187299000000000000e+06
3.939999999999999858e+01 3.058496000000000000e+06
4.046999999999999886e+01 3.242362000000000000e+06
4.114999999999999858e+01 3.265361000000000000e+06
3.946000000000000085e+01 2.755892000000000000e+06
4.103999999999999915e+01 1.339177000000000000e+06
4.146000000000000085e+01 1.952946000000000000e+06
4.081000000000000227e+01 2.378832000000000000e+06
4.096999999999999886e+01 1.419928000000000000e+06
4.114999999999999858e+01 1.778833000000000000e+06
4.114999999999999858e+01 1.794615000000000000e+06
4.260000000000000142e+01 2.724540000000000000e+06
4.174000000000000199e+01 1.814276000000000000e+06
4.425999999999999801e+01 1.400097000000000000e+06
4.367999999999999972e+01 2.151288000000000000e+06
4.314000000000000057e+01 1.220724000000000000e+06
4.359000000000000341e+01 1.273162000000000000e+06
4.275000000000000000e+01 1.386544000000000000e+06
4.321000000000000085e+01 1.481820000000000000e+06
4.272999999999999687e+01 8.733070000000000000e+05
4.225000000000000000e+01 2.091187000000000000e+06
4.211999999999999744e+01 1.694137000000000000e+06
4.360999999999999943e+01 1.863073000000000000e+06
4.371999999999999886e+01 1.887809000000000000e+06
4.317999999999999972e+01 1.914667000000000000e+06
4.292000000000000171e+01 2.262747000000000000e+06
4.267000000000000171e+01 1.656343000000000000e+06
4.271999999999999886e+01 1.482855000000000000e+06
4.299000000000000199e+01 1.840522000000000000e+06
4.360999999999999943e+01 1.529684000000000000e+06
4.359000000000000341e+01 1.275268000000000000e+06
4.281000000000000227e+01 2.376436000000000000e+06
4.189000000000000057e+01 1.820554000000000000e+06
4.174000000000000199e+01 1.938430000000000000e+06
4.225000000000000000e+01 3.231212000000000000e+06
4.028999999999999915e+01 2.902936000000000000e+06
4.011999999999999744e+01 2.262329000000000000e+06
3.935999999999999943e+01 2.152815000000000000e+06
3.877000000000000313e+01 2.337416000000000000e+06
3.934000000000000341e+01 2.024090000000000000e+06
3.854999999999999716e+01 2.693817000000000000e+06
3.928999999999999915e+01 2.688813000000000000e+06
3.925999999999999801e+01 1.657241000000000000e+06
3.954999999999999716e+01 1.820291000000000000e+06
3.939000000000000057e+01 1.672066000000000000e+06
3.965999999999999659e+01 1.698103000000000000e+06
4.032000000000000028e+01 2.176002000000000000e+06
3.947999999999999687e+01 2.681026000000000000e+06
3.890999999999999659e+01 3.061578000000000000e+06
3.900999999999999801e+01 3.099334000000000000e+06
4.000999999999999801e+01 3.754439000000000000e+06
4.120000000000000284e+01 4.106778000000000000e+06
4.206000000000000227e+01 1.781923000000000000e+06
4.207000000000000028e+01 2.381739000000000000e+06
4.327000000000000313e+01 2.204980000000000000e+06
4.432000000000000028e+01 1.650648000000000000e+06
4.406000000000000227e+01 1.890731000000000000e+06
4.443999999999999773e+01 1.575410000000000000e+06
4.410000000000000142e+01 1.886546000000000000e+06
4.420000000000000284e+01 1.042475000000000000e+06
4.432999999999999829e+01 1.663429000000000000e+06
4.453999999999999915e+01 2.060796000000000000e+06
4.525000000000000000e+01 1.348197000000000000e+06
4.546000000000000085e+01 5.191448000000000000e+06
4.574000000000000199e+01 1.454703000000000000e+06
4.489999999999999858e+01 1.667718000000000000e+06
4.571000000000000085e+01 2.067523000000000000e+06
4.572999999999999687e+01 1.226640000000000000e+06
4.677000000000000313e+01 1.119187000000000000e+06
4.645000000000000284e+01 1.079655000000000000e+06
4.646000000000000085e+01 1.029069000000000000e+06
4.664999999999999858e+01 1.102521000000000000e+06
4.635000000000000142e+01 1.309003000000000000e+06
4.579999999999999716e+01 1.517047000000000000e+06
4.688000000000000256e+01 1.057294000000000000e+06
4.715999999999999659e+01 1.484902000000000000e+06
4.750000000000000000e+01 1.834807000000000000e+06
4.881000000000000227e+01 1.681968000000000000e+06
4.804999999999999716e+01 1.383764000000000000e+06
4.795000000000000284e+01 1.234080000000000000e+06
4.834000000000000341e+01 1.435788000000000000e+06
4.796999999999999886e+01 1.646173000000000000e+06
4.756000000000000227e+01 1.083442000000000000e+06
4.763000000000000256e+01 1.385384000000000000e+06
4.785000000000000142e+01 1.056111000000000000e+06
4.807999999999999829e+01 1.431137000000000000e+06
4.732000000000000028e+01 1.451348000000000000e+06
4.753999999999999915e+01 3.710931000000000000e+06
4.688000000000000256e+01 1.518547000000000000e+06
4.650999999999999801e+01 1.547826000000000000e+06
4.692000000000000171e+01 2.585404000000000000e+06
4.607999999999999829e+01 2.191642000000000000e+06
4.699000000000000199e+01 1.474198000000000000e+06
4.796999999999999886e+01 1.245257000000000000e+06
4.807000000000000028e+01 1.870878000000000000e+06
4.960000000000000142e+01 1.250206000000000000e+06
4.936999999999999744e+01 1.195914000000000000e+06
4.950000000000000000e+01 1.282732000000000000e+06
4.932000000000000028e+01 1.754443000000000000e+06
4.985999999999999943e+01 1.684631000000000000e+06
4.979999999999999716e+01 1.539586000000000000e+06
4.917999999999999972e+01 1.045517000000000000e+06
4.996999999999999886e+01 1.524936000000000000e+06
4.984000000000000341e+01 1.483266000000000000e+06
4.935000000000000142e+01 1.371880000000000000e+06
4.917999999999999972e+01 1.818218000000000000e+06
4.920000000000000284e+01 1.228909000000000000e+06
4.932999999999999829e+01 1.309470000000000000e+06
4.965999999999999659e+01 1.537952000000000000e+06
4.997999999999999687e+01 1.097384000000000000e+06
4.967000000000000171e+01 2.146281000000000000e+06
4.878999999999999915e+01 1.294566000000000000e+06
4.910999999999999943e+01 1.262751000000000000e+06
4.861999999999999744e+01 8.880850000000000000e+05
4.818999999999999773e+01 1.177377000000000000e+06
4.935000000000000142e+01 2.218377000000000000e+06
4.920000000000000284e+01 1.287756000000000000e+06
4.860000000000000142e+01 1.296132000000000000e+06
4.818999999999999773e+01 1.258163000000000000e+06
4.760999999999999943e+01 7.822410000000000000e+05
4.765999999999999659e+01 1.877018000000000000e+06
4.774000000000000199e+01 1.773452000000000000e+06
4.735000000000000142e+01 1.295348000000000000e+06
4.713000000000000256e+01 2.536606000000000000e+06
4.721000000000000085e+01 2.898674000000000000e+06
4.711999999999999744e+01 2.201228000000000000e+06
4.879999999999999716e+01 2.368710000000000000e+06
4.871999999999999886e+01 1.223327000000000000e+06
4.904999999999999716e+01 1.314792000000000000e+06
4.871000000000000085e+01 2.393092000000000000e+06
4.875000000000000000e+01 2.140275000000000000e+06
4.864000000000000057e+01 2.697918000000000000e+06
4.829999999999999716e+01 1.292694000000000000e+06
4.793999999999999773e+01 1.512928000000000000e+06
4.874000000000000199e+01 2.316279000000000000e+06
4.853999999999999915e+01 1.019066000000000000e+06
4.859000000000000341e+01 1.282697000000000000e+06
4.782000000000000028e+01 1.155250000000000000e+06
4.806000000000000227e+01 1.352016000000000000e+06
4.757000000000000028e+01 2.199154000000000000e+06
4.700000000000000000e+01 1.554148000000000000e+06
4.607000000000000028e+01 1.546766000000000000e+06
4.618999999999999773e+01 3.589700000000000000e+06
4.707999999999999829e+01 1.750054000000000000e+06
4.659000000000000341e+01 2.011978000000000000e+06
4.756000000000000227e+01 9.449240000000000000e+05
4.775000000000000000e+01 1.994410000000000000e+06
4.785000000000000142e+01 1.596631000000000000e+06
4.767999999999999972e+01 1.455035000000000000e+06
4.772999999999999687e+01 1.255188000000000000e+06
4.742999999999999972e+01 1.364802000000000000e+06
4.742000000000000171e+01 1.305583000000000000e+06
4.742000000000000171e+01 1.408077000000000000e+06
4.692999999999999972e+01 2.365014000000000000e+06
4.696000000000000085e+01 1.498219000000000000e+06
4.703999999999999915e+01 1.659696000000000000e+06
4.724000000000000199e+01 2.069340000000000000e+06
4.671000000000000085e+01 1.826358000000000000e+06
4.647999999999999687e+01 2.653926000000000000e+06
4.628000000000000114e+01 1.746269000000000000e+06
4.672999999999999687e+01 1.307596000000000000e+06
4.596000000000000085e+01 2.072530000000000000e+06
4.628999999999999915e+01 4.235204000000000000e+06
4.579999999999999716e+01 2.287179000000000000e+06
4.531000000000000227e+01 1.492229000000000000e+06
4.567000000000000171e+01 1.779951000000000000e+06
4.521999999999999886e+01 2.103788000000000000e+06
4.539000000000000057e+01 2.309825000000000000e+06
4.689000000000000057e+01 2.348980000000000000e+06
4.728000000000000114e+01 1.451206000000000000e+06
4.742999999999999972e+01 2.111681000000000000e+06
4.754999999999999716e+01 1.532252000000000000e+06
4.789999999999999858e+01 1.262535000000000000e+06
4.806000000000000227e+01 1.702460000000000000e+06
4.757999999999999829e+01 1.977830000000000000e+06
4.660999999999999943e+01 2.054709000000000000e+06
4.721000000000000085e+01 1.290769000000000000e+06
4.724000000000000199e+01 1.326072000000000000e+06
4.786999999999999744e+01 2.083250000000000000e+06
4.727000000000000313e+01 1.377207000000000000e+06
4.672999999999999687e+01 1.804882000000000000e+06
4.778999999999999915e+01 1.194173000000000000e+06
4.725000000000000000e+01 1.532078000000000000e+06
4.682999999999999829e+01 2.577401000000000000e+06
4.646000000000000085e+01 2.031793000000000000e+06
4.721999999999999886e+01 2.158086000000000000e+06
4.670000000000000284e+01 1.783194000000000000e+06
4.667999999999999972e+01 2.142720000000000000e+06
4.675000000000000000e+01 1.784380000000000000e+06
4.521999999999999886e+01 1.776993000000000000e+06
4.647999999999999687e+01 2.296955000000000000e+06
4.771999999999999886e+01 1.332499000000000000e+06
4.788000000000000256e+01 1.646496000000000000e+06
4.731000000000000227e+01 1.398603000000000000e+06
