1.746000000000000085e+01 6.231410000000000000e+05
1.730000000000000071e+01 5.805636000000000000e+06
1.880999999999999872e+01 6.219748000000000000e+06
1.964999999999999858e+01 6.643094000000000000e+06
1.996000000000000085e+01 7.035632000000000000e+06
2.071999999999999886e+01 1.003911700000000000e+07
1.771000000000000085e+01 1.116151500000000000e+07
1.780000000000000071e+01 7.612351000000000000e+06
1.586999999999999922e+01 7.120894000000000000e+06
1.751999999999999957e+01 1.877953200000000000e+07
1.737000000000000099e+01 8.480244000000000000e+06
1.532000000000000028e+01 8.283290000000000000e+06
1.910999999999999943e+01 9.616568000000000000e+06
1.851000000000000156e+01 8.465828000000000000e+06
2.366000000000000014e+01 9.319826000000000000e+06
2.125000000000000000e+01 9.385402000000000000e+06
2.333999999999999986e+01 1.199478900000000000e+07
2.541000000000000014e+01 1.183471600000000000e+07
2.276000000000000156e+01 9.952634000000000000e+06
2.798000000000000043e+01 8.335696000000000000e+06
2.976999999999999957e+01 8.732464000000000000e+06
3.171000000000000085e+01 8.414035000000000000e+06
3.114999999999999858e+01 1.000733000000000000e+07
3.332000000000000028e+01 8.307773000000000000e+06
3.169000000000000128e+01 1.200806100000000000e+07
3.243999999999999773e+01 7.733491000000000000e+06
3.368999999999999773e+01 6.767150000000000000e+06
3.443999999999999773e+01 6.157283000000000000e+06
3.606000000000000227e+01 4.538488000000000000e+06
3.760999999999999943e+01 3.261162000000000000e+06
3.878000000000000114e+01 3.906687000000000000e+06
3.835000000000000142e+01 4.542070000000000000e+06
3.796000000000000085e+01 4.455732000000000000e+06
3.867000000000000171e+01 2.089129000000000000e+06
3.895000000000000284e+01 3.005600000000000000e+06
3.888000000000000256e+01 2.068257000000000000e+06
3.900000000000000000e+01 2.716848000000000000e+06
3.849000000000000199e+01 2.980092000000000000e+06
3.842000000000000171e+01 2.354900000000000000e+06
3.871999999999999886e+01 3.180695000000000000e+06
3.950999999999999801e+01 2.963166000000000000e+06
3.828999999999999915e+01 2.855678000000000000e+06
3.767999999999999972e+01 4.277177000000000000e+06
3.728000000000000114e+01 5.990984000000000000e+06
3.790999999999999659e+01 9.264963000000000000e+06
3.761999999999999744e+01 2.555421000000000000e+06
3.800999999999999801e+01 3.714605000000000000e+06
3.771300000000000097e+01 4.654855000000000000e+06
3.873259999999999792e+01 4.790135000000000000e+06
3.945519999999999783e+01 4.050091000000000000e+06
3.974219999999999686e+01 5.494838000000000000e+06
3.968280000000000030e+01 4.493332000000000000e+06
4.045490000000000208e+01 7.556253000000000000e+06
3.918789999999999907e+01 5.869078000000000000e+06
3.858409999999999940e+01 4.466166000000000000e+06
3.960360000000000014e+01 2.887423000000000000e+06
3.945519999999999783e+01 3.404271000000000000e+06
3.911860000000000070e+01 2.004015000000000000e+06
3.961350000000000193e+01 2.667423000000000000e+06
3.935620000000000118e+01 5.653813000000000000e+06
3.904930000000000234e+01 3.266734000000000000e+06
3.929679999999999751e+01 2.739000000000000000e+06
3.950469999999999970e+01 2.768122000000000000e+06
4.033610000000000184e+01 2.903807000000000000e+06
4.019760000000000133e+01 1.924472000000000000e+06
4.001939999999999742e+01 1.674413000000000000e+06
4.006889999999999930e+01 1.400692000000000000e+06
4.033610000000000184e+01 1.674820000000000000e+06
4.009859999999999758e+01 1.177826000000000000e+06
4.002929999999999922e+01 1.815134000000000000e+06
4.012830000000000297e+01 6.282673000000000000e+06
3.990059999999999718e+01 4.159183000000000000e+06
3.998969999999999914e+01 3.257053000000000000e+06
4.011840000000000117e+01 4.544997000000000000e+06
3.988080000000000069e+01 3.793472000000000000e+06
3.971249999999999858e+01 3.424695000000000000e+06
4.014809999999999945e+01 3.768986000000000000e+06
3.874249999999999972e+01 2.698057000000000000e+06
3.893059999999999832e+01 3.643678000000000000e+06
3.855440000000000111e+01 2.226237000000000000e+06
3.863360000000000127e+01 2.992427000000000000e+06
3.816839999999999833e+01 3.348343000000000000e+06
3.797039999999999793e+01 3.211362000000000000e+06
3.737650000000000006e+01 3.662719000000000000e+06
3.792090000000000316e+01 3.575322000000000000e+06
3.806940000000000168e+01 1.550514000000000000e+06
3.825750000000000028e+01 2.646036000000000000e+06
3.809909999999999997e+01 3.028277000000000000e+06
3.834649999999999892e+01 3.652121000000000000e+06
3.819809999999999661e+01 2.435925000000000000e+06
3.772290000000000276e+01 2.528349000000000000e+06
3.761410000000000053e+01 4.196928000000000000e+06
3.764379999999999882e+01 2.165146000000000000e+06
3.761410000000000053e+01 2.613886000000000000e+06
3.761410000000000053e+01 2.607834000000000000e+06
3.718840000000000146e+01 3.335373000000000000e+06
3.751509999999999678e+01 2.707617000000000000e+06
3.800010000000000332e+01 3.244509000000000000e+06
3.799020000000000152e+01 2.493800000000000000e+06
3.812879999999999825e+01 4.517997000000000000e+06
3.780210000000000292e+01 5.517541000000000000e+06
3.729729999999999990e+01 4.004552000000000000e+06
3.751509999999999678e+01 5.501756000000000000e+06
3.677270000000000039e+01 4.688058000000000000e+06
3.568390000000000128e+01 4.214323000000000000e+06
3.480290000000000106e+01 4.221247000000000000e+06
3.513949999999999818e+01 3.665094000000000000e+06
3.536710000000000065e+01 3.173216000000000000e+06
3.544550000000000267e+01 4.089141000000000000e+06
3.513190000000000168e+01 3.011398000000000000e+06
3.486730000000000018e+01 4.546137000000000000e+06
3.525930000000000319e+01 4.059441000000000000e+06
3.522010000000000218e+01 4.057647000000000000e+06
3.486730000000000018e+01 4.050879000000000000e+06
3.461249999999999716e+01 5.639873000000000000e+06
3.430870000000000175e+01 4.952934000000000000e+06
3.442629999999999768e+01 5.819605000000000000e+06
3.441649999999999920e+01 3.284091000000000000e+06
3.386780000000000257e+01 2.313938000000000000e+06
3.378940000000000055e+01 4.511757000000000000e+06
3.309360000000000213e+01 5.415431000000000000e+06
3.232920000000000016e+01 4.362409000000000000e+06
3.192739999999999867e+01 8.396188000000000000e+06
3.326019999999999754e+01 5.768770000000000000e+06
3.308379999999999654e+01 3.146726000000000000e+06
3.276039999999999708e+01 5.095774000000000000e+06
3.282900000000000063e+01 4.625368000000000000e+06
3.351500000000000057e+01 4.442043000000000000e+06
3.466149999999999665e+01 2.787642000000000000e+06
3.467130000000000223e+01 5.140197000000000000e+06
3.445570000000000022e+01 4.140563000000000000e+06
3.488689999999999714e+01 3.811274000000000000e+06
3.456349999999999767e+01 5.736936000000000000e+06
3.515149999999999864e+01 3.163343000000000000e+06
3.516129999999999711e+01 7.296404000000000000e+06
3.544550000000000267e+01 3.677725000000000000e+06
3.587669999999999959e+01 4.079661000000000000e+06
3.567090000000000316e+01 3.145559000000000000e+06
3.621970000000000312e+01 2.605556000000000000e+06
3.609230000000000160e+01 4.076807000000000000e+06
3.564150000000000063e+01 5.281217000000000000e+06
3.548469999999999658e+01 4.343098000000000000e+06
3.555330000000000013e+01 3.675464000000000000e+06
3.500450000000000017e+01 3.788168000000000000e+06
3.345620000000000260e+01 2.867239000000000000e+06
3.351500000000000057e+01 3.905860000000000000e+06
3.258400000000000318e+01 2.947268000000000000e+06
3.223120000000000118e+01 3.175558000000000000e+06
3.306419999999999959e+01 5.538054000000000000e+06
3.281920000000000215e+01 5.173949000000000000e+06
3.220179999999999865e+01 4.576907000000000000e+06
3.125120000000000076e+01 4.478107000000000000e+06
3.156480000000000175e+01 2.638096000000000000e+06
3.113360000000000127e+01 3.569583000000000000e+06
3.211359999999999815e+01 3.007273000000000000e+06
3.194699999999999918e+01 3.191438000000000000e+06
3.165299999999999869e+01 3.400636000000000000e+06
3.228999999999999915e+01 3.192185000000000000e+06
3.175100000000000122e+01 3.488353000000000000e+06
3.079070000000000107e+01 5.329632000000000000e+06
3.108459999999999823e+01 6.806758000000000000e+06
3.246640000000000015e+01 4.608919000000000000e+06
3.202539999999999765e+01 2.327100000000000000e+06
3.264280000000000115e+01 3.720879000000000000e+06
3.282900000000000063e+01 7.174310000000000000e+06
3.256439999999999912e+01 7.405795000000000000e+06
3.408339999999999748e+01 5.100377000000000000e+06
3.392660000000000053e+01 9.130097000000000000e+06
3.479869999999999663e+01 4.264210000000000000e+06
3.496529999999999916e+01 8.110366000000000000e+06
3.651370000000000005e+01 4.179581000000000000e+06
3.688609999999999900e+01 3.316093000000000000e+06
3.642980000000000018e+01 3.642181000000000000e+06
3.657549999999999812e+01 4.073941000000000000e+06
3.593480000000000274e+01 4.723950000000000000e+06
3.651720000000000255e+01 3.464386000000000000e+06
3.607070000000000221e+01 4.325462000000000000e+06
3.550769999999999982e+01 5.762013000000000000e+06
3.575039999999999907e+01 1.177950400000000000e+07
3.360520000000000351e+01 6.625961000000000000e+06
3.334309999999999974e+01 3.716327000000000000e+06
3.391579999999999728e+01 5.662360000000000000e+06
3.405169999999999675e+01 4.817897000000000000e+06
3.470199999999999818e+01 4.561958000000000000e+06
3.451760000000000161e+01 4.703148000000000000e+06
3.396430000000000149e+01 5.848834000000000000e+06
3.493500000000000227e+01 4.464500000000000000e+06
3.455639999999999645e+01 3.583616000000000000e+06
3.483789999999999765e+01 2.758963000000000000e+06
3.446909999999999741e+01 1.999016000000000000e+06
3.399340000000000117e+01 4.293428000000000000e+06
3.455639999999999645e+01 4.676769000000000000e+06
3.432350000000000279e+01 5.347571000000000000e+06
3.375079999999999814e+01 3.405690000000000000e+06
3.338190000000000168e+01 3.707143000000000000e+06
3.333339999999999748e+01 3.060627000000000000e+06
3.344980000000000331e+01 3.906201000000000000e+06
3.377020000000000266e+01 5.422872000000000000e+06
3.393520000000000181e+01 3.969577000000000000e+06
3.365370000000000061e+01 3.834183000000000000e+06
3.425549999999999784e+01 3.578297000000000000e+06
3.337219999999999942e+01 1.625629000000000000e+06
3.394489999999999696e+01 2.701218000000000000e+06
3.385750000000000171e+01 3.314625000000000000e+06
3.373129999999999740e+01 4.132781000000000000e+06
3.381869999999999976e+01 2.841221000000000000e+06
3.344980000000000331e+01 7.128121000000000000e+06
3.286740000000000350e+01 2.455515000000000000e+06
3.340129999999999910e+01 3.257232000000000000e+06
3.330420000000000158e+01 3.846975000000000000e+06
3.352750000000000341e+01 3.276742000000000000e+06
3.212969999999999970e+01 4.301472000000000000e+06
3.162500000000000000e+01 3.362152000000000000e+06
3.253739999999999810e+01 2.777050000000000000e+06
3.295479999999999876e+01 2.929408000000000000e+06
3.277040000000000219e+01 3.341370000000000000e+06
3.343039999999999878e+01 3.329869000000000000e+06
3.302270000000000039e+01 4.072065000000000000e+06
3.385750000000000171e+01 2.069484000000000000e+06
3.423610000000000042e+01 3.425351000000000000e+06
3.382840000000000202e+01 2.657829000000000000e+06
3.374099999999999966e+01 3.463276000000000000e+06
3.374099999999999966e+01 3.301302000000000000e+06
3.320720000000000027e+01 3.971849000000000000e+06
3.388669999999999760e+01 3.412897000000000000e+06
3.350809999999999889e+01 4.058129000000000000e+06
3.499320000000000164e+01 4.004983000000000000e+06
3.477000000000000313e+01 4.440337000000000000e+06
3.462440000000000140e+01 4.487677000000000000e+06
3.484759999999999991e+01 3.006453000000000000e+06
3.551740000000000208e+01 3.381557000000000000e+06
3.572120000000000317e+01 4.094728000000000000e+06
3.518739999999999668e+01 4.030715000000000000e+06
3.483789999999999765e+01 5.024085000000000000e+06
3.513880000000000337e+01 5.657667000000000000e+06
3.501380000000000337e+01 3.033396000000000000e+06
3.460960000000000036e+01 3.017573000000000000e+06
3.436910000000000309e+01 2.680614000000000000e+06
3.445570000000000022e+01 3.669359000000000000e+06
3.473469999999999658e+01 5.423921000000000000e+06
3.434980000000000189e+01 7.448889000000000000e+06
3.402270000000000039e+01 7.898277000000000000e+06
3.367629999999999768e+01 6.190186000000000000e+06
3.358010000000000161e+01 5.238693000000000000e+06
3.314710000000000178e+01 3.685560000000000000e+06
3.373409999999999798e+01 4.808947000000000000e+06
3.306049999999999756e+01 5.809545000000000000e+06
3.282000000000000028e+01 5.313436000000000000e+06
3.267569999999999908e+01 4.010859000000000000e+06
3.335880000000000223e+01 2.533000000000000000e+06
3.327219999999999800e+01 3.839699000000000000e+06
3.338770000000000238e+01 4.368845000000000000e+06
3.285849999999999937e+01 4.978449000000000000e+06
3.272379999999999711e+01 4.505264000000000000e+06
3.247359999999999758e+01 4.948956000000000000e+06
3.127090000000000103e+01 3.937972000000000000e+06
3.120349999999999824e+01 4.110396000000000000e+06
3.078020000000000067e+01 5.496999000000000000e+06
3.100150000000000006e+01 8.749330000000000000e+06
3.041450000000000031e+01 6.415768000000000000e+06
3.056850000000000023e+01 7.395314000000000000e+06
3.202139999999999986e+01 6.460760000000000000e+06
3.296430000000000149e+01 6.006251000000000000e+06
3.438830000000000098e+01 3.404926000000000000e+06
3.502340000000000231e+01 3.817719000000000000e+06
3.451339999999999719e+01 4.576410000000000000e+06
3.438830000000000098e+01 3.821076000000000000e+06
3.415740000000000265e+01 3.441977000000000000e+06
3.373409999999999798e+01 3.449348000000000000e+06
3.377250000000000085e+01 2.968683000000000000e+06
3.344539999999999935e+01 4.147203000000000000e+06
3.359929999999999950e+01 4.455506000000000000e+06
3.437870000000000203e+01 3.178889000000000000e+06
3.515809999999999746e+01 3.525565000000000000e+06
3.545640000000000214e+01 3.609980000000000000e+06
3.560070000000000334e+01 3.402978000000000000e+06
3.554299999999999926e+01 3.530254000000000000e+06
3.562950000000000017e+01 2.860667000000000000e+06
3.530239999999999867e+01 3.734358000000000000e+06
3.563920000000000243e+01 3.694869000000000000e+06
3.582200000000000273e+01 4.017517000000000000e+06
3.582200000000000273e+01 4.322587000000000000e+06
3.623570000000000135e+01 4.372749000000000000e+06
3.567770000000000152e+01 4.750645000000000000e+06
3.531199999999999761e+01 3.192836000000000000e+06
3.454229999999999734e+01 6.129854000000000000e+06
3.493679999999999808e+01 5.670317000000000000e+06
3.465769999999999840e+01 4.723228000000000000e+06
3.410929999999999751e+01 3.125765000000000000e+06
3.398420000000000130e+01 4.829186000000000000e+06
3.423440000000000083e+01 9.760577000000000000e+06
3.321450000000000102e+01 3.488190000000000000e+06
3.307979999999999876e+01 3.200292000000000000e+06
3.314710000000000178e+01 3.595780000000000000e+06
3.289699999999999847e+01 7.465247000000000000e+06
3.263719999999999999e+01 6.826208000000000000e+06
3.326259999999999906e+01 3.849194000000000000e+06
3.341510000000000247e+01 3.907509000000000000e+06
3.369160000000000110e+01 3.565550000000000000e+06
3.378690000000000282e+01 3.418886000000000000e+06
3.351050000000000040e+01 3.912922000000000000e+06
3.331980000000000075e+01 5.164013000000000000e+06
3.353909999999999769e+01 6.488900000000000000e+06
3.377740000000000009e+01 9.676272000000000000e+06
3.231880000000000308e+01 7.548915000000000000e+06
3.236639999999999873e+01 4.819142000000000000e+06
3.155610000000000070e+01 4.303320000000000000e+06
3.151790000000000092e+01 6.985364000000000000e+06
3.110800000000000054e+01 6.311753000000000000e+06
3.073620000000000019e+01 6.308946000000000000e+06
3.091730000000000089e+01 4.651157000000000000e+06
3.051689999999999969e+01 4.106102000000000000e+06
3.051689999999999969e+01 7.386988000000000000e+06
3.014509999999999934e+01 4.521411000000000000e+06
2.895339999999999847e+01 4.573608000000000000e+06
2.908689999999999998e+01 4.878769000000000000e+06
2.834329999999999927e+01 5.720153000000000000e+06
2.819069999999999965e+01 5.821534000000000000e+06
2.820029999999999859e+01 6.005892000000000000e+06
2.811449999999999960e+01 6.940512000000000000e+06
2.663680000000000092e+01 4.308834000000000000e+06
2.718969999999999843e+01 1.089409900000000000e+07
2.750430000000000064e+01 6.704632000000000000e+06
2.764730000000000132e+01 6.758951000000000000e+06
2.841949999999999932e+01 7.932111000000000000e+06
2.867689999999999984e+01 6.460164000000000000e+06
2.884850000000000136e+01 5.923700000000000000e+06
2.943959999999999866e+01 6.163381000000000000e+06
3.015459999999999852e+01 5.630636000000000000e+06
3.020230000000000103e+01 6.133110000000000000e+06
3.055509999999999948e+01 7.212747000000000000e+06
3.147030000000000172e+01 5.178498000000000000e+06
3.220439999999999969e+01 7.859596000000000000e+06
3.283359999999999701e+01 7.394401000000000000e+06
3.484519999999999840e+01 5.414894000000000000e+06
3.466400000000000148e+01 5.518340000000000000e+06
3.434940000000000282e+01 4.320034000000000000e+06
3.473080000000000211e+01 4.260621000000000000e+06
3.436849999999999739e+01 4.302048000000000000e+06
3.437800000000000011e+01 7.782704000000000000e+06
3.354860000000000042e+01 1.597596000000000000e+06
3.384409999999999741e+01 3.497139000000000000e+06
3.358670000000000044e+01 5.510620000000000000e+06
3.427309999999999945e+01 5.897163000000000000e+06
3.456869999999999976e+01 5.821447000000000000e+06
3.487380000000000280e+01 6.490567000000000000e+06
3.452100000000000080e+01 8.901619000000000000e+06
3.593200000000000216e+01 3.582009000000000000e+06
3.586520000000000152e+01 4.984595000000000000e+06
3.628470000000000084e+01 3.382246000000000000e+06
3.651350000000000051e+01 3.891054000000000000e+06
3.636099999999999710e+01 2.674300000000000000e+06
3.597010000000000218e+01 6.468293000000000000e+06
3.597010000000000218e+01 2.738533000000000000e+06
3.576989999999999981e+01 4.679720000000000000e+06
3.566499999999999915e+01 5.536930000000000000e+06
3.560779999999999745e+01 6.488563000000000000e+06
3.463539999999999708e+01 5.997650000000000000e+06
3.421900000000000119e+01 5.344957000000000000e+06
3.393509999999999849e+01 5.802118000000000000e+06
3.396350000000000335e+01 5.659597000000000000e+06
3.314970000000000283e+01 7.255869000000000000e+06
3.429469999999999885e+01 8.937134000000000000e+06
3.385000000000000142e+01 9.609252000000000000e+06
3.441779999999999973e+01 6.619841000000000000e+06
3.304560000000000031e+01 7.503627000000000000e+06
3.396350000000000335e+01 6.389587000000000000e+06
3.379319999999999879e+01 7.528129000000000000e+06
3.392569999999999908e+01 5.712834000000000000e+06
3.417170000000000130e+01 7.469577000000000000e+06
3.500450000000000017e+01 7.640074000000000000e+06
3.611169999999999902e+01 5.224447000000000000e+06
3.687819999999999965e+01 3.448236000000000000e+06
3.712420000000000186e+01 2.324787000000000000e+06
3.669839999999999947e+01 2.960894000000000000e+06
3.700119999999999720e+01 4.085140000000000000e+06
3.674569999999999936e+01 4.659220000000000000e+06
3.602649999999999864e+01 4.212245000000000000e+06
3.630089999999999861e+01 3.386078000000000000e+06
3.649969999999999715e+01 4.718790000000000000e+06
3.684029999999999916e+01 3.575758000000000000e+06
3.729460000000000264e+01 3.972137000000000000e+06
3.798539999999999850e+01 2.652038000000000000e+06
3.824090000000000344e+01 3.091095000000000000e+06
3.878029999999999688e+01 5.111482000000000000e+06
3.882759999999999678e+01 3.011926000000000000e+06
3.825039999999999907e+01 3.341687000000000000e+06
3.767309999999999803e+01 3.395024000000000000e+06
3.774880000000000280e+01 2.463969000000000000e+06
3.798539999999999850e+01 3.618437000000000000e+06
3.763530000000000086e+01 5.480323000000000000e+06
3.819360000000000355e+01 4.408017000000000000e+06
3.882759999999999678e+01 4.956935000000000000e+06
3.857209999999999894e+01 1.942657000000000000e+06
3.880870000000000175e+01 3.539049000000000000e+06
3.897899999999999920e+01 2.612173000000000000e+06
3.925350000000000250e+01 3.801827000000000000e+06
3.901689999999999969e+01 2.875405000000000000e+06
3.895060000000000144e+01 2.660267000000000000e+06
3.872350000000000136e+01 3.080600000000000000e+06
3.892229999999999990e+01 3.487302000000000000e+06
3.927239999999999753e+01 3.138574000000000000e+06
3.920620000000000260e+01 2.517360000000000000e+06
3.875189999999999912e+01 3.289997000000000000e+06
3.883709999999999951e+01 2.713155000000000000e+06
3.903580000000000183e+01 2.521399000000000000e+06
3.905469999999999686e+01 3.270272000000000000e+06
3.865729999999999933e+01 2.091177000000000000e+06
3.850589999999999691e+01 2.269443000000000000e+06
3.828820000000000334e+01 3.501820000000000000e+06
3.761630000000000251e+01 4.199147000000000000e+06
3.823140000000000072e+01 3.017315000000000000e+06
3.770150000000000290e+01 2.496384000000000000e+06
3.810840000000000316e+01 2.143279000000000000e+06
3.841120000000000090e+01 2.686531000000000000e+06
3.880870000000000175e+01 2.952033000000000000e+06
3.824090000000000344e+01 3.367096000000000000e+06
3.797590000000000288e+01 3.613443000000000000e+06
3.825039999999999907e+01 4.111979000000000000e+06
3.812729999999999819e+01 3.448009000000000000e+06
3.777720000000000056e+01 4.074277000000000000e+06
3.764470000000000027e+01 3.591933000000000000e+06
3.766349999999999909e+01 4.518008000000000000e+06
3.769169999999999732e+01 4.102700000000000000e+06
3.756009999999999849e+01 4.712608000000000000e+06
3.752250000000000085e+01 4.642537000000000000e+06
3.763530000000000086e+01 7.864740000000000000e+06
3.809590000000000032e+01 5.402149000000000000e+06
3.778569999999999851e+01 5.895742000000000000e+06
3.821809999999999974e+01 5.817932000000000000e+06
3.857529999999999859e+01 4.275141000000000000e+06
3.763530000000000086e+01 3.965737000000000000e+06
3.757889999999999731e+01 4.278735000000000000e+06
3.699620000000000175e+01 4.342633000000000000e+06
3.719350000000000023e+01 5.138997000000000000e+06
3.740030000000000143e+01 3.094711000000000000e+06
3.763530000000000086e+01 2.984211000000000000e+06
3.806770000000000209e+01 4.627634000000000000e+06
3.698680000000000234e+01 3.668890000000000000e+06
3.682699999999999818e+01 4.981459000000000000e+06
3.662019999999999698e+01 1.695625000000000000e+06
3.701500000000000057e+01 4.336664000000000000e+06
3.656380000000000052e+01 6.868665000000000000e+06
3.713719999999999999e+01 3.799043000000000000e+06
3.718419999999999703e+01 4.854455000000000000e+06
3.772930000000000206e+01 6.471380000000000000e+06
3.839670000000000272e+01 7.724411000000000000e+06
3.870689999999999742e+01 5.759636000000000000e+06
3.941179999999999950e+01 2.774665000000000000e+06
3.937420000000000186e+01 4.323347000000000000e+06
3.924260000000000304e+01 4.108541000000000000e+06
3.933659999999999712e+01 4.824871000000000000e+06
3.919559999999999889e+01 8.035203000000000000e+06
3.891360000000000241e+01 5.402873000000000000e+06
3.932719999999999771e+01 5.709188000000000000e+06
3.967499999999999716e+01 5.631754000000000000e+06
3.933659999999999712e+01 4.652557000000000000e+06
3.945879999999999654e+01 4.135600000000000000e+06
3.939300000000000068e+01 4.811018000000000000e+06
3.983480000000000132e+01 3.702134000000000000e+06
3.899819999999999709e+01 4.022276000000000000e+06
3.939300000000000068e+01 4.778261000000000000e+06
3.912980000000000302e+01 4.173919000000000000e+06
3.839670000000000272e+01 9.028511000000000000e+06
3.801129999999999853e+01 4.363090000000000000e+06
3.704319999999999879e+01 6.899710000000000000e+06
3.901700000000000301e+01 3.596990000000000000e+06
3.904520000000000124e+01 4.452926000000000000e+06
3.928020000000000067e+01 6.262850000000000000e+06
3.965619999999999834e+01 3.424484000000000000e+06
3.937420000000000186e+01 3.849985000000000000e+06
3.906400000000000006e+01 3.456706000000000000e+06
3.994760000000000133e+01 3.580414000000000000e+06
3.998519999999999897e+01 2.905983000000000000e+06
4.015440000000000254e+01 3.501122000000000000e+06
3.979719999999999658e+01 2.365776000000000000e+06
3.985360000000000014e+01 2.430286000000000000e+06
3.981600000000000250e+01 2.610287000000000000e+06
3.963739999999999952e+01 3.177045000000000000e+06
3.883850000000000335e+01 3.656366000000000000e+06
3.860349999999999682e+01 2.592934000000000000e+06
3.856589999999999918e+01 2.738923000000000000e+06
3.798310000000000031e+01 4.179914000000000000e+06
3.854710000000000036e+01 5.698569000000000000e+06
3.849069999999999681e+01 7.339348000000000000e+06
3.878979999999999961e+01 2.836105000000000000e+06
3.970609999999999928e+01 3.442211000000000000e+06
3.924799999999999756e+01 3.832061000000000000e+06
3.975280000000000058e+01 3.772948000000000000e+06
3.951910000000000167e+01 5.980792000000000000e+06
3.974349999999999739e+01 5.521116000000000000e+06
3.924799999999999756e+01 5.391458000000000000e+06
3.913580000000000325e+01 5.860660000000000000e+06
3.835979999999999990e+01 6.786859000000000000e+06
3.860289999999999822e+01 7.108337000000000000e+06
3.961260000000000048e+01 2.919064000000000000e+06
3.952839999999999776e+01 3.787183000000000000e+06
4.042600000000000193e+01 3.778529000000000000e+06
3.943489999999999895e+01 3.161856000000000000e+06
3.992110000000000269e+01 3.649184000000000000e+06
3.902360000000000184e+01 4.324145000000000000e+06
3.878050000000000352e+01 5.383223000000000000e+06
4.022030000000000172e+01 5.229441000000000000e+06
3.998649999999999949e+01 4.959172000000000000e+06
3.908899999999999864e+01 3.581141000000000000e+06
3.842519999999999669e+01 4.659684000000000000e+06
3.924799999999999756e+01 6.672880000000000000e+06
3.884590000000000032e+01 5.276044000000000000e+06
3.888329999999999842e+01 4.969233000000000000e+06
4.031380000000000052e+01 6.161710000000000000e+06
3.858420000000000272e+01 5.119319000000000000e+06
4.015480000000000160e+01 5.373732000000000000e+06
4.199660000000000082e+01 3.592500000000000000e+06
4.185640000000000072e+01 2.044747000000000000e+06
4.198729999999999762e+01 3.142596000000000000e+06
4.194989999999999952e+01 6.239720000000000000e+06
4.203399999999999892e+01 3.121268000000000000e+06
4.219299999999999784e+01 5.004555000000000000e+06
4.275390000000000157e+01 3.026226000000000000e+06
4.314659999999999940e+01 3.545309000000000000e+06
4.324940000000000140e+01 4.132302000000000000e+06
4.227709999999999724e+01 3.571023000000000000e+06
4.248279999999999745e+01 3.468164000000000000e+06
4.237060000000000315e+01 3.843548000000000000e+06
4.194050000000000011e+01 5.293323000000000000e+06
4.130480000000000018e+01 5.850779000000000000e+06
4.069709999999999894e+01 7.400863000000000000e+06
4.065970000000000084e+01 7.866285000000000000e+06
4.090279999999999916e+01 1.382630000000000000e+07
4.164139999999999731e+01 1.443726300000000000e+07
4.340840000000000032e+01 2.357320000000000000e+06
4.249210000000000065e+01 2.453000000000000000e+06
4.328679999999999950e+01 4.462092000000000000e+06
4.309049999999999869e+01 4.777534000000000000e+06
4.294089999999999918e+01 2.791535000000000000e+06
4.302499999999999858e+01 3.020736000000000000e+06
4.286610000000000298e+01 6.281532000000000000e+06
4.150110000000000099e+01 3.238804000000000000e+06
4.109909999999999997e+01 4.343296000000000000e+06
4.024830000000000041e+01 6.866932000000000000e+06
3.944429999999999836e+01 4.680649000000000000e+06
4.192179999999999751e+01 6.545771000000000000e+06
4.169740000000000180e+01 8.285521000000000000e+06
4.083729999999999905e+01 5.775199000000000000e+06
4.302499999999999858e+01 6.058581000000000000e+06
4.376359999999999673e+01 6.551054000000000000e+06
4.291279999999999717e+01 4.147525000000000000e+06
4.295940000000000225e+01 3.707807000000000000e+06
4.349900000000000233e+01 3.722814000000000000e+06
4.368509999999999849e+01 3.930879000000000000e+06
4.342459999999999809e+01 5.602319000000000000e+06
4.408520000000000039e+01 6.987448000000000000e+06
4.454120000000000346e+01 3.859565000000000000e+06
4.448530000000000229e+01 4.149900000000000000e+06
4.356419999999999959e+01 7.779128000000000000e+06
4.257789999999999964e+01 6.063819000000000000e+06
4.265229999999999677e+01 3.728350000000000000e+06
4.210329999999999728e+01 2.958415000000000000e+06
4.235459999999999781e+01 2.267332000000000000e+06
4.214990000000000236e+01 3.286271000000000000e+06
4.177770000000000294e+01 2.705023000000000000e+06
4.111710000000000065e+01 4.942445000000000000e+06
4.099609999999999843e+01 4.725735000000000000e+06
4.082860000000000156e+01 7.314370000000000000e+06
4.064249999999999829e+01 6.402521000000000000e+06
4.016799999999999926e+01 6.188420000000000000e+06
3.971209999999999951e+01 4.410866000000000000e+06
3.906069999999999709e+01 2.507611000000000000e+06
3.948870000000000147e+01 1.459860000000000000e+06
3.941429999999999723e+01 1.788627000000000000e+06
3.956320000000000192e+01 2.404011000000000000e+06
3.966550000000000153e+01 3.590347000000000000e+06
3.963759999999999906e+01 4.034127000000000000e+06
3.901420000000000243e+01 2.389762000000000000e+06
3.915379999999999683e+01 5.067068000000000000e+06
3.910730000000000217e+01 3.790138000000000000e+06
3.880019999999999669e+01 8.968604000000000000e+06
3.802790000000000248e+01 3.620718000000000000e+06
3.846520000000000294e+01 3.980666000000000000e+06
3.900489999999999924e+01 3.999985000000000000e+06
3.853970000000000340e+01 3.249604000000000000e+06
3.883740000000000236e+01 3.051161000000000000e+06
3.854899999999999949e+01 4.692245000000000000e+06
3.780460000000000065e+01 4.265187000000000000e+06
3.804650000000000176e+01 6.164635000000000000e+06
3.893979999999999819e+01 6.494481000000000000e+06
3.786039999999999850e+01 6.694642000000000000e+06
3.786970000000000169e+01 1.319101200000000000e+07
3.784179999999999922e+01 8.737030000000000000e+06
3.608330000000000126e+01 4.978685000000000000e+06
3.501319999999999766e+01 2.257051000000000000e+06
3.512489999999999668e+01 8.071830000000000000e+05
3.519930000000000092e+01 2.848153000000000000e+06
3.526449999999999818e+01 4.695269000000000000e+06
3.559009999999999962e+01 3.572381000000000000e+06
3.551570000000000249e+01 2.093233000000000000e+06
3.528309999999999746e+01 3.584283000000000000e+06
3.548780000000000001e+01 4.187266000000000000e+06
3.542260000000000275e+01 4.899558000000000000e+06
3.461310000000000286e+01 4.689042000000000000e+06
3.412930000000000064e+01 3.410749000000000000e+06
3.425030000000000285e+01 4.764533000000000000e+06
3.471549999999999869e+01 5.045840000000000000e+06
3.505049999999999955e+01 4.868907000000000000e+06
3.602740000000000009e+01 2.232409000000000000e+06
3.612049999999999983e+01 2.949547000000000000e+06
3.604599999999999937e+01 3.349512000000000000e+06
3.570179999999999865e+01 5.282122000000000000e+06
3.536679999999999779e+01 3.188235000000000000e+06
3.526489999999999725e+01 3.720625000000000000e+06
3.560759999999999792e+01 2.464170000000000000e+06
3.566320000000000334e+01 4.345223000000000000e+06
3.521399999999999864e+01 4.936729000000000000e+06
3.553349999999999653e+01 6.127548000000000000e+06
3.565390000000000015e+01 8.124599000000000000e+06
3.549649999999999750e+01 6.985947000000000000e+06
3.466299999999999670e+01 4.612911000000000000e+06
3.443149999999999977e+01 5.668667000000000000e+06
3.396840000000000259e+01 3.277828000000000000e+06
3.431110000000000326e+01 3.366059000000000000e+06
3.424629999999999797e+01 3.742593000000000000e+06
3.441299999999999670e+01 2.868070000000000000e+06
3.468149999999999977e+01 4.003282000000000000e+06
3.501489999999999725e+01 3.643542000000000000e+06
3.455190000000000339e+01 3.664571000000000000e+06
3.471860000000000213e+01 5.040926000000000000e+06
3.438519999999999754e+01 4.741830000000000000e+06
3.386659999999999826e+01 1.139477700000000000e+07
3.411659999999999826e+01 6.928770000000000000e+06
3.446849999999999881e+01 9.020795000000000000e+06
3.507050000000000267e+01 5.565538000000000000e+06
3.432959999999999923e+01 3.758596000000000000e+06
3.446849999999999881e+01 4.282351000000000000e+06
3.409810000000000230e+01 4.179905000000000000e+06
3.376469999999999771e+01 3.911987000000000000e+06
3.366279999999999717e+01 2.554698000000000000e+06
3.358870000000000289e+01 4.271103000000000000e+06
3.314419999999999789e+01 8.700210000000000000e+06
3.317199999999999704e+01 4.236117000000000000e+06
3.295900000000000318e+01 3.527879000000000000e+06
3.256080000000000041e+01 6.685750000000000000e+06
3.220889999999999986e+01 5.488006000000000000e+06
3.212550000000000239e+01 4.051115000000000000e+06
3.193110000000000070e+01 5.612065000000000000e+06
3.098649999999999949e+01 4.376739000000000000e+06
3.038449999999999918e+01 5.447335000000000000e+06
2.970850000000000080e+01 5.204050000000000000e+06
3.034750000000000014e+01 3.686646000000000000e+06
3.023639999999999972e+01 3.952331000000000000e+06
3.112539999999999907e+01 2.883529000000000000e+06
3.068090000000000117e+01 3.604382000000000000e+06
3.092160000000000153e+01 3.165685000000000000e+06
3.084759999999999991e+01 4.444359000000000000e+06
3.099569999999999936e+01 5.151913000000000000e+06
3.134759999999999991e+01 2.763519000000000000e+06
3.084759999999999991e+01 5.448148000000000000e+06
3.102349999999999852e+01 3.887554000000000000e+06
3.094940000000000069e+01 4.822638000000000000e+06
3.028269999999999840e+01 6.608464000000000000e+06
3.061599999999999966e+01 3.965387000000000000e+06
3.038449999999999918e+01 4.144628000000000000e+06
3.144030000000000058e+01 2.966524000000000000e+06
3.147729999999999961e+01 3.181097000000000000e+06
3.169030000000000058e+01 3.058863000000000000e+06
3.092160000000000153e+01 4.100907000000000000e+06
3.121799999999999997e+01 4.233861000000000000e+06
3.244039999999999679e+01 2.549138000000000000e+06
3.272749999999999915e+01 3.419935000000000000e+06
3.273680000000000234e+01 4.085814000000000000e+06
3.298680000000000234e+01 3.699105000000000000e+06
3.261639999999999873e+01 4.180739000000000000e+06
3.298680000000000234e+01 3.555451000000000000e+06
3.261639999999999873e+01 2.970277000000000000e+06
3.248669999999999902e+01 3.425535000000000000e+06
3.219189999999999685e+01 2.692070000000000000e+06
3.228399999999999892e+01 5.024644000000000000e+06
3.240379999999999683e+01 3.994990000000000000e+06
3.303029999999999688e+01 5.165852000000000000e+06
3.266179999999999950e+01 4.735604000000000000e+06
3.176810000000000045e+01 6.809356000000000000e+06
3.247749999999999915e+01 4.703760000000000000e+06
3.249589999999999890e+01 3.632187000000000000e+06
3.279079999999999728e+01 3.129739000000000000e+06
3.325139999999999674e+01 2.802476000000000000e+06
3.338960000000000150e+01 2.957224000000000000e+06
3.395170000000000243e+01 2.863834000000000000e+06
3.364759999999999707e+01 3.103628000000000000e+06
3.384109999999999729e+01 3.533064000000000000e+06
3.413589999999999947e+01 4.071760000000000000e+06
3.415440000000000254e+01 4.017287000000000000e+06
3.372129999999999939e+01 4.148289000000000000e+06
3.397930000000000206e+01 5.106931000000000000e+06
3.366599999999999682e+01 2.328727000000000000e+06
3.287369999999999948e+01 3.264557000000000000e+06
3.284599999999999653e+01 5.572229000000000000e+06
3.256040000000000134e+01 5.179317000000000000e+06
3.209969999999999857e+01 3.570918000000000000e+06
3.193390000000000128e+01 6.662132000000000000e+06
3.177730000000000032e+01 9.024438000000000000e+06
3.222870000000000346e+01 4.439895000000000000e+06
3.243139999999999645e+01 3.829279000000000000e+06
3.311319999999999908e+01 3.046395000000000000e+06
3.367530000000000001e+01 3.128049000000000000e+06
3.350939999999999941e+01 5.082566000000000000e+06
3.382269999999999754e+01 3.166570000000000000e+06
3.370289999999999964e+01 5.384254000000000000e+06
3.397930000000000206e+01 3.774454000000000000e+06
3.373049999999999926e+01 6.392409000000000000e+06
3.348179999999999978e+01 4.730728000000000000e+06
3.281839999999999691e+01 5.822736000000000000e+06
3.180489999999999995e+01 3.641983000000000000e+06
3.119679999999999964e+01 3.274136000000000000e+06
3.130740000000000123e+01 4.939852000000000000e+06
3.144559999999999889e+01 5.802237000000000000e+06
3.178650000000000020e+01 4.069004000000000000e+06
3.141799999999999926e+01 5.641676000000000000e+06
3.155620000000000047e+01 6.637351000000000000e+06
3.191550000000000153e+01 4.865221000000000000e+06
3.185099999999999909e+01 3.952385000000000000e+06
3.190630000000000166e+01 4.131718000000000000e+06
3.233010000000000161e+01 4.375460000000000000e+06
3.185099999999999909e+01 4.214528000000000000e+06
3.185099999999999909e+01 5.268969000000000000e+06
3.174960000000000093e+01 6.094746000000000000e+06
3.185099999999999909e+01 9.940387000000000000e+06
3.416360000000000241e+01 3.484400000000000000e+06
3.410829999999999984e+01 3.529876000000000000e+06
3.376740000000000208e+01 3.326555000000000000e+06
3.408990000000000009e+01 2.625528000000000000e+06
3.428329999999999700e+01 2.499448000000000000e+06
3.425569999999999737e+01 2.613679000000000000e+06
3.442150000000000176e+01 2.760631000000000000e+06
3.406219999999999715e+01 3.097201000000000000e+06
3.440310000000000201e+01 3.838626000000000000e+06
3.428329999999999700e+01 3.536923000000000000e+06
3.394239999999999924e+01 3.857299000000000000e+06
3.420960000000000178e+01 4.659405000000000000e+06
3.369559999999999889e+01 7.567031000000000000e+06
3.375070000000000192e+01 7.425976000000000000e+06
3.377819999999999823e+01 5.824552000000000000e+06
3.345700000000000074e+01 7.062782000000000000e+06
3.290619999999999834e+01 7.965255000000000000e+06
3.203419999999999845e+01 7.131085000000000000e+06
3.237389999999999901e+01 5.213078000000000000e+06
3.141009999999999991e+01 7.394225000000000000e+06
3.093280000000000030e+01 4.819030000000000000e+06
3.113469999999999871e+01 3.349579000000000000e+06
3.051060000000000016e+01 3.882518000000000000e+06
3.096030000000000015e+01 4.051829000000000000e+06
3.155689999999999884e+01 4.157559000000000000e+06
3.155689999999999884e+01 3.944929000000000000e+06
3.178640000000000043e+01 3.748075000000000000e+06
3.205259999999999820e+01 3.104308000000000000e+06
3.155689999999999884e+01 4.949100000000000000e+06
3.203419999999999845e+01 4.646104000000000000e+06
3.196079999999999899e+01 5.149443000000000000e+06
3.171300000000000097e+01 5.060880000000000000e+06
3.201590000000000202e+01 5.519289000000000000e+06
3.165790000000000148e+01 1.115900500000000000e+07
3.215359999999999729e+01 4.379412000000000000e+06
3.142839999999999989e+01 5.075264000000000000e+06
3.167630000000000123e+01 4.923007000000000000e+06
3.173130000000000095e+01 4.736803000000000000e+06
3.160279999999999845e+01 7.066744000000000000e+06
3.153859999999999886e+01 7.594756000000000000e+06
3.325500000000000256e+01 5.881912000000000000e+06
3.361299999999999955e+01 1.351014600000000000e+07
3.405360000000000298e+01 3.363746000000000000e+06
3.375990000000000180e+01 5.339984000000000000e+06
3.413620000000000232e+01 3.378105000000000000e+06
3.430140000000000100e+01 4.176324000000000000e+06
3.454930000000000234e+01 4.472991000000000000e+06
3.463190000000000168e+01 2.948870000000000000e+06
3.474199999999999733e+01 3.445588000000000000e+06
3.485220000000000340e+01 2.628290000000000000e+06
3.512749999999999773e+01 2.722995000000000000e+06
3.516420000000000101e+01 4.489447000000000000e+06
3.492560000000000286e+01 5.930197000000000000e+06
3.633910000000000196e+01 7.133705000000000000e+06
3.430140000000000100e+01 4.450208000000000000e+06
3.413620000000000232e+01 4.015415000000000000e+06
3.364050000000000296e+01 7.559256000000000000e+06
3.419129999999999825e+01 5.960935000000000000e+06
3.457679999999999865e+01 5.248697000000000000e+06
3.492560000000000286e+01 4.622419000000000000e+06
3.473279999999999745e+01 5.495882000000000000e+06
3.510920000000000130e+01 2.756895000000000000e+06
3.521929999999999694e+01 3.841115000000000000e+06
3.486129999999999995e+01 5.148596000000000000e+06
3.388839999999999719e+01 3.506175000000000000e+06
3.342940000000000111e+01 3.283755000000000000e+06
3.326420000000000243e+01 5.730961000000000000e+06
3.244729999999999848e+01 8.451798000000000000e+06
3.358550000000000324e+01 3.815843000000000000e+06
3.347529999999999717e+01 4.633578000000000000e+06
3.376899999999999835e+01 3.873692000000000000e+06
3.308059999999999690e+01 4.356559000000000000e+06
3.349369999999999692e+01 4.795907000000000000e+06
3.320000000000000284e+01 4.774894000000000000e+06
3.340109999999999957e+01 4.981902000000000000e+06
3.382169999999999987e+01 4.278555000000000000e+06
3.432459999999999667e+01 4.795764000000000000e+06
3.430630000000000024e+01 5.714208000000000000e+06
3.319080000000000297e+01 6.052454000000000000e+06
3.281589999999999918e+01 4.893724000000000000e+06
3.275189999999999912e+01 8.164516000000000000e+06
3.175529999999999831e+01 5.737292000000000000e+06
3.199299999999999855e+01 6.386108000000000000e+06
3.119750000000000156e+01 8.472301000000000000e+06
3.318169999999999931e+01 5.200780000000000000e+06
3.284340000000000259e+01 3.961655000000000000e+06
3.316340000000000288e+01 4.273259000000000000e+06
3.317249999999999943e+01 3.730357000000000000e+06
3.262389999999999901e+01 3.035709000000000000e+06
3.283420000000000272e+01 3.623516000000000000e+06
3.266049999999999898e+01 3.725212000000000000e+06
3.307200000000000273e+01 4.354910000000000000e+06
3.278849999999999909e+01 5.046074000000000000e+06
3.257820000000000249e+01 3.394322000000000000e+06
3.225820000000000221e+01 3.783589000000000000e+06
3.291649999999999920e+01 2.837804000000000000e+06
3.333709999999999951e+01 1.936175000000000000e+06
3.321820000000000306e+01 1.896804000000000000e+06
3.291649999999999920e+01 3.788417000000000000e+06
3.293480000000000274e+01 2.900265000000000000e+06
3.298969999999999914e+01 3.430691000000000000e+06
3.234049999999999869e+01 5.258323000000000000e+06
3.229480000000000217e+01 1.313335000000000000e+07
3.236789999999999878e+01 6.350220000000000000e+06
3.166390000000000171e+01 7.098408000000000000e+06
3.181929999999999836e+01 6.048221000000000000e+06
3.201129999999999853e+01 4.836054000000000000e+06
3.246849999999999881e+01 4.745864000000000000e+06
3.249589999999999890e+01 6.598605000000000000e+06
3.205700000000000216e+01 6.267057000000000000e+06
3.172790000000000177e+01 4.585330000000000000e+06
3.122500000000000142e+01 6.612004000000000000e+06
3.122500000000000142e+01 5.881837000000000000e+06
3.143530000000000157e+01 7.613635000000000000e+06
3.063980000000000103e+01 7.345119000000000000e+06
2.961570000000000036e+01 5.712861000000000000e+06
2.905799999999999983e+01 5.531038000000000000e+06
2.967970000000000041e+01 1.506994000000000000e+06
2.962490000000000023e+01 5.689655000000000000e+06
2.918599999999999994e+01 8.293926000000000000e+06
2.919510000000000005e+01 4.587275000000000000e+06
2.923170000000000002e+01 8.228335000000000000e+06
2.901219999999999999e+01 9.743724000000000000e+06
2.809789999999999921e+01 7.471522000000000000e+06
2.828989999999999938e+01 1.008990600000000000e+07
2.823509999999999920e+01 1.467200700000000000e+07
2.729329999999999856e+01 1.625282200000000000e+07
2.706469999999999843e+01 1.202614400000000000e+07
2.578460000000000107e+01 1.278489900000000000e+07
2.464170000000000016e+01 5.125092000000000000e+06
2.500740000000000052e+01 5.132469000000000000e+06
2.414789999999999992e+01 3.643471000000000000e+06
2.401989999999999981e+01 4.931416000000000000e+06
2.386449999999999960e+01 8.422611000000000000e+06
2.454110000000000014e+01 7.868825000000000000e+06
2.408389999999999986e+01 5.903355000000000000e+06
2.398379999999999868e+01 7.858869000000000000e+06
2.445710000000000051e+01 5.738041000000000000e+06
2.445710000000000051e+01 4.994898000000000000e+06
2.408389999999999986e+01 4.255926000000000000e+06
2.398379999999999868e+01 5.127085000000000000e+06
2.363789999999999836e+01 4.308429000000000000e+06
2.325560000000000116e+01 6.624095000000000000e+06
2.302809999999999846e+01 3.578864000000000000e+06
2.261850000000000094e+01 3.373867000000000000e+06
2.237269999999999825e+01 3.493837000000000000e+06
2.256390000000000029e+01 3.596539000000000000e+06
2.231810000000000116e+01 4.792400000000000000e+06
2.298260000000000147e+01 4.079366000000000000e+06
2.271859999999999857e+01 7.271504000000000000e+06
2.324650000000000105e+01 3.131214000000000000e+06
2.321010000000000062e+01 4.944021000000000000e+06
2.338309999999999889e+01 3.921249000000000000e+06
2.327380000000000138e+01 5.297839000000000000e+06
2.274589999999999890e+01 5.959264000000000000e+06
2.239089999999999847e+01 3.174242000000000000e+06
2.249109999999999943e+01 6.661489000000000000e+06
2.189029999999999987e+01 5.070188000000000000e+06
2.221799999999999997e+01 8.700337000000000000e+06
2.212699999999999889e+01 3.868548000000000000e+06
2.180839999999999890e+01 4.708061000000000000e+06
2.221799999999999997e+01 4.935688000000000000e+06
2.206330000000000169e+01 4.438076000000000000e+06
2.212699999999999889e+01 3.832624000000000000e+06
2.199960000000000093e+01 4.080291000000000000e+06
2.201780000000000115e+01 4.027867000000000000e+06
2.193580000000000041e+01 8.753901000000000000e+06
2.228170000000000073e+01 5.127004000000000000e+06
2.220889999999999986e+01 4.671247000000000000e+06
2.240909999999999869e+01 6.656558000000000000e+06
2.281869999999999976e+01 6.584001000000000000e+06
2.258210000000000051e+01 7.103167000000000000e+06
2.268220000000000169e+01 4.293836000000000000e+06
2.236360000000000170e+01 3.645353000000000000e+06
2.211789999999999878e+01 4.998250000000000000e+06
2.246379999999999910e+01 4.892083000000000000e+06
2.231810000000000116e+01 4.631168000000000000e+06
2.254570000000000007e+01 6.701934000000000000e+06
2.250929999999999964e+01 4.555296000000000000e+06
2.226350000000000051e+01 6.644579000000000000e+06
2.195400000000000063e+01 6.155047000000000000e+06
2.151709999999999923e+01 2.293573000000000000e+06
2.138060000000000116e+01 4.032565000000000000e+06
2.141700000000000159e+01 4.698184000000000000e+06
2.138970000000000127e+01 3.139056000000000000e+06
2.146249999999999858e+01 2.948761000000000000e+06
2.128960000000000008e+01 3.797341000000000000e+06
2.133510000000000062e+01 4.241687000000000000e+06
2.128960000000000008e+01 4.756536000000000000e+06
2.142610000000000170e+01 4.491218000000000000e+06
2.118039999999999878e+01 3.080134000000000000e+06
2.129870000000000019e+01 3.690978000000000000e+06
2.116219999999999857e+01 3.478403000000000000e+06
2.138060000000000116e+01 5.153083000000000000e+06
2.134420000000000073e+01 5.396536000000000000e+06
2.128960000000000008e+01 7.330956000000000000e+06
2.057959999999999923e+01 5.901696000000000000e+06
2.044310000000000116e+01 4.841279000000000000e+06
2.006990000000000052e+01 5.918515000000000000e+06
2.020649999999999835e+01 4.848107000000000000e+06
2.022459999999999880e+01 4.011661000000000000e+06
2.032410000000000139e+01 6.201336000000000000e+06
2.044180000000000064e+01 8.847093000000000000e+06
2.036039999999999850e+01 6.197893000000000000e+06
1.994389999999999930e+01 5.910735000000000000e+06
1.973570000000000135e+01 6.390709000000000000e+06
1.962709999999999866e+01 1.296969300000000000e+07
1.930120000000000147e+01 8.470988000000000000e+06
1.903859999999999886e+01 5.204837000000000000e+06
1.899330000000000140e+01 8.284919000000000000e+06
1.899330000000000140e+01 5.157307000000000000e+06
1.900240000000000151e+01 4.670563000000000000e+06
1.861309999999999931e+01 3.949308000000000000e+06
1.850450000000000017e+01 6.519902000000000000e+06
1.821480000000000032e+01 4.953424000000000000e+06
1.797040000000000148e+01 8.867130000000000000e+06
1.758109999999999928e+01 8.140393000000000000e+06
1.719180000000000064e+01 7.896005000000000000e+06
1.711029999999999873e+01 5.693220000000000000e+06
1.778930000000000078e+01 5.723874000000000000e+06
1.808800000000000097e+01 1.074406000000000000e+07
1.767160000000000153e+01 8.301046000000000000e+06
1.717370000000000019e+01 2.333489300000000000e+07
1.669389999999999930e+01 1.306245900000000000e+07
1.806090000000000018e+01 2.159627100000000000e+07
2.002540000000000120e+01 5.342832000000000000e+06
1.934639999999999915e+01 4.140742000000000000e+06
1.950939999999999941e+01 6.220181000000000000e+06
1.929210000000000136e+01 6.019362000000000000e+06
1.910200000000000031e+01 9.967994000000000000e+06
1.895710000000000051e+01 4.987969000000000000e+06
1.933739999999999881e+01 6.084902000000000000e+06
1.929210000000000136e+01 8.924669000000000000e+06
1.998920000000000030e+01 5.179736000000000000e+06
2.033320000000000149e+01 4.677612000000000000e+06
2.071340000000000003e+01 4.449397000000000000e+06
2.123849999999999838e+01 3.343393000000000000e+06
2.125659999999999883e+01 3.722474000000000000e+06
2.124759999999999849e+01 5.449887000000000000e+06
2.094879999999999853e+01 7.799762000000000000e+06
2.157349999999999923e+01 3.508196000000000000e+06
2.136530000000000129e+01 3.950077000000000000e+06
2.132000000000000028e+01 6.726893000000000000e+06
2.135620000000000118e+01 3.513535000000000000e+06
2.113889999999999958e+01 4.663400000000000000e+06
2.144669999999999987e+01 6.771547000000000000e+06
2.104840000000000089e+01 3.165566000000000000e+06
2.079489999999999839e+01 2.941438000000000000e+06
2.080399999999999849e+01 3.933631000000000000e+06
2.073150000000000048e+01 4.818798000000000000e+06
2.093980000000000175e+01 9.873205000000000000e+06
1.975379999999999825e+01 4.167655000000000000e+06
1.965419999999999945e+01 4.284660000000000000e+06
1.937359999999999971e+01 6.519596000000000000e+06
1.969950000000000045e+01 5.748915000000000000e+06
2.009779999999999944e+01 3.672646000000000000e+06
2.024269999999999925e+01 1.015933600000000000e+07
1.978099999999999881e+01 2.712382000000000000e+06
1.999820000000000064e+01 3.713931000000000000e+06
2.001630000000000109e+01 4.871171000000000000e+06
1.990769999999999840e+01 5.202137000000000000e+06
2.037849999999999895e+01 3.869215000000000000e+06
2.087640000000000029e+01 3.123289000000000000e+06
2.058820000000000050e+01 5.315033000000000000e+06
2.093039999999999878e+01 3.265875000000000000e+06
2.127270000000000039e+01 4.806546000000000000e+06
2.120959999999999823e+01 4.066126000000000000e+06
2.105649999999999977e+01 3.325856000000000000e+06
2.127270000000000039e+01 5.180593000000000000e+06
2.119160000000000110e+01 8.222281000000000000e+06
2.103849999999999909e+01 7.534540000000000000e+06
2.080430000000000135e+01 8.796360000000000000e+06
2.046209999999999951e+01 3.604564000000000000e+06
2.030900000000000105e+01 5.015196000000000000e+06
2.055219999999999914e+01 5.943774000000000000e+06
2.035399999999999920e+01 6.202632000000000000e+06
1.937239999999999895e+01 4.149325000000000000e+06
1.894910000000000139e+01 2.854345000000000000e+06
1.879599999999999937e+01 5.449882000000000000e+06
1.872390000000000043e+01 6.302281000000000000e+06
1.921920000000000073e+01 6.861695000000000000e+06
1.869689999999999941e+01 6.993184000000000000e+06
1.937239999999999895e+01 4.721722000000000000e+06
1.922830000000000084e+01 4.556757000000000000e+06
1.886799999999999855e+01 4.954843000000000000e+06
1.913820000000000121e+01 6.099991000000000000e+06
1.909319999999999951e+01 5.997208000000000000e+06
1.926429999999999865e+01 3.613668000000000000e+06
1.944440000000000168e+01 3.906765000000000000e+06
1.953450000000000131e+01 3.020086000000000000e+06
1.975059999999999860e+01 3.745798000000000000e+06
1.981370000000000076e+01 3.721890000000000000e+06
1.988569999999999993e+01 1.023663500000000000e+07
1.957049999999999912e+01 7.425106000000000000e+06
1.946239999999999881e+01 8.255765000000000000e+06
1.998479999999999990e+01 5.750149000000000000e+06
1.989470000000000027e+01 4.860811000000000000e+06
1.973260000000000147e+01 5.958877000000000000e+06
1.892200000000000060e+01 5.182233000000000000e+06
1.864280000000000115e+01 5.653364000000000000e+06
1.884100000000000108e+01 9.632262000000000000e+06
1.939039999999999964e+01 6.164007000000000000e+06
1.975059999999999860e+01 7.150182000000000000e+06
1.930930000000000035e+01 8.729101000000000000e+06
1.887699999999999889e+01 8.907820000000000000e+06
1.825560000000000116e+01 7.856768000000000000e+06
1.731889999999999930e+01 4.247957000000000000e+06
1.777830000000000155e+01 1.121864300000000000e+07
1.727390000000000114e+01 6.750619000000000000e+06
1.711179999999999879e+01 5.749510000000000000e+06
1.744500000000000028e+01 6.184355000000000000e+06
1.783230000000000004e+01 4.766951000000000000e+06
1.732789999999999964e+01 4.536115000000000000e+06
1.721089999999999876e+01 7.980708000000000000e+06
1.769719999999999871e+01 9.440450000000000000e+06
1.743599999999999994e+01 8.897699000000000000e+06
1.701269999999999882e+01 9.360754000000000000e+06
1.633729999999999905e+01 8.392723000000000000e+06
1.698570000000000135e+01 1.044586800000000000e+07
1.760709999999999908e+01 1.051186800000000000e+07
1.729189999999999827e+01 1.022704500000000000e+07
1.787730000000000175e+01 8.105887000000000000e+06
1.821959999999999980e+01 9.247739000000000000e+06
1.805740000000000123e+01 1.433606700000000000e+07
1.820149999999999935e+01 1.299051700000000000e+07
1.862280000000000157e+01 1.061837400000000000e+07
1.904400000000000048e+01 9.487531200000000000e+07
1.948310000000000031e+01 2.131812300000000000e+07
1.900809999999999889e+01 3.393535600000000000e+07
1.818359999999999843e+01 1.624209200000000000e+07
1.773549999999999827e+01 1.259925000000000000e+07
1.862280000000000157e+01 2.318221400000000000e+07
1.911570000000000036e+01 9.818577000000000000e+06
1.935760000000000147e+01 1.115640800000000000e+07
1.992220000000000013e+01 9.794335000000000000e+06
2.000290000000000035e+01 1.294082600000000000e+07
2.052270000000000039e+01 9.374018000000000000e+06
2.080940000000000012e+01 8.078080000000000000e+06
2.141890000000000072e+01 7.081660000000000000e+06
2.141890000000000072e+01 6.981390000000000000e+06
2.134720000000000084e+01 1.058367100000000000e+07
2.203719999999999857e+01 4.976747000000000000e+06
2.265559999999999974e+01 5.418826000000000000e+06
2.301409999999999911e+01 6.389320000000000000e+06
2.312160000000000082e+01 5.598680000000000000e+06
2.347109999999999985e+01 2.307032000000000000e+06
2.356970000000000098e+01 2.062938000000000000e+06
2.385650000000000048e+01 2.872003000000000000e+06
2.366829999999999856e+01 2.238780000000000000e+06
2.383859999999999957e+01 1.072633000000000000e+06
2.376689999999999969e+01 3.890878000000000000e+06
2.352489999999999881e+01 5.388913000000000000e+06
2.332770000000000010e+01 4.147933000000000000e+06
2.321120000000000161e+01 1.014161000000000000e+07
2.373100000000000165e+01 5.395134000000000000e+06
2.411639999999999873e+01 9.246998000000000000e+06
2.378480000000000061e+01 5.446091000000000000e+06
2.304990000000000094e+01 5.119076000000000000e+06
2.295129999999999981e+01 6.501257000000000000e+06
2.356970000000000098e+01 3.559700000000000000e+06
2.339049999999999940e+01 6.760607000000000000e+06
2.366829999999999856e+01 4.656418000000000000e+06
2.375789999999999935e+01 5.337872000000000000e+06
2.430460000000000065e+01 5.481809000000000000e+06
2.372210000000000107e+01 1.003170400000000000e+07
2.387440000000000140e+01 1.031997300000000000e+07
2.374889999999999901e+01 6.002952000000000000e+06
2.386540000000000106e+01 9.725405000000000000e+06
2.365040000000000120e+01 2.250585000000000000e+06
2.353389999999999915e+01 4.382771000000000000e+06
2.341730000000000089e+01 4.961056000000000000e+06
2.306779999999999831e+01 4.369367000000000000e+06
2.331879999999999953e+01 3.096774000000000000e+06
2.340840000000000032e+01 3.415426000000000000e+06
2.348010000000000019e+01 5.740149000000000000e+06
2.294239999999999924e+01 4.455494000000000000e+06
2.301409999999999911e+01 6.910850000000000000e+06
2.287959999999999994e+01 9.834203000000000000e+06
2.286169999999999902e+01 8.336209000000000000e+06
2.338149999999999906e+01 6.577571000000000000e+06
2.330079999999999885e+01 1.427257600000000000e+07
2.318430000000000035e+01 1.001379300000000000e+07
2.305890000000000128e+01 1.633233400000000000e+07
2.205509999999999948e+01 1.004455100000000000e+07
2.198339999999999961e+01 1.111745400000000000e+07
2.188489999999999824e+01 6.333828000000000000e+06
2.182239999999999824e+01 1.476288300000000000e+07
2.168850000000000122e+01 5.005761600000000000e+07
2.151889999999999858e+01 4.363424000000000000e+06
2.158139999999999858e+01 5.537429000000000000e+06
2.100130000000000052e+01 4.038042000000000000e+06
2.106370000000000076e+01 4.690049000000000000e+06
2.161710000000000065e+01 9.488362000000000000e+06
2.041219999999999857e+01 9.977712000000000000e+06
2.067999999999999972e+01 3.922984000000000000e+06
2.087630000000000052e+01 4.082217000000000000e+06
2.073349999999999937e+01 3.846652000000000000e+06
2.072459999999999880e+01 4.212344000000000000e+06
2.099230000000000018e+01 3.083891000000000000e+06
2.044790000000000063e+01 2.973536000000000000e+06
2.093880000000000052e+01 2.278114000000000000e+06
2.102799999999999869e+01 1.949132000000000000e+06
2.093880000000000052e+01 3.645113000000000000e+06
2.099230000000000018e+01 4.248742000000000000e+06
2.092089999999999961e+01 4.528843000000000000e+06
2.084949999999999903e+01 3.616485000000000000e+06
2.117079999999999984e+01 6.639618000000000000e+06
2.089420000000000144e+01 7.919401000000000000e+06
2.097449999999999903e+01 3.214144000000000000e+06
2.129579999999999984e+01 5.606812000000000000e+06
2.072459999999999880e+01 5.979255000000000000e+06
2.019800000000000040e+01 5.359736000000000000e+06
2.107270000000000110e+01 4.083193000000000000e+06
2.074239999999999995e+01 3.495066000000000000e+06
2.083170000000000144e+01 3.662143000000000000e+06
2.106370000000000076e+01 2.220046000000000000e+06
2.133149999999999835e+01 3.422641000000000000e+06
2.119760000000000133e+01 1.103089200000000000e+07
2.145649999999999835e+01 5.433093000000000000e+06
2.220619999999999905e+01 3.541780000000000000e+06
2.234009999999999962e+01 2.882159000000000000e+06
2.178669999999999973e+01 2.459336000000000000e+06
2.170639999999999858e+01 3.544773000000000000e+06
2.181350000000000122e+01 2.010768000000000000e+06
2.177779999999999916e+01 3.949782000000000000e+06
2.198300000000000054e+01 3.484881000000000000e+06
2.150110000000000099e+01 2.295028000000000000e+06
2.186700000000000088e+01 3.093782000000000000e+06
2.153679999999999950e+01 5.658439000000000000e+06
2.114410000000000167e+01 5.046606000000000000e+06
2.215259999999999962e+01 3.553069000000000000e+06
2.203659999999999997e+01 3.097233000000000000e+06
2.184919999999999973e+01 5.251744000000000000e+06
2.159029999999999916e+01 6.358491000000000000e+06
2.061749999999999972e+01 5.607825000000000000e+06
2.055499999999999972e+01 8.454578000000000000e+06
2.192950000000000088e+01 4.203142000000000000e+06
2.260780000000000101e+01 3.193836000000000000e+06
2.343789999999999907e+01 4.322968000000000000e+06
2.370560000000000045e+01 2.415248000000000000e+06
2.345570000000000022e+01 1.746154000000000000e+06
2.354500000000000171e+01 1.998548000000000000e+06
2.338429999999999964e+01 4.317352000000000000e+06
2.323260000000000147e+01 6.983480000000000000e+06
2.395550000000000068e+01 4.909284000000000000e+06
2.426790000000000092e+01 4.443212000000000000e+06
2.383060000000000045e+01 8.973706000000000000e+06
2.378600000000000136e+01 4.042123000000000000e+06
2.379489999999999839e+01 6.478775000000000000e+06
2.344679999999999964e+01 5.120699000000000000e+06
2.323260000000000147e+01 6.981511000000000000e+06
2.326829999999999998e+01 9.396444000000000000e+06
2.364320000000000022e+01 1.780556800000000000e+07
2.311850000000000094e+01 5.975388000000000000e+07
2.326970000000000027e+01 5.610298000000000000e+06
2.306520000000000081e+01 2.544280000000000000e+06
2.325189999999999912e+01 1.993934000000000000e+06
2.351869999999999905e+01 3.075041000000000000e+06
2.404329999999999856e+01 3.829144000000000000e+06
2.375870000000000104e+01 1.036690400000000000e+07
2.486129999999999995e+01 4.131653000000000000e+06
2.481690000000000040e+01 3.126686000000000000e+06
2.499470000000000169e+01 2.239731000000000000e+06
2.471910000000000096e+01 2.356049000000000000e+06
2.449680000000000035e+01 3.363214000000000000e+06
2.423000000000000043e+01 2.075152000000000000e+06
2.427449999999999974e+01 1.767485000000000000e+06
2.398989999999999867e+01 2.196341000000000000e+06
2.368759999999999977e+01 3.601944000000000000e+06
2.377649999999999864e+01 3.582608000000000000e+06
2.401660000000000039e+01 3.391988000000000000e+06
2.414110000000000156e+01 2.158019000000000000e+06
2.439900000000000091e+01 2.838202000000000000e+06
2.428340000000000032e+01 5.545328000000000000e+06
2.394549999999999912e+01 3.022453000000000000e+06
2.448789999999999978e+01 9.588333000000000000e+06
2.434560000000000102e+01 5.014804000000000000e+06
2.494140000000000157e+01 2.675558000000000000e+06
2.506579999999999941e+01 5.113357000000000000e+06
2.513700000000000045e+01 3.695464000000000000e+06
2.506579999999999941e+01 2.923465100000000000e+07
2.495909999999999940e+01 6.168345000000000000e+06
2.481690000000000040e+01 6.830814000000000000e+06
2.511919999999999931e+01 5.020125000000000000e+06
2.481690000000000040e+01 6.175987000000000000e+06
2.448789999999999978e+01 8.410215000000000000e+06
2.447009999999999863e+01 1.033256600000000000e+07
2.489689999999999870e+01 7.645820000000000000e+06
2.496799999999999997e+01 8.313385000000000000e+06
2.493250000000000099e+01 1.199726300000000000e+07
2.518140000000000001e+01 7.049847000000000000e+06
2.467460000000000164e+01 6.119249000000000000e+06
2.455900000000000105e+01 6.359355000000000000e+06
2.417670000000000030e+01 3.798469000000000000e+06
2.396330000000000027e+01 4.060531000000000000e+06
2.386540000000000106e+01 1.166212900000000000e+07
2.385660000000000025e+01 3.074931000000000000e+06
2.380320000000000036e+01 4.423323000000000000e+06
2.374099999999999966e+01 5.931036000000000000e+06
2.393659999999999854e+01 3.185352000000000000e+06
2.386540000000000106e+01 5.403619000000000000e+06
2.378539999999999921e+01 3.430864000000000000e+06
2.388319999999999865e+01 3.279750000000000000e+06
2.338530000000000086e+01 2.182513000000000000e+06
2.305630000000000024e+01 2.266920000000000000e+06
2.354530000000000101e+01 2.561327000000000000e+06
2.332310000000000016e+01 3.532424000000000000e+06
2.325189999999999912e+01 3.526312000000000000e+06
2.318080000000000140e+01 4.875078000000000000e+06
2.294960000000000022e+01 3.298154000000000000e+06
2.307410000000000139e+01 2.998342000000000000e+06
2.298519999999999897e+01 2.614496000000000000e+06
2.333190000000000097e+01 2.164075000000000000e+06
2.338530000000000086e+01 1.626037000000000000e+06
2.310079999999999956e+01 2.090668000000000000e+06
2.307420000000000115e+01 2.700344000000000000e+06
2.310960000000000036e+01 3.516940000000000000e+06
2.283500000000000085e+01 2.557577000000000000e+06
2.256929999999999836e+01 4.843454000000000000e+06
2.264900000000000091e+01 1.918430000000000000e+06
2.271099999999999852e+01 2.450858000000000000e+06
2.257819999999999894e+01 3.563199000000000000e+06
2.217960000000000065e+01 3.493921000000000000e+06
2.224159999999999826e+01 2.630029000000000000e+06
2.225039999999999907e+01 1.303817000000000000e+06
2.257819999999999894e+01 1.970965000000000000e+06
2.267559999999999931e+01 3.701309000000000000e+06
2.226810000000000045e+01 1.860841000000000000e+06
2.254269999999999996e+01 4.462650000000000000e+06
2.224159999999999826e+01 2.606743000000000000e+06
2.217960000000000065e+01 3.585019000000000000e+06
2.214410000000000167e+01 4.441601000000000000e+06
2.205559999999999832e+01 5.752758000000000000e+06
2.192269999999999897e+01 3.718418000000000000e+06
2.180750000000000099e+01 6.024784000000000000e+06
2.157720000000000127e+01 5.348903000000000000e+06
2.137349999999999994e+01 3.946570000000000000e+06
2.154179999999999851e+01 5.463482000000000000e+06
2.168349999999999866e+01 9.244264000000000000e+06
2.136469999999999914e+01 6.249148000000000000e+07
2.125840000000000174e+01 5.000096000000000000e+06
2.154179999999999851e+01 2.657602000000000000e+06
2.193149999999999977e+01 3.773274000000000000e+06
2.196699999999999875e+01 6.594055000000000000e+06
2.196699999999999875e+01 1.824580000000000000e+06
2.231240000000000023e+01 1.288586000000000000e+06
2.267559999999999931e+01 1.225220000000000000e+06
2.241870000000000118e+01 1.186824000000000000e+06
2.194040000000000035e+01 3.480912000000000000e+06
2.257819999999999894e+01 2.143342000000000000e+06
2.224159999999999826e+01 8.376500000000000000e+05
2.214410000000000167e+01 1.434336000000000000e+06
2.234789999999999921e+01 1.890638000000000000e+06
2.258699999999999974e+01 1.542156000000000000e+06
2.240990000000000038e+01 1.959248000000000000e+06
2.205559999999999832e+01 1.781542000000000000e+06
2.217960000000000065e+01 9.055440000000000000e+05
2.201129999999999853e+01 1.408937000000000000e+06
2.200240000000000151e+01 4.685460000000000000e+05
2.201129999999999853e+01 7.029110000000000000e+05
2.210869999999999891e+01 6.126150000000000000e+05
2.208210000000000051e+01 5.306830000000000000e+05
2.206439999999999912e+01 7.435800000000000000e+05
2.236560000000000059e+01 7.448020000000000000e+05
2.216179999999999950e+01 8.968460000000000000e+05
2.233010000000000161e+01 1.783474000000000000e+06
2.264020000000000010e+01 1.807100000000000000e+06
2.254269999999999996e+01 1.164524000000000000e+06
2.243639999999999901e+01 9.850500000000000000e+05
2.211759999999999948e+01 1.393061000000000000e+06
2.198470000000000013e+01 1.384891000000000000e+06
2.148870000000000147e+01 7.816080000000000000e+05
2.170120000000000005e+01 1.748389000000000000e+06
2.156840000000000046e+01 9.846010000000000000e+05
2.126719999999999899e+01 1.102434000000000000e+06
2.151520000000000010e+01 1.351750000000000000e+06
2.117119999999999891e+01 1.445837000000000000e+06
2.108299999999999841e+01 1.882316000000000000e+06
2.138289999999999935e+01 1.818610000000000000e+06
2.104769999999999897e+01 1.301860000000000000e+06
2.130349999999999966e+01 1.308167000000000000e+06
2.125059999999999860e+01 1.167764000000000000e+06
2.091540000000000177e+01 6.566100000000000000e+05
2.129469999999999885e+01 4.865350000000000000e+05
2.053610000000000113e+01 7.873490000000000000e+05
2.037730000000000175e+01 1.742114000000000000e+06
2.045670000000000144e+01 1.951966000000000000e+06
2.025379999999999825e+01 1.558030000000000000e+06
2.067719999999999914e+01 9.625250000000000000e+05
2.105649999999999977e+01 9.900610000000000000e+05
2.106540000000000035e+01 9.411260000000000000e+05
2.107420000000000115e+01 7.188670000000000000e+05
2.132999999999999829e+01 6.614520000000000000e+05
2.117119999999999891e+01 1.160199000000000000e+06
2.109179999999999922e+01 2.075044000000000000e+06
2.132999999999999829e+01 1.330389000000000000e+06
2.184159999999999968e+01 6.435500000000000000e+05
2.192980000000000018e+01 6.216170000000000000e+05
2.222090000000000032e+01 5.118200000000000000e+05
2.237969999999999970e+01 1.070954000000000000e+06
2.232679999999999865e+01 3.040360000000000000e+05
2.250319999999999965e+01 5.472250000000000000e+05
2.244150000000000134e+01 1.174551000000000000e+06
2.214160000000000039e+01 1.689581000000000000e+06
2.205330000000000013e+01 7.523121000000000000e+06
2.212389999999999901e+01 1.768470000000000000e+06
2.166519999999999868e+01 2.160460000000000000e+06
2.139170000000000016e+01 1.314152000000000000e+06
2.160350000000000037e+01 1.175223000000000000e+06
2.157700000000000173e+01 9.508090000000000000e+05
2.177990000000000137e+01 1.709147000000000000e+06
2.174459999999999837e+01 6.309580000000000000e+05
2.219450000000000145e+01 1.141758000000000000e+06
2.208859999999999957e+01 2.244927000000000000e+06
2.218570000000000064e+01 1.008380000000000000e+06
2.152410000000000068e+01 1.433907000000000000e+06
2.137409999999999854e+01 1.854537000000000000e+06
2.134759999999999991e+01 1.369272000000000000e+06
2.115360000000000085e+01 2.282591000000000000e+06
2.172700000000000031e+01 7.134060000000000000e+05
2.137409999999999854e+01 7.037110000000000000e+05
2.119770000000000110e+01 7.016150000000000000e+05
2.139170000000000016e+01 8.368470000000000000e+05
2.096829999999999927e+01 7.252470000000000000e+05
2.091540000000000177e+01 7.457750000000000000e+05
2.092419999999999902e+01 8.127720000000000000e+05
2.093299999999999983e+01 5.860100000000000000e+05
2.117119999999999891e+01 9.923900000000000000e+05
2.113589999999999947e+01 1.111501000000000000e+06
2.101239999999999952e+01 1.149713000000000000e+06
2.104769999999999897e+01 9.408340000000000000e+05
2.111830000000000140e+01 6.582740000000000000e+05
2.112709999999999866e+01 1.531257000000000000e+06
2.114470000000000027e+01 6.006590000000000000e+05
2.143580000000000041e+01 1.010740000000000000e+06
2.108299999999999841e+01 1.097594000000000000e+06
2.081840000000000046e+01 1.474474000000000000e+06
2.108190000000000097e+01 1.826936000000000000e+06
2.074810000000000088e+01 1.238628000000000000e+06
2.092379999999999995e+01 1.153487000000000000e+06
2.062509999999999977e+01 1.302330000000000000e+06
2.044940000000000069e+01 1.500595000000000000e+06
2.007169999999999987e+01 2.898819000000000000e+06
2.036159999999999926e+01 1.357806000000000000e+06
2.022980000000000089e+01 1.154177000000000000e+06
1.985210000000000008e+01 8.846530000000000000e+05
2.004540000000000077e+01 1.165506000000000000e+06
1.965889999999999915e+01 1.870599000000000000e+06
1.925479999999999947e+01 2.750608000000000000e+06
1.914939999999999998e+01 3.105758000000000000e+06
1.919330000000000069e+01 3.405401000000000000e+06
1.972030000000000172e+01 1.605776000000000000e+06
1.972030000000000172e+01 1.382774000000000000e+06
1.957100000000000151e+01 9.240690000000000000e+05
1.974670000000000059e+01 1.229058000000000000e+06
1.998389999999999844e+01 1.649208000000000000e+06
1.978180000000000049e+01 1.508726000000000000e+06
1.988719999999999999e+01 1.208403000000000000e+06
2.040549999999999997e+01 1.585901000000000000e+06
2.050209999999999866e+01 3.121384000000000000e+06
2.058999999999999986e+01 3.915508000000000000e+06
2.057239999999999824e+01 4.103103000000000000e+06
2.040549999999999997e+01 4.832586000000000000e+06
2.042310000000000159e+01 2.504353000000000000e+06
2.024739999999999895e+01 8.430006000000000000e+06
2.027370000000000161e+01 6.042867900000000000e+07
