4.980000000000000426e+00 8.530340000000000000e+05
4.459999999999999964e+00 9.978278000000000000e+06
5.160000000000000142e+00 6.877033000000000000e+06
5.410000000000000142e+00 7.548493000000000000e+06
6.309999999999999609e+00 8.174775000000000000e+06
6.679999999999999716e+00 1.429897200000000000e+07
5.379999999999999893e+00 9.568967000000000000e+06
5.099999999999999645e+00 1.138066300000000000e+07
5.150000000000000355e+00 1.041583900000000000e+07
4.480000000000000426e+00 1.565031600000000000e+07
4.019999999999999574e+00 1.495038800000000000e+07
3.740000000000000213e+00 1.553725300000000000e+07
5.450000000000000178e+00 1.120557900000000000e+07
5.919999999999999929e+00 8.499265000000000000e+06
7.769999999999999574e+00 1.049728800000000000e+07
6.299999999999999822e+00 7.079720000000000000e+06
7.440000000000000391e+00 7.693778000000000000e+06
8.009999999999999787e+00 4.640213000000000000e+06
7.669999999999999929e+00 3.689262000000000000e+06
8.599999999999999645e+00 5.324923000000000000e+06
8.910000000000000142e+00 6.172082000000000000e+06
9.199999999999999289e+00 4.244858000000000000e+06
8.859999999999999432e+00 6.918999000000000000e+06
9.300000000000000711e+00 7.866933000000000000e+06
9.230000000000000426e+00 9.857458000000000000e+06
9.669999999999999929e+00 6.937246000000000000e+06
1.002999999999999936e+01 7.424059000000000000e+06
1.044999999999999929e+01 7.090347000000000000e+06
1.069999999999999929e+01 4.718600000000000000e+06
1.124000000000000021e+01 2.964046000000000000e+06
1.141999999999999993e+01 4.116768000000000000e+06
1.149000000000000021e+01 3.700492000000000000e+06
1.153999999999999915e+01 3.235600000000000000e+06
1.141000000000000014e+01 2.521075000000000000e+06
1.141489999999999938e+01 4.028013000000000000e+06
1.168200000000000038e+01 4.094495000000000000e+06
1.182049999999999912e+01 2.996924000000000000e+06
1.184029999999999916e+01 3.822579000000000000e+06
1.189959999999999951e+01 6.375971000000000000e+06
1.195899999999999963e+01 5.382858000000000000e+06
1.204800000000000004e+01 1.784218500000000000e+07
1.052469999999999928e+01 4.902833000000000000e+06
1.044560000000000066e+01 4.098780000000000000e+06
1.014879999999999960e+01 5.342340000000000000e+06
1.016859999999999964e+01 4.413419000000000000e+06
1.035650000000000048e+01 4.743190000000000000e+06
1.038620000000000054e+01 4.875727000000000000e+06
1.009939999999999927e+01 1.176733900000000000e+07
1.042580000000000062e+01 5.452507000000000000e+06
1.059389999999999965e+01 4.249424000000000000e+06
1.065329999999999977e+01 3.861535000000000000e+06
1.074230000000000018e+01 3.955224000000000000e+06
1.091050000000000075e+01 3.569116000000000000e+06
1.130610000000000070e+01 2.728726000000000000e+06
1.124680000000000035e+01 6.730964000000000000e+06
1.058399999999999963e+01 1.319623900000000000e+07
1.034660000000000046e+01 5.596045000000000000e+06
1.048509999999999920e+01 2.565840000000000000e+06
1.063349999999999973e+01 4.183942000000000000e+06
1.040600000000000058e+01 4.854657000000000000e+06
1.060379999999999967e+01 3.058360000000000000e+06
1.073240000000000016e+01 3.366558000000000000e+06
1.094009999999999927e+01 4.053325000000000000e+06
1.093030000000000079e+01 3.705247000000000000e+06
1.112809999999999988e+01 2.297351000000000000e+06
1.093030000000000079e+01 3.034312000000000000e+06
1.085110000000000063e+01 2.465962000000000000e+06
1.081160000000000032e+01 1.975791000000000000e+06
1.082140000000000057e+01 1.151573000000000000e+06
1.089070000000000071e+01 3.354456000000000000e+06
1.135560000000000080e+01 1.532632300000000000e+07
1.134570000000000078e+01 5.541118000000000000e+06
1.106869999999999976e+01 4.332166000000000000e+06
1.102919999999999945e+01 6.654705000000000000e+06
1.089070000000000071e+01 9.334145000000000000e+06
1.095989999999999931e+01 6.532669000000000000e+06
1.154349999999999987e+01 5.728121000000000000e+06
1.144459999999999944e+01 4.305090000000000000e+06
1.149409999999999954e+01 3.788290000000000000e+06
1.169190000000000040e+01 2.162273000000000000e+06
1.174140000000000050e+01 2.950233000000000000e+06
1.164250000000000007e+01 4.229526000000000000e+06
1.145449999999999946e+01 4.540321000000000000e+06
1.147429999999999950e+01 5.500202000000000000e+06
1.145449999999999946e+01 3.341212000000000000e+06
1.141489999999999938e+01 1.281607000000000000e+06
1.142479999999999940e+01 2.669740000000000000e+06
1.141489999999999938e+01 5.594488000000000000e+06
1.135560000000000080e+01 5.946123000000000000e+06
1.140509999999999913e+01 3.646827000000000000e+06
1.172160000000000046e+01 1.071864500000000000e+07
1.182049999999999912e+01 4.479101000000000000e+06
1.184029999999999916e+01 4.608399000000000000e+06
1.208760000000000012e+01 8.060205000000000000e+06
1.178090000000000082e+01 3.015454000000000000e+06
1.195219999999999949e+01 3.827654000000000000e+06
1.198160000000000025e+01 3.857762000000000000e+06
1.214799999999999969e+01 4.474570000000000000e+06
1.215779999999999994e+01 3.919724000000000000e+06
1.256889999999999930e+01 5.415390000000000000e+06
1.272560000000000002e+01 7.574365000000000000e+06
1.274510000000000076e+01 2.443745600000000000e+07
1.121809999999999974e+01 6.340840000000000000e+06
1.120829999999999949e+01 5.249635000000000000e+06
1.142360000000000042e+01 4.240769000000000000e+06
1.144319999999999915e+01 3.594427000000000000e+06
1.138449999999999918e+01 3.368416000000000000e+06
1.142360000000000042e+01 3.135910000000000000e+06
1.154110000000000014e+01 3.197594000000000000e+06
1.151169999999999938e+01 2.953771000000000000e+06
1.153129999999999988e+01 2.768402000000000000e+06
1.164879999999999960e+01 4.052235000000000000e+06
1.165859999999999985e+01 6.860832000000000000e+06
1.123770000000000024e+01 1.779694400000000000e+07
9.906399999999999650e+00 3.190367000000000000e+06
9.984700000000000131e+00 1.963345000000000000e+06
1.008259999999999934e+01 3.502616000000000000e+06
1.016089999999999982e+01 3.014875000000000000e+06
1.042520000000000024e+01 2.830660000000000000e+06
1.034689999999999976e+01 3.541454000000000000e+06
9.857400000000000162e+00 3.121460000000000000e+06
9.857400000000000162e+00 2.664973000000000000e+06
9.965099999999999625e+00 2.127329000000000000e+06
1.012170000000000059e+01 2.184609000000000000e+06
1.011190000000000033e+01 1.941243000000000000e+06
1.002379999999999960e+01 1.915629000000000000e+06
9.837799999999999656e+00 3.154128000000000000e+06
1.037620000000000076e+01 5.203375000000000000e+06
1.028810000000000002e+01 3.371317000000000000e+06
1.030770000000000053e+01 2.323664000000000000e+06
1.014129999999999932e+01 2.427795000000000000e+06
1.026859999999999928e+01 1.954030000000000000e+06
1.019999999999999929e+01 2.740884000000000000e+06
1.013150000000000084e+01 2.714275000000000000e+06
9.955299999999999372e+00 6.209692000000000000e+06
1.005320000000000036e+01 3.453831000000000000e+06
1.026859999999999928e+01 2.463684000000000000e+06
1.033709999999999951e+01 3.374727000000000000e+06
1.062100000000000044e+01 3.876225000000000000e+06
1.043500000000000050e+01 2.349877000000000000e+06
1.035670000000000002e+01 3.349433000000000000e+06
1.051329999999999920e+01 4.451494000000000000e+06
1.035670000000000002e+01 8.966586000000000000e+06
1.005320000000000036e+01 4.677522000000000000e+06
9.808500000000000441e+00 4.830432000000000000e+06
9.581300000000000594e+00 6.802292000000000000e+06
9.078500000000000014e+00 5.571017000000000000e+06
8.807800000000000296e+00 8.929192000000000000e+06
9.233200000000000074e+00 5.328225000000000000e+06
9.039799999999999613e+00 6.189348000000000000e+06
9.020500000000000185e+00 1.025039700000000000e+07
8.508100000000000662e+00 7.575670000000000000e+06
8.459699999999999775e+00 2.849247000000000000e+06
8.392099999999999227e+00 5.155121000000000000e+06
8.624100000000000321e+00 2.832843000000000000e+06
8.556400000000000006e+00 3.975859000000000000e+06
8.517799999999999372e+00 8.547906000000000000e+06
8.885199999999999321e+00 5.991293000000000000e+06
8.807800000000000296e+00 4.476951000000000000e+06
8.711100000000000065e+00 6.739427000000000000e+06
9.223499999999999588e+00 6.417050000000000000e+06
9.349199999999999733e+00 7.312345000000000000e+06
9.523300000000000765e+00 2.970200000000000000e+06
1.002599999999999980e+01 2.347033000000000000e+06
1.007440000000000069e+01 3.888000000000000000e+06
1.009370000000000012e+01 4.454170000000000000e+06
9.948700000000000543e+00 4.641083000000000000e+06
9.813299999999999912e+00 6.082026000000000000e+06
1.034510000000000041e+01 3.551281000000000000e+06
1.051909999999999989e+01 3.997462000000000000e+06
1.054809999999999981e+01 7.365816000000000000e+06
1.081879999999999953e+01 5.196006000000000000e+06
1.063509999999999955e+01 2.436675000000000000e+06
1.073179999999999978e+01 2.896438000000000000e+06
1.063509999999999955e+01 4.016300000000000000e+06
1.064480000000000004e+01 5.799270000000000000e+06
1.057709999999999972e+01 3.362803000000000000e+06
1.059639999999999915e+01 3.705659000000000000e+06
1.070279999999999987e+01 4.961145000000000000e+06
1.068350000000000044e+01 3.809694000000000000e+06
1.068350000000000044e+01 2.784069000000000000e+06
1.077050000000000018e+01 4.325941000000000000e+06
1.074150000000000027e+01 5.449508000000000000e+06
1.075109999999999921e+01 4.816792000000000000e+06
1.086720000000000041e+01 4.567294000000000000e+06
1.092520000000000024e+01 4.358693000000000000e+06
1.104119999999999990e+01 7.183266000000000000e+06
1.107019999999999982e+01 7.044634000000000000e+06
1.116690000000000005e+01 7.647728000000000000e+06
1.128289999999999971e+01 3.231639000000000000e+06
1.131189999999999962e+01 1.152662700000000000e+07
1.120550000000000068e+01 2.651300000000000000e+07
1.295550000000000068e+01 6.510245000000000000e+06
1.271380000000000088e+01 3.222487000000000000e+06
1.268479999999999919e+01 5.829992000000000000e+06
1.275249999999999950e+01 5.287994000000000000e+06
1.256879999999999953e+01 5.916786000000000000e+06
1.264610000000000056e+01 1.294242300000000000e+07
1.304250000000000043e+01 6.121931000000000000e+06
1.302319999999999922e+01 5.900908000000000000e+06
1.327459999999999951e+01 2.257486000000000000e+06
1.315850000000000009e+01 2.951958000000000000e+06
1.312950000000000017e+01 2.633890000000000000e+06
1.322620000000000040e+01 2.567782000000000000e+06
1.290719999999999956e+01 3.344110000000000000e+06
1.295550000000000068e+01 3.770682000000000000e+06
1.306189999999999962e+01 3.664319000000000000e+06
1.307150000000000034e+01 5.348393000000000000e+06
1.306189999999999962e+01 5.840384000000000000e+06
1.263640000000000008e+01 5.455430000000000000e+06
1.247840000000000060e+01 6.817706000000000000e+06
1.204749999999999943e+01 5.841703000000000000e+06
1.181760000000000055e+01 6.842092000000000000e+06
1.203790000000000049e+01 5.733093000000000000e+06
1.208580000000000076e+01 7.882758000000000000e+06
1.245930000000000071e+01 7.527798000000000000e+06
1.252630000000000088e+01 3.289118000000000000e+06
1.255499999999999972e+01 4.440580000000000000e+06
1.256460000000000043e+01 1.203986200000000000e+07
1.293810000000000038e+01 7.162267000000000000e+06
1.292849999999999966e+01 9.545551000000000000e+06
1.292849999999999966e+01 2.066647800000000000e+07
1.267950000000000088e+01 1.086819700000000000e+07
1.272739999999999938e+01 2.507710500000000000e+07
1.160699999999999932e+01 1.844675900000000000e+07
1.123349999999999937e+01 1.444080400000000000e+07
1.123349999999999937e+01 3.826749500000000000e+07
1.108019999999999960e+01 1.844577600000000000e+07
1.108980000000000032e+01 2.705119000000000000e+07
1.173140000000000072e+01 3.215754300000000000e+07
1.162609999999999921e+01 3.446099400000000000e+07
1.099399999999999977e+01 4.088247700000000000e+07
1.038109999999999999e+01 1.051692300000000000e+07
1.038109999999999999e+01 2.910235400000000000e+07
1.036200000000000010e+01 4.133991700000000000e+07
1.040029999999999966e+01 3.827255300000000000e+07
1.078340000000000032e+01 1.161551000000000000e+07
1.063010000000000055e+01 6.640761000000000000e+06
1.064930000000000021e+01 9.745254000000000000e+06
1.074499999999999922e+01 5.108315000000000000e+06
1.074499999999999922e+01 3.837591000000000000e+06
1.078340000000000032e+01 1.024817200000000000e+07
1.077379999999999960e+01 9.725347000000000000e+06
1.070669999999999966e+01 1.013305100000000000e+07
1.071630000000000038e+01 2.022137700000000000e+07
1.072589999999999932e+01 1.220870400000000000e+07
1.070669999999999966e+01 9.349341000000000000e+06
1.069720000000000049e+01 9.640010000000000000e+06
1.073550000000000004e+01 7.676175000000000000e+06
1.081209999999999916e+01 6.393837000000000000e+06
1.078340000000000032e+01 7.000425000000000000e+06
1.082169999999999987e+01 9.710938000000000000e+06
1.071630000000000038e+01 1.069738700000000000e+07
1.077379999999999960e+01 1.464522200000000000e+07
1.080250000000000021e+01 2.015105600000000000e+07
1.101319999999999943e+01 6.868705700000000000e+07
1.101319999999999943e+01 3.675764700000000000e+07
1.093660000000000032e+01 2.988882800000000000e+07
1.079289999999999949e+01 2.250648900000000000e+07
1.075459999999999994e+01 1.465646100000000000e+07
1.074499999999999922e+01 2.254763500000000000e+07
1.080250000000000021e+01 2.112292800000000000e+07
1.090789999999999971e+01 1.471964500000000000e+07
1.101319999999999943e+01 3.018102500000000000e+07
1.079289999999999949e+01 3.172999000000000000e+07
1.042900000000000027e+01 2.211858100000000000e+07
1.053439999999999976e+01 1.488754500000000000e+07
1.053439999999999976e+01 1.414677800000000000e+07
1.042900000000000027e+01 7.704437000000000000e+06
1.045770000000000088e+01 5.618424000000000000e+06
1.053439999999999976e+01 4.252402000000000000e+06
1.040029999999999966e+01 4.966635000000000000e+06
1.051520000000000010e+01 5.812624000000000000e+06
1.055349999999999966e+01 4.688765000000000000e+06
1.070669999999999966e+01 8.191786000000000000e+06
1.061100000000000065e+01 9.068914000000000000e+06
1.053439999999999976e+01 7.744928000000000000e+06
1.058220000000000027e+01 1.868384800000000000e+07
1.058699999999999974e+01 8.617565000000000000e+06
1.056799999999999962e+01 1.162940300000000000e+07
1.067220000000000013e+01 1.281408400000000000e+07
1.052069999999999972e+01 6.734223000000000000e+06
1.055860000000000021e+01 7.530090000000000000e+06
1.045439999999999969e+01 1.002003600000000000e+07
1.045439999999999969e+01 9.687281000000000000e+06
1.049230000000000018e+01 1.131333500000000000e+07
1.057750000000000057e+01 2.183178300000000000e+07
1.029340000000000011e+01 4.885662200000000000e+07
9.147600000000000620e+00 2.177185000000000000e+07
8.835100000000000620e+00 4.349576600000000000e+07
6.685500000000000220e+00 1.416243000000000000e+07
7.045399999999999885e+00 1.571389300000000000e+07
7.395699999999999719e+00 1.041401100000000000e+07
7.234799999999999898e+00 8.152526000000000000e+06
7.140100000000000335e+00 8.894061000000000000e+06
7.348399999999999821e+00 2.642251300000000000e+07
6.836999999999999744e+00 5.849328000000000000e+06
6.827600000000000335e+00 6.943417000000000000e+06
6.950700000000000323e+00 7.752357000000000000e+06
6.922299999999999898e+00 1.248802000000000000e+07
6.628700000000000259e+00 1.410500800000000000e+07
6.941200000000000259e+00 1.103970400000000000e+07
6.865400000000000169e+00 8.551578000000000000e+06
7.130600000000000271e+00 1.185577200000000000e+07
7.035899999999999821e+00 6.166910000000000000e+06
6.846499999999999808e+00 6.263958000000000000e+06
6.903299999999999770e+00 4.208336000000000000e+06
6.808600000000000207e+00 5.633974000000000000e+06
6.855999999999999872e+00 1.102934100000000000e+07
6.808600000000000207e+00 1.238728000000000000e+07
6.969599999999999795e+00 9.491329000000000000e+06
7.121100000000000207e+00 7.659546000000000000e+06
7.149499999999999744e+00 1.075559200000000000e+07
6.780199999999999783e+00 9.136894000000000000e+06
6.429800000000000182e+00 1.346132200000000000e+07
6.581400000000000361e+00 9.878332000000000000e+06
6.211999999999999744e+00 6.160671000000000000e+06
6.145800000000000374e+00 7.395954000000000000e+06
6.003700000000000259e+00 1.006750700000000000e+07
6.060500000000000220e+00 8.418931000000000000e+06
5.785899999999999821e+00 4.855234000000000000e+06
5.833300000000000374e+00 2.580179500000000000e+07
6.136300000000000310e+00 1.193103900000000000e+07
6.590799999999999770e+00 8.906001000000000000e+06
6.723399999999999821e+00 1.094992400000000000e+07
6.695000000000000284e+00 1.291787400000000000e+07
6.922299999999999898e+00 1.109892600000000000e+07
7.196900000000000297e+00 7.297637000000000000e+06
7.338899999999999757e+00 1.196544200000000000e+07
7.177900000000000169e+00 6.171673000000000000e+06
7.187400000000000233e+00 8.662459000000000000e+06
7.102199999999999847e+00 1.060215900000000000e+07
7.263200000000000323e+00 1.247380200000000000e+07
7.509400000000000297e+00 9.016172000000000000e+06
8.020699999999999719e+00 1.162266000000000000e+07
7.897599999999999731e+00 9.268545000000000000e+06
8.068099999999999383e+00 7.978956000000000000e+06
7.951399999999999579e+00 8.564763000000000000e+06
8.035399999999999210e+00 7.271955000000000000e+06
8.100699999999999790e+00 7.272373000000000000e+06
8.007400000000000517e+00 2.754344000000000000e+06
8.184699999999999420e+00 7.471469000000000000e+06
8.054100000000000037e+00 1.235978800000000000e+07
8.539400000000000546e+00 1.409508000000000000e+07
8.483399999999999608e+00 2.333172100000000000e+07
8.128700000000000259e+00 2.660739900000000000e+07
8.119400000000000617e+00 2.889674600000000000e+07
7.615400000000000169e+00 1.405335000000000000e+07
8.072699999999999321e+00 1.979991900000000000e+07
7.923399999999999999e+00 1.512924800000000000e+07
7.746100000000000207e+00 1.704426000000000000e+07
8.082100000000000506e+00 2.951315700000000000e+07
1.043389999999999951e+01 5.887179000000000000e+06
1.032189999999999941e+01 3.985690000000000000e+06
1.025660000000000061e+01 4.992929000000000000e+06
1.020989999999999931e+01 6.076522000000000000e+06
9.845900000000000318e+00 9.079154000000000000e+06
9.509999999999999787e+00 1.022393300000000000e+07
9.155300000000000438e+00 9.639257000000000000e+06
9.295299999999999230e+00 5.649439000000000000e+06
9.678000000000000824e+00 4.266230000000000000e+06
9.659299999999999997e+00 5.424738000000000000e+06
9.864599999999999369e+00 8.046759000000000000e+06
9.845900000000000318e+00 4.692055000000000000e+06
9.827299999999999258e+00 1.043139500000000000e+07
1.011660000000000004e+01 7.499256000000000000e+06
1.046189999999999998e+01 1.590875800000000000e+07
1.047119999999999962e+01 5.397718000000000000e+06
1.035919999999999952e+01 5.982611000000000000e+06
1.029390000000000072e+01 6.976792000000000000e+06
1.038719999999999999e+01 7.015905000000000000e+06
1.070449999999999946e+01 5.893422000000000000e+06
1.104049999999999976e+01 4.594006000000000000e+06
1.113380000000000081e+01 3.794473000000000000e+06
1.084450000000000003e+01 7.200983000000000000e+06
1.068590000000000018e+01 9.806626000000000000e+06
1.164710000000000001e+01 3.637946000000000000e+06
1.191779999999999973e+01 3.903343000000000000e+06
1.176849999999999952e+01 3.537872000000000000e+06
1.172180000000000000e+01 4.911735000000000000e+06
1.171250000000000036e+01 2.838213000000000000e+06
1.177779999999999916e+01 6.308544000000000000e+06
1.189910000000000068e+01 1.555880000000000000e+07
1.216039999999999921e+01 1.300767200000000000e+07
1.219780000000000086e+01 1.077846700000000000e+07
1.214179999999999993e+01 8.520021000000000000e+06
1.181509999999999927e+01 7.359777000000000000e+06
1.168449999999999989e+01 6.007818000000000000e+06
1.148850000000000016e+01 1.006571500000000000e+07
1.111519999999999975e+01 5.215505000000000000e+06
1.146049999999999969e+01 3.788587000000000000e+06
1.152580000000000027e+01 4.141268000000000000e+06
1.119919999999999938e+01 4.798360000000000000e+06
1.129250000000000043e+01 3.648377000000000000e+06
1.156320000000000014e+01 6.788546000000000000e+06
1.147920000000000051e+01 6.343178000000000000e+06
1.137650000000000006e+01 7.443813000000000000e+06
1.123649999999999949e+01 5.266173000000000000e+06
1.153519999999999968e+01 8.436768000000000000e+06
1.188979999999999926e+01 6.512752000000000000e+06
1.201459999999999972e+01 1.631546500000000000e+07
1.174649999999999928e+01 2.059173100000000000e+07
1.121979999999999933e+01 7.943633000000000000e+06
1.107189999999999941e+01 1.034242100000000000e+07
1.075769999999999982e+01 1.534693400000000000e+07
1.083159999999999989e+01 9.626565000000000000e+06
1.064669999999999916e+01 3.224848300000000000e+07
1.146000000000000085e+01 1.006795100000000000e+07
1.129369999999999941e+01 9.764311000000000000e+06
1.060979999999999990e+01 1.239442500000000000e+07
1.056359999999999921e+01 1.037216500000000000e+07
1.087780000000000058e+01 8.956061000000000000e+06
1.084079999999999977e+01 1.233798800000000000e+07
1.113659999999999961e+01 4.422935000000000000e+06
1.146930000000000049e+01 1.351576900000000000e+07
1.236580000000000013e+01 4.130122000000000000e+06
1.243970000000000020e+01 7.070006000000000000e+06
1.253209999999999980e+01 2.700592000000000000e+06
1.288330000000000020e+01 4.843082000000000000e+06
1.247669999999999924e+01 3.697902000000000000e+06
1.234730000000000061e+01 5.142004000000000000e+06
1.239349999999999952e+01 5.899770000000000000e+06
1.247669999999999924e+01 5.064899000000000000e+06
1.239349999999999952e+01 3.736414000000000000e+06
1.250440000000000040e+01 4.436888000000000000e+06
1.245819999999999972e+01 3.668009000000000000e+06
1.257830000000000048e+01 8.658556000000000000e+06
1.290179999999999971e+01 3.177384000000000000e+06
1.289250000000000007e+01 4.127044000000000000e+06
1.273540000000000028e+01 3.328763000000000000e+06
1.278159999999999918e+01 5.080895000000000000e+06
1.315130000000000088e+01 1.911891000000000000e+06
1.315130000000000088e+01 2.143394000000000000e+06
1.316060000000000052e+01 2.632484000000000000e+06
1.297569999999999979e+01 2.793779000000000000e+06
1.298499999999999943e+01 3.900873000000000000e+06
1.334539999999999971e+01 4.277145000000000000e+06
1.304039999999999999e+01 5.587289000000000000e+06
1.308660000000000068e+01 2.743067000000000000e+06
1.309590000000000032e+01 2.947779000000000000e+06
1.288330000000000020e+01 2.602576000000000000e+06
1.281859999999999999e+01 4.601346000000000000e+06
1.303120000000000012e+01 3.326535000000000000e+06
1.291099999999999959e+01 3.696499000000000000e+06
1.308660000000000068e+01 4.951169000000000000e+06
1.335459999999999958e+01 3.849751000000000000e+06
1.340090000000000003e+01 4.883577000000000000e+06
1.365039999999999942e+01 7.096458000000000000e+06
1.337310000000000088e+01 6.138921000000000000e+06
1.335459999999999958e+01 4.057218000000000000e+06
1.336389999999999922e+01 8.275747000000000000e+06
1.309590000000000032e+01 4.653252000000000000e+06
1.340090000000000003e+01 8.897007000000000000e+06
1.317900000000000027e+01 5.636860000000000000e+06
1.293880000000000052e+01 8.603907000000000000e+06
1.315130000000000088e+01 8.269943000000000000e+06
1.303120000000000012e+01 4.657668000000000000e+06
1.283709999999999951e+01 8.029828000000000000e+06
1.239349999999999952e+01 5.888497000000000000e+06
1.222710000000000008e+01 7.320461000000000000e+06
1.219940000000000069e+01 6.235362000000000000e+06
1.239349999999999952e+01 1.197695200000000000e+07
1.211619999999999919e+01 1.166464500000000000e+07
1.224559999999999960e+01 4.860777000000000000e+06
1.255979999999999919e+01 4.658244000000000000e+06
1.231719999999999970e+01 6.228688000000000000e+06
1.251859999999999928e+01 4.584091000000000000e+06
1.250029999999999930e+01 5.195928000000000000e+06
1.271090000000000053e+01 3.066397000000000000e+06
1.268350000000000044e+01 5.429827000000000000e+06
1.280250000000000021e+01 9.393808000000000000e+06
1.282080000000000020e+01 9.263377000000000000e+06
1.298569999999999958e+01 6.586100000000000000e+06
1.328790000000000049e+01 6.385438000000000000e+06
1.288490000000000002e+01 6.500017000000000000e+06
1.295819999999999972e+01 6.246056000000000000e+06
1.309559999999999924e+01 7.413728000000000000e+06
1.327870000000000061e+01 1.090304400000000000e+07
1.374579999999999913e+01 2.287858900000000000e+07
1.456080000000000041e+01 1.147430300000000000e+07
1.487219999999999942e+01 7.090339000000000000e+06
1.471649999999999991e+01 4.886701000000000000e+06
1.459740000000000038e+01 7.701807000000000000e+06
1.483549999999999969e+01 6.392397000000000000e+06
1.547659999999999947e+01 5.829480000000000000e+06
1.588870000000000005e+01 6.835458000000000000e+06
1.558649999999999913e+01 2.193543000000000000e+06
1.548569999999999958e+01 2.645597000000000000e+06
1.534839999999999982e+01 3.994050000000000000e+06
1.512860000000000049e+01 3.764312000000000000e+06
1.526590000000000025e+01 4.857506000000000000e+06
1.534839999999999982e+01 5.009169000000000000e+06
1.572380000000000067e+01 6.949356000000000000e+06
1.619089999999999918e+01 3.920117000000000000e+06
1.632819999999999894e+01 2.729610000000000000e+06
1.622749999999999915e+01 5.442922000000000000e+06
1.617259999999999920e+01 3.788075000000000000e+06
1.648389999999999844e+01 2.166801000000000000e+06
1.673120000000000118e+01 2.977273000000000000e+06
1.660300000000000153e+01 3.251030000000000000e+06
1.678610000000000113e+01 2.113779000000000000e+06
1.674950000000000117e+01 3.653974000000000000e+06
1.689600000000000080e+01 3.273760000000000000e+06
1.674950000000000117e+01 4.738283000000000000e+06
1.670370000000000132e+01 5.875421000000000000e+06
1.619089999999999918e+01 5.855495000000000000e+06
1.675870000000000104e+01 4.765548000000000000e+06
1.671290000000000120e+01 3.971711000000000000e+06
1.674950000000000117e+01 4.370260000000000000e+06
1.690520000000000067e+01 4.384213000000000000e+06
1.654799999999999827e+01 3.446863000000000000e+06
1.666710000000000136e+01 3.221060000000000000e+06
1.681360000000000099e+01 3.882292000000000000e+06
1.682280000000000086e+01 3.528678000000000000e+06
1.701510000000000034e+01 3.439536000000000000e+06
1.723489999999999966e+01 6.786658000000000000e+06
1.700590000000000046e+01 3.172015000000000000e+06
1.737219999999999942e+01 2.490123000000000000e+06
1.758289999999999864e+01 3.868501000000000000e+06
1.757369999999999877e+01 2.725706000000000000e+06
1.776599999999999824e+01 5.582796000000000000e+06
1.769269999999999854e+01 2.901685000000000000e+06
1.759199999999999875e+01 2.734759000000000000e+06
1.762859999999999872e+01 4.999250000000000000e+06
1.771109999999999829e+01 4.543511000000000000e+06
1.781180000000000163e+01 4.948892000000000000e+06
1.743629999999999924e+01 5.112874000000000000e+06
1.769269999999999854e+01 3.925802000000000000e+06
1.817810000000000059e+01 3.166922000000000000e+06
1.878330000000000055e+01 3.239423000000000000e+06
1.889249999999999829e+01 5.726599000000000000e+06
1.880150000000000077e+01 4.841390000000000000e+06
1.892889999999999873e+01 4.644085000000000000e+06
1.928379999999999939e+01 5.461223000000000000e+06
1.952039999999999864e+01 4.758927000000000000e+06
1.959319999999999951e+01 5.018914000000000000e+06
1.933840000000000003e+01 6.367307000000000000e+06
1.871049999999999969e+01 7.269464000000000000e+06
1.858310000000000173e+01 9.804331000000000000e+06
1.807349999999999923e+01 1.149291800000000000e+07
1.816450000000000031e+01 1.482318600000000000e+07
1.590760000000000041e+01 1.333985900000000000e+07
1.586200000000000010e+01 6.291176000000000000e+06
1.572550000000000026e+01 5.851401000000000000e+06
1.642630000000000123e+01 6.608979000000000000e+06
1.716339999999999932e+01 7.401451000000000000e+06
1.784590000000000032e+01 4.600159000000000000e+06
1.791870000000000118e+01 4.034851000000000000e+06
1.792780000000000129e+01 4.643989000000000000e+06
1.840109999999999957e+01 4.348448000000000000e+06
1.842839999999999989e+01 4.156415000000000000e+06
1.854670000000000130e+01 6.530884000000000000e+06
1.890159999999999840e+01 3.938104000000000000e+06
1.901079999999999970e+01 3.168330000000000000e+06
1.868319999999999936e+01 4.251887000000000000e+06
1.821000000000000085e+01 3.892288000000000000e+06
1.883790000000000120e+01 2.940214000000000000e+06
1.856490000000000151e+01 5.818469000000000000e+06
1.891069999999999851e+01 2.043008000000000000e+06
1.867409999999999926e+01 3.020637000000000000e+06
1.867409999999999926e+01 3.590132000000000000e+06
1.873780000000000001e+01 2.648490000000000000e+06
1.849210000000000065e+01 3.212604000000000000e+06
1.856490000000000151e+01 3.188303000000000000e+06
1.827370000000000161e+01 3.221250000000000000e+06
1.799159999999999826e+01 4.152648000000000000e+06
1.809169999999999945e+01 3.543914000000000000e+06
1.810079999999999956e+01 2.459908000000000000e+06
1.826460000000000150e+01 2.662165000000000000e+06
1.806439999999999912e+01 2.708051000000000000e+06
1.833739999999999881e+01 1.972085000000000000e+06
1.813719999999999999e+01 2.045261000000000000e+06
1.797329999999999828e+01 4.015805000000000000e+06
1.770029999999999859e+01 3.627039000000000000e+06
1.763660000000000139e+01 4.553547000000000000e+06
1.792780000000000129e+01 5.461327000000000000e+06
1.800069999999999837e+01 7.613964000000000000e+06
1.778219999999999956e+01 3.853878000000000000e+06
1.767299999999999827e+01 7.794240000000000000e+06
1.694500000000000028e+01 7.852628000000000000e+06
1.629889999999999972e+01 4.599225000000000000e+06
1.618059999999999832e+01 3.902105000000000000e+06
1.601679999999999993e+01 3.986714000000000000e+06
1.604410000000000025e+01 4.449244000000000000e+06
1.605320000000000036e+01 5.640301000000000000e+06
1.598039999999999949e+01 6.278397000000000000e+06
1.551619999999999955e+01 5.982734000000000000e+06
1.567999999999999972e+01 5.098552000000000000e+06
1.555259999999999998e+01 3.870198000000000000e+06
1.553909999999999947e+01 5.433560000000000000e+06
1.535839999999999961e+01 4.980532000000000000e+06
1.535839999999999961e+01 1.062645000000000000e+06
1.534029999999999916e+01 3.266491000000000000e+06
1.524099999999999966e+01 4.233051000000000000e+06
1.544870000000000054e+01 3.835349000000000000e+06
1.540360000000000085e+01 6.770590000000000000e+06
1.522289999999999921e+01 5.428458000000000000e+06
1.519580000000000020e+01 8.649118000000000000e+06
1.531320000000000014e+01 7.131337000000000000e+06
1.513250000000000028e+01 7.952452000000000000e+06
1.473499999999999943e+01 9.223045000000000000e+06
1.517769999999999975e+01 2.298039800000000000e+07
1.333469999999999978e+01 7.242524000000000000e+06
1.305460000000000065e+01 5.293477000000000000e+06
1.311790000000000056e+01 7.161159000000000000e+06
1.297330000000000005e+01 8.899434000000000000e+06
1.306370000000000076e+01 1.094785100000000000e+07
1.383159999999999989e+01 5.351610000000000000e+06
1.391290000000000049e+01 4.549979000000000000e+06
1.352439999999999998e+01 3.452048000000000000e+06
1.347020000000000017e+01 4.972594000000000000e+06
1.376839999999999975e+01 3.303298000000000000e+06
1.378640000000000043e+01 3.749827000000000000e+06
1.386769999999999925e+01 5.881386000000000000e+06
1.395809999999999995e+01 6.725489000000000000e+06
1.431939999999999991e+01 4.333793000000000000e+06
1.430139999999999922e+01 5.137660000000000000e+06
1.423809999999999931e+01 1.093085300000000000e+07
1.445500000000000007e+01 8.212034000000000000e+06
1.520480000000000054e+01 4.069880000000000000e+06
1.541259999999999941e+01 2.643757000000000000e+06
1.514160000000000039e+01 2.675872000000000000e+06
1.522289999999999921e+01 2.836178000000000000e+06
1.518670000000000009e+01 2.853139000000000000e+06
1.513250000000000028e+01 2.160590000000000000e+06
1.525000000000000000e+01 3.283509000000000000e+06
1.526810000000000045e+01 3.229514000000000000e+06
1.503320000000000078e+01 3.187998000000000000e+06
1.510539999999999949e+01 3.222129000000000000e+06
1.504219999999999935e+01 3.178250000000000000e+06
1.493379999999999974e+01 3.334855000000000000e+06
1.459050000000000047e+01 4.858490000000000000e+06
1.473499999999999943e+01 5.655411000000000000e+06
1.470790000000000042e+01 3.820649000000000000e+06
1.467179999999999929e+01 5.917158000000000000e+06
1.459050000000000047e+01 9.260378000000000000e+06
1.445500000000000007e+01 6.275282000000000000e+06
1.504219999999999935e+01 6.531718000000000000e+06
1.501510000000000034e+01 5.184126000000000000e+06
1.529519999999999946e+01 3.652200000000000000e+06
1.523189999999999955e+01 7.744500000000000000e+06
1.550290000000000035e+01 9.663880000000000000e+06
1.551200000000000045e+01 4.658416000000000000e+06
1.541259999999999941e+01 4.450893000000000000e+06
1.510539999999999949e+01 3.306345000000000000e+06
1.487959999999999994e+01 4.396891000000000000e+06
1.477120000000000033e+01 5.401014000000000000e+06
1.489760000000000062e+01 5.360405000000000000e+06
1.479829999999999934e+01 4.543286000000000000e+06
1.495190000000000019e+01 4.784383000000000000e+06
1.497899999999999920e+01 6.091188000000000000e+06
1.493379999999999974e+01 8.595586000000000000e+06
1.480380000000000074e+01 9.445926000000000000e+06
1.442719999999999914e+01 6.907386000000000000e+06
1.470509999999999984e+01 1.021606700000000000e+07
1.456170000000000009e+01 1.663809900000000000e+07
1.500999999999999979e+01 2.613495100000000000e+07
1.587979999999999947e+01 4.610760000000000000e+07
1.752959999999999852e+01 8.520366000000000000e+06
1.724269999999999925e+01 1.050975900000000000e+07
1.717989999999999995e+01 3.670926000000000000e+06
1.763719999999999999e+01 3.540333000000000000e+06
1.753859999999999886e+01 2.593936000000000000e+06
1.766410000000000124e+01 4.406842000000000000e+06
1.746679999999999922e+01 2.570098000000000000e+06
1.744889999999999830e+01 4.888791000000000000e+06
1.780760000000000076e+01 3.143618000000000000e+06
1.784339999999999904e+01 2.748125000000000000e+06
1.796900000000000119e+01 2.520278000000000000e+06
1.767310000000000159e+01 3.462801000000000000e+06
1.787030000000000030e+01 5.899403000000000000e+06
1.809450000000000003e+01 2.215886000000000000e+06
1.813929999999999865e+01 7.468234000000000000e+06
1.836349999999999838e+01 1.058234100000000000e+07
1.841730000000000089e+01 7.388181000000000000e+06
1.823799999999999955e+01 7.262821000000000000e+06
1.776269999999999882e+01 4.559534000000000000e+06
1.751170000000000115e+01 4.157413000000000000e+06
1.719780000000000086e+01 4.864108000000000000e+06
1.696470000000000056e+01 2.180529000000000000e+06
1.693779999999999930e+01 2.974110000000000000e+06
1.676739999999999853e+01 2.129173000000000000e+06
1.658810000000000073e+01 2.719734000000000000e+06
1.653430000000000177e+01 3.248850000000000000e+06
1.648049999999999926e+01 3.712942000000000000e+06
1.637290000000000134e+01 2.134863000000000000e+06
1.627430000000000021e+01 3.252099000000000000e+06
1.633699999999999974e+01 5.814643000000000000e+06
1.652530000000000143e+01 3.517767000000000000e+06
1.684809999999999874e+01 5.744517000000000000e+06
1.684809999999999874e+01 5.867704000000000000e+06
1.691090000000000160e+01 2.588243000000000000e+06
1.716199999999999903e+01 1.524636000000000000e+06
1.682120000000000104e+01 4.042533000000000000e+06
1.694679999999999964e+01 4.759793000000000000e+06
1.686609999999999943e+01 2.915986000000000000e+06
1.687500000000000000e+01 3.751637000000000000e+06
1.721580000000000155e+01 1.996414000000000000e+06
1.716199999999999903e+01 5.854376000000000000e+06
1.710820000000000007e+01 2.747667000000000000e+06
1.701849999999999952e+01 3.578829000000000000e+06
1.709019999999999939e+01 4.933653000000000000e+06
1.731439999999999912e+01 5.462922000000000000e+06
1.708129999999999882e+01 4.210207000000000000e+06
1.703640000000000043e+01 3.653574000000000000e+06
1.722469999999999857e+01 5.048916000000000000e+06
1.734130000000000038e+01 3.707765000000000000e+06
1.730539999999999878e+01 5.650395000000000000e+06
1.680330000000000013e+01 4.074549000000000000e+06
1.657910000000000039e+01 6.022066000000000000e+06
1.688400000000000034e+01 2.443573000000000000e+06
1.710820000000000007e+01 2.843320000000000000e+06
1.704540000000000077e+01 2.330356000000000000e+06
1.711710000000000065e+01 2.817086000000000000e+06
1.732339999999999947e+01 5.592926000000000000e+06
1.698260000000000147e+01 3.764466000000000000e+06
1.691989999999999839e+01 3.132749000000000000e+06
1.709019999999999939e+01 3.880472000000000000e+06
1.668489999999999895e+01 3.802481000000000000e+06
1.683640000000000114e+01 2.638119000000000000e+06
1.690759999999999863e+01 3.374640000000000000e+06
1.675619999999999976e+01 2.377746000000000000e+06
1.670270000000000010e+01 3.197109000000000000e+06
1.659580000000000055e+01 5.122558000000000000e+06
1.662259999999999849e+01 4.477908000000000000e+06
1.680959999999999965e+01 5.459188000000000000e+06
1.707689999999999841e+01 4.232325000000000000e+06
1.744209999999999994e+01 4.204098000000000000e+06
1.745990000000000109e+01 6.658414000000000000e+06
1.777169999999999916e+01 2.247300000000000000e+05
1.588320000000000043e+01 7.090672000000000000e+06
1.605239999999999867e+01 1.103961400000000000e+07
1.609700000000000131e+01 6.941112000000000000e+06
1.632860000000000156e+01 3.281978000000000000e+06
1.613260000000000005e+01 3.271352000000000000e+06
1.608810000000000073e+01 2.787314000000000000e+06
1.614150000000000063e+01 4.213741000000000000e+06
1.590099999999999980e+01 4.706078000000000000e+06
1.604350000000000165e+01 2.720697000000000000e+06
1.614150000000000063e+01 3.154851000000000000e+06
1.623059999999999903e+01 3.188933000000000000e+06
1.588320000000000043e+01 3.087297000000000000e+06
1.567830000000000013e+01 2.976865000000000000e+06
1.594549999999999912e+01 4.053903000000000000e+06
1.602570000000000050e+01 7.556923000000000000e+06
1.639989999999999881e+01 5.801793000000000000e+06
1.616819999999999879e+01 5.037195000000000000e+06
1.593660000000000032e+01 9.434871000000000000e+06
1.567830000000000013e+01 4.718135000000000000e+06
1.548230000000000040e+01 6.212772000000000000e+06
1.533089999999999975e+01 4.393373000000000000e+06
1.518839999999999968e+01 4.173856000000000000e+06
1.540210000000000079e+01 4.194457000000000000e+06
1.528630000000000067e+01 4.124748000000000000e+06
1.530419999999999980e+01 9.165985000000000000e+06
1.580300000000000082e+01 7.006798000000000000e+06
1.615040000000000120e+01 4.469906000000000000e+06
1.623059999999999903e+01 2.868276000000000000e+06
1.655130000000000123e+01 1.719337000000000000e+06
1.654240000000000066e+01 4.704110000000000000e+06
1.626620000000000132e+01 4.680279000000000000e+06
1.645329999999999870e+01 3.308620000000000000e+06
1.638200000000000145e+01 3.226363000000000000e+06
1.637310000000000088e+01 3.479298000000000000e+06
1.650679999999999836e+01 7.020010000000000000e+06
1.705910000000000082e+01 4.131933000000000000e+06
1.730849999999999866e+01 9.943510000000000000e+06
1.720159999999999911e+01 4.522388000000000000e+06
1.705010000000000048e+01 4.043842000000000000e+06
1.686309999999999931e+01 3.482464000000000000e+06
1.710360000000000014e+01 2.807621000000000000e+06
1.701450000000000173e+01 3.664237000000000000e+06
1.664930000000000021e+01 1.952336000000000000e+06
1.669379999999999953e+01 2.988603000000000000e+06
1.674729999999999919e+01 4.238401000000000000e+06
1.686309999999999931e+01 4.268216000000000000e+06
1.669379999999999953e+01 4.601003000000000000e+06
1.666710000000000136e+01 5.559202000000000000e+06
1.725499999999999901e+01 5.680740000000000000e+06
1.672950000000000159e+01 3.154477000000000000e+06
1.670270000000000010e+01 3.356582000000000000e+06
1.662259999999999849e+01 3.413149000000000000e+06
1.665350000000000108e+01 3.969364000000000000e+06
1.667119999999999891e+01 4.108866000000000000e+06
1.695439999999999969e+01 4.355017000000000000e+06
1.671549999999999869e+01 4.209789000000000000e+06
1.653849999999999909e+01 7.642353000000000000e+06
1.749419999999999931e+01 8.111655000000000000e+06
1.705170000000000030e+01 9.941173000000000000e+06
1.625529999999999831e+01 8.591929000000000000e+06
1.617569999999999908e+01 1.583530700000000000e+07
1.621109999999999829e+01 2.262928200000000000e+07
1.773310000000000031e+01 6.080410000000000000e+06
1.727299999999999969e+01 4.219868000000000000e+06
1.706060000000000088e+01 6.671369000000000000e+06
1.716679999999999851e+01 3.290861000000000000e+06
1.710480000000000089e+01 4.123664000000000000e+06
1.675969999999999871e+01 5.204770000000000000e+06
1.698979999999999890e+01 4.376216000000000000e+06
1.668009999999999948e+01 4.702935000000000000e+06
1.725529999999999831e+01 4.688010000000000000e+06
1.731719999999999970e+01 1.068437700000000000e+07
1.728180000000000049e+01 1.081464100000000000e+07
1.681279999999999930e+01 7.578934000000000000e+06
1.660040000000000049e+01 6.940024000000000000e+06
1.683050000000000068e+01 5.987162000000000000e+06
1.645889999999999986e+01 6.316386000000000000e+06
1.675090000000000146e+01 3.881143000000000000e+06
1.690129999999999910e+01 9.026992000000000000e+06
1.656500000000000128e+01 6.267679000000000000e+06
1.640579999999999927e+01 3.907361000000000000e+06
1.644119999999999848e+01 5.322281000000000000e+06
1.677740000000000009e+01 3.289499000000000000e+06
1.668009999999999948e+01 3.925407000000000000e+06
1.688360000000000127e+01 4.649557000000000000e+06
1.673320000000000007e+01 3.648582000000000000e+06
1.681279999999999930e+01 6.046588000000000000e+06
1.652080000000000126e+01 4.506185000000000000e+06
1.620220000000000127e+01 3.677902000000000000e+06
1.629070000000000107e+01 2.511190000000000000e+06
1.636149999999999949e+01 2.798247000000000000e+06
1.660040000000000049e+01 2.996232000000000000e+06
1.652080000000000126e+01 2.374784000000000000e+06
1.657389999999999830e+01 6.049726000000000000e+06
1.660040000000000049e+01 4.488185000000000000e+06
1.652080000000000126e+01 4.310715000000000000e+06
1.660040000000000049e+01 4.191572000000000000e+06
1.653849999999999909e+01 1.088950400000000000e+07
1.623760000000000048e+01 4.983701000000000000e+06
1.636510000000000176e+01 7.081818000000000000e+06
1.657600000000000051e+01 6.942589000000000000e+06
1.633869999999999933e+01 5.449364000000000000e+06
1.683970000000000056e+01 1.284754300000000000e+07
1.676060000000000016e+01 9.831120000000000000e+06
1.650570000000000093e+01 7.952326000000000000e+06
1.650570000000000093e+01 6.080907000000000000e+06
1.628600000000000136e+01 6.693662000000000000e+06
1.589930000000000021e+01 9.427844000000000000e+06
1.589049999999999940e+01 7.810295000000000000e+06
1.644419999999999860e+01 8.449623000000000000e+06
1.718250000000000099e+01 7.660817000000000000e+06
1.735820000000000007e+01 8.169672000000000000e+06
1.747250000000000014e+01 2.021755000000000000e+06
1.741979999999999862e+01 5.808708000000000000e+06
1.732310000000000016e+01 7.520839000000000000e+06
1.709459999999999980e+01 9.497817000000000000e+06
1.647929999999999851e+01 6.608375000000000000e+06
1.634750000000000014e+01 5.341914000000000000e+06
1.612780000000000058e+01 5.696610000000000000e+06
1.604870000000000019e+01 6.572874000000000000e+06
1.603109999999999857e+01 1.212898000000000000e+07
1.640020000000000167e+01 1.136707600000000000e+07
1.630359999999999943e+01 1.636492700000000000e+07
1.727029999999999887e+01 2.574322100000000000e+07
1.923910000000000053e+01 1.110949600000000000e+07
1.952029999999999887e+01 6.975915000000000000e+06
1.923910000000000053e+01 7.192061000000000000e+06
1.964339999999999975e+01 6.759266000000000000e+06
1.955549999999999855e+01 1.132175000000000000e+07
1.971369999999999933e+01 7.877298000000000000e+06
2.020589999999999975e+01 6.044169000000000000e+06
2.012679999999999936e+01 4.914504000000000000e+06
1.996859999999999857e+01 7.973562000000000000e+06
2.015309999999999846e+01 5.821940000000000000e+06
2.031129999999999924e+01 8.189046000000000000e+06
2.000369999999999848e+01 1.013085900000000000e+07
2.021460000000000079e+01 1.078252400000000000e+07
2.054860000000000042e+01 1.001000500000000000e+07
2.069800000000000040e+01 1.142197300000000000e+07
2.059260000000000090e+01 8.434610000000000000e+06
2.055740000000000123e+01 1.033546500000000000e+07
2.051350000000000051e+01 9.866538000000000000e+06
2.063650000000000162e+01 1.705629500000000000e+07
2.053979999999999961e+01 1.644583400000000000e+07
2.017950000000000088e+01 1.698652900000000000e+07
2.013550000000000040e+01 3.083072600000000000e+07
2.075080000000000169e+01 8.626794700000000000e+07
2.176150000000000162e+01 2.333046800000000000e+07
2.206030000000000157e+01 5.908696300000000000e+07
2.107600000000000051e+01 2.839062300000000000e+07
2.090899999999999892e+01 2.343332400000000000e+07
2.065409999999999968e+01 6.848771100000000000e+07
2.028500000000000014e+01 2.232409800000000000e+07
2.093530000000000157e+01 3.997677600000000000e+07
2.061019999999999897e+01 4.144953000000000000e+06
2.071559999999999846e+01 3.427682000000000000e+06
2.055740000000000123e+01 1.485259100000000000e+07
2.085620000000000118e+01 1.880907300000000000e+07
2.096170000000000044e+01 2.229331900000000000e+07
2.117259999999999920e+01 2.027146800000000000e+07
2.111110000000000042e+01 1.242947700000000000e+07
2.151539999999999964e+01 1.130183100000000000e+07
2.138360000000000127e+01 8.303924000000000000e+06
2.117259999999999920e+01 8.344350000000000000e+06
2.121659999999999968e+01 5.380495000000000000e+06
2.157689999999999841e+01 3.643547000000000000e+06
2.131330000000000169e+01 3.614795000000000000e+06
2.177909999999999968e+01 4.134319000000000000e+06
2.206030000000000157e+01 3.614813000000000000e+06
2.274589999999999890e+01 2.724812000000000000e+06
2.322929999999999851e+01 3.146682000000000000e+06
2.259649999999999892e+01 3.146825000000000000e+06
2.368629999999999924e+01 1.018330000000000000e+06
2.396750000000000114e+01 1.028536000000000000e+06
2.412569999999999837e+01 7.790670000000000000e+05
2.419610000000000127e+01 1.522108000000000000e+06
2.429269999999999996e+01 1.322654000000000000e+06
2.444209999999999994e+01 7.141130000000000000e+05
2.482010000000000005e+01 8.131000000000000000e+05
2.540889999999999915e+01 9.976350000000000000e+05
2.519800000000000040e+01 1.715530000000000000e+06
2.511890000000000001e+01 1.741494000000000000e+06
2.435429999999999851e+01 2.398564000000000000e+06
2.485519999999999996e+01 2.793511000000000000e+06
2.614720000000000155e+01 1.526341000000000000e+06
2.546170000000000044e+01 1.561456000000000000e+06
2.544409999999999883e+01 9.926200000000000000e+05
2.460030000000000072e+01 7.932430000000000000e+05
2.430150000000000077e+01 1.124429000000000000e+06
2.437549999999999883e+01 1.084865000000000000e+06
2.405349999999999966e+01 9.681970000000000000e+05
2.366189999999999927e+01 9.428350000000000000e+05
2.357489999999999952e+01 4.113800000000000000e+05
2.337470000000000070e+01 4.632830000000000000e+05
2.341819999999999879e+01 6.675350000000000000e+05
2.338340000000000174e+01 4.924210000000000000e+05
2.314849999999999852e+01 4.565050000000000000e+05
2.328770000000000095e+01 3.196230000000000000e+05
2.354879999999999995e+01 3.526170000000000000e+05
2.323549999999999827e+01 4.697680000000000000e+05
2.314849999999999852e+01 5.985740000000000000e+05
2.316590000000000060e+01 6.997320000000000000e+05
2.360970000000000013e+01 4.460700000000000000e+05
2.375760000000000005e+01 3.943480000000000000e+05
2.410569999999999879e+01 6.960140000000000000e+05
2.401869999999999905e+01 9.727920000000000000e+05
2.385330000000000084e+01 8.808180000000000000e+05
2.373150000000000048e+01 5.300320000000000000e+05
2.368799999999999883e+01 8.059120000000000000e+05
2.357489999999999952e+01 4.755780000000000000e+05
2.361840000000000117e+01 9.970570000000000000e+05
2.300919999999999987e+01 7.409320000000000000e+05
2.280039999999999978e+01 1.128084000000000000e+06
2.278290000000000148e+01 6.468230000000000000e+05
2.281779999999999831e+01 8.146520000000000000e+05
2.261759999999999948e+01 1.108428000000000000e+06
2.237389999999999901e+01 5.633180000000000000e+05
2.206060000000000088e+01 8.139520000000000000e+05
2.205189999999999984e+01 1.430455000000000000e+06
2.206929999999999836e+01 2.871993000000000000e+06
2.326160000000000139e+01 5.915270000000000000e+05
2.307010000000000005e+01 6.627650000000000000e+05
2.294829999999999970e+01 9.417190000000000000e+05
2.291349999999999909e+01 5.821820000000000000e+05
2.284390000000000143e+01 1.604476000000000000e+06
2.284390000000000143e+01 1.181586000000000000e+06
2.297439999999999927e+01 1.143107000000000000e+06
2.307010000000000005e+01 6.648790000000000000e+05
2.293959999999999866e+01 1.415762000000000000e+06
2.340080000000000027e+01 1.776446000000000000e+06
2.325290000000000035e+01 7.150500000000000000e+05
2.289610000000000056e+01 7.526930000000000000e+05
2.293959999999999866e+01 8.090030000000000000e+05
2.335729999999999862e+01 1.502805000000000000e+06
2.286129999999999995e+01 6.949670000000000000e+05
2.334860000000000113e+01 5.940960000000000000e+05
2.313970000000000127e+01 7.228410000000000000e+05
2.292220000000000013e+01 1.293489000000000000e+06
2.285259999999999891e+01 6.342080000000000000e+05
2.271330000000000027e+01 7.925010000000000000e+05
2.240869999999999962e+01 9.455360000000000000e+05
2.267849999999999966e+01 5.721760000000000000e+05
2.243489999999999895e+01 9.477320000000000000e+05
2.193880000000000052e+01 1.825729000000000000e+06
2.186919999999999931e+01 6.472300000000000000e+05
2.200840000000000174e+01 6.849360000000000000e+05
2.262630000000000052e+01 2.093725000000000000e+06
2.218250000000000099e+01 6.512610000000000000e+05
2.219119999999999848e+01 6.446330000000000000e+05
2.251320000000000121e+01 1.668924000000000000e+06
2.280039999999999978e+01 8.642730000000000000e+05
2.345299999999999940e+01 1.524103000000000000e+06
2.314849999999999852e+01 6.731610000000000000e+05
2.337470000000000070e+01 1.698461000000000000e+06
2.348780000000000001e+01 1.750726000000000000e+06
2.374020000000000152e+01 2.152030000000000000e+06
2.467139999999999844e+01 3.612590000000000000e+06
2.702969999999999828e+01 2.193719000000000000e+06
2.645540000000000092e+01 8.248700000000000000e+05
2.613340000000000174e+01 1.192145000000000000e+06
2.608990000000000009e+01 8.835050000000000000e+05
2.578529999999999944e+01 6.422750000000000000e+05
2.593319999999999936e+01 1.011496000000000000e+06
2.568090000000000117e+01 1.086780000000000000e+06
2.584619999999999962e+01 8.447100000000000000e+05
2.607250000000000156e+01 4.905920000000000000e+05
2.610729999999999862e+01 6.931990000000000000e+05
2.642930000000000135e+01 1.298702000000000000e+06
2.662069999999999936e+01 2.410522000000000000e+06
2.574180000000000135e+01 1.492257000000000000e+06
2.594190000000000040e+01 7.818110000000000000e+05
2.539369999999999905e+01 5.832990000000000000e+05
2.479319999999999879e+01 9.069640000000000000e+05
2.519350000000000023e+01 9.351950000000000000e+05
2.515869999999999962e+01 7.063570000000000000e+05
2.526310000000000144e+01 8.655490000000000000e+05
2.470619999999999905e+01 7.283690000000000000e+05
2.505430000000000135e+01 9.756270000000000000e+05
2.523699999999999832e+01 1.714060000000000000e+06
2.421880000000000166e+01 1.197083000000000000e+06
2.407090000000000174e+01 7.453270000000000000e+05
2.391430000000000078e+01 9.606810000000000000e+05
2.360970000000000013e+01 7.279980000000000000e+05
2.322680000000000078e+01 7.392620000000000000e+05
2.303529999999999944e+01 3.720770000000000000e+05
2.324419999999999931e+01 6.502340000000000000e+05
2.350519999999999854e+01 9.819300000000000000e+05
2.432329999999999970e+01 1.845164000000000000e+06
2.366189999999999927e+01 9.218110000000000000e+05
2.344429999999999836e+01 1.823919000000000000e+06
2.348780000000000001e+01 9.170540000000000000e+05
2.367060000000000031e+01 7.126130000000000000e+05
2.394910000000000139e+01 7.435900000000000000e+05
2.401869999999999905e+01 1.150481000000000000e+06
2.379240000000000066e+01 1.181100000000000000e+06
2.405349999999999966e+01 8.509100000000000000e+05
2.387950000000000017e+01 1.052205000000000000e+06
2.403610000000000113e+01 1.173890000000000000e+06
2.446249999999999858e+01 1.099438000000000000e+06
2.516740000000000066e+01 8.571720000000000000e+05
2.474970000000000070e+01 9.547410000000000000e+05
2.478450000000000131e+01 8.069810000000000000e+05
2.515869999999999962e+01 5.912860000000000000e+05
2.564600000000000080e+01 1.058734000000000000e+06
2.559380000000000166e+01 8.013870000000000000e+05
2.500209999999999866e+01 9.137120000000000000e+05
2.507169999999999987e+01 9.847960000000000000e+05
2.509779999999999944e+01 4.513250000000000000e+05
2.514130000000000109e+01 1.572239000000000000e+06
2.521089999999999876e+01 2.463212000000000000e+06
2.349650000000000105e+01 6.801020000000000000e+05
2.304400000000000048e+01 7.856840000000000000e+05
2.327899999999999991e+01 1.155777000000000000e+06
2.352270000000000039e+01 1.410158000000000000e+06
2.385330000000000084e+01 2.540165000000000000e+06
2.322680000000000078e+01 2.721686000000000000e+06
2.441029999999999944e+01 2.935443000000000000e+06
2.468009999999999948e+01 3.981208000000000000e+06
2.141669999999999874e+01 1.457855000000000000e+06
2.150369999999999848e+01 1.511127000000000000e+06
2.115559999999999974e+01 1.793066000000000000e+06
2.141669999999999874e+01 2.001902000000000000e+06
2.040719999999999956e+01 8.320310000000000000e+05
2.020700000000000074e+01 1.003787000000000000e+06
2.015480000000000160e+01 1.027392000000000000e+06
1.953689999999999927e+01 1.903249000000000000e+06
1.992859999999999943e+01 8.898710000000000000e+05
1.953689999999999927e+01 1.138842000000000000e+06
1.997210000000000107e+01 2.348451000000000000e+06
1.910180000000000078e+01 1.611607000000000000e+06
1.896259999999999835e+01 1.874577000000000000e+06
1.926719999999999899e+01 1.343203000000000000e+06
1.964140000000000086e+01 2.349476000000000000e+06
2.014610000000000056e+01 1.818563000000000000e+06
1.979799999999999827e+01 1.836492000000000000e+06
2.038980000000000103e+01 7.635060000000000000e+05
2.042460000000000164e+01 6.570800000000000000e+05
2.103379999999999939e+01 1.258247000000000000e+06
2.170380000000000109e+01 1.295117000000000000e+06
2.171259999999999835e+01 1.167005000000000000e+06
2.230430000000000135e+01 7.864330000000000000e+05
2.213899999999999935e+01 1.250931000000000000e+06
2.252189999999999870e+01 1.261733000000000000e+06
2.260020000000000095e+01 9.137100000000000000e+05
2.297439999999999927e+01 2.950420000000000000e+05
2.303529999999999944e+01 7.521910000000000000e+05
2.288739999999999952e+01 1.228489000000000000e+06
2.347909999999999897e+01 6.479540000000000000e+05
2.333119999999999905e+01 2.165440000000000000e+06
2.397520000000000095e+01 5.006430000000000000e+05
2.424500000000000099e+01 1.320379000000000000e+06
2.377499999999999858e+01 7.973840000000000000e+05
2.314849999999999852e+01 7.897780000000000000e+05
2.324419999999999931e+01 8.301750000000000000e+05
2.427110000000000056e+01 8.094630000000000000e+05
2.459309999999999974e+01 1.418653000000000000e+06
2.385330000000000084e+01 2.039532000000000000e+06
2.376630000000000109e+01 1.592746000000000000e+06
2.339209999999999923e+01 1.520023000000000000e+06
2.320939999999999870e+01 1.759899000000000000e+06
2.385330000000000084e+01 1.444926000000000000e+06
2.423629999999999995e+01 1.711211000000000000e+06
2.417530000000000001e+01 2.220600000000000000e+06
2.518479999999999919e+01 3.582540000000000000e+05
2.516740000000000066e+01 9.123690000000000000e+05
2.468009999999999948e+01 1.068593000000000000e+06
2.430590000000000117e+01 1.326534000000000000e+06
2.361840000000000117e+01 1.634596000000000000e+06
2.333990000000000009e+01 1.406792000000000000e+06
2.347909999999999897e+01 1.689434000000000000e+06
2.306139999999999901e+01 2.417948000000000000e+06
2.399259999999999948e+01 2.622855000000000000e+06
2.494989999999999952e+01 9.435960000000000000e+05
2.539369999999999905e+01 1.131044000000000000e+06
2.642060000000000031e+01 1.807038000000000000e+06
2.600280000000000058e+01 1.819189000000000000e+06
2.474970000000000070e+01 1.645868000000000000e+06
2.480189999999999984e+01 3.657262000000000000e+06
2.455819999999999936e+01 4.773880000000000000e+06
2.606380000000000052e+01 2.324353000000000000e+06
2.576790000000000092e+01 1.822158000000000000e+06
2.581139999999999901e+01 2.034944000000000000e+06
2.519350000000000023e+01 1.258597000000000000e+06
2.518479999999999919e+01 1.108004000000000000e+06
2.499340000000000117e+01 1.318099000000000000e+06
2.471490000000000009e+01 1.157108000000000000e+06
2.487150000000000105e+01 1.640445000000000000e+06
2.488019999999999854e+01 1.608680000000000000e+06
2.443639999999999901e+01 2.261453000000000000e+06
2.441029999999999944e+01 1.957649000000000000e+06
2.516740000000000066e+01 1.237946000000000000e+06
2.480189999999999984e+01 1.181481000000000000e+06
2.481060000000000088e+01 1.304486000000000000e+06
2.461919999999999931e+01 1.400157000000000000e+06
2.409700000000000131e+01 1.457617000000000000e+06
2.476709999999999923e+01 1.411066000000000000e+06
2.485409999999999897e+01 1.099867000000000000e+06
2.432329999999999970e+01 1.118169000000000000e+06
2.381850000000000023e+01 1.173555000000000000e+06
2.314849999999999852e+01 1.685968000000000000e+06
2.370540000000000092e+01 1.592089000000000000e+06
2.436680000000000135e+01 2.246799000000000000e+06
2.340080000000000027e+01 1.639557000000000000e+06
2.389689999999999870e+01 1.603683000000000000e+06
2.354879999999999995e+01 1.642017000000000000e+06
2.224340000000000117e+01 1.763608000000000000e+06
2.221750000000000114e+01 1.794183000000000000e+06
2.315690000000000026e+01 1.628756000000000000e+06
2.319140000000000157e+01 2.081857000000000000e+06
2.338960000000000150e+01 1.435398000000000000e+06
2.343270000000000053e+01 1.765343000000000000e+06
2.405320000000000036e+01 1.223098000000000000e+06
2.439789999999999992e+01 1.616365000000000000e+06
2.518220000000000169e+01 1.306832000000000000e+06
2.482019999999999982e+01 1.308587000000000000e+06
2.477710000000000079e+01 1.727751000000000000e+06
2.426869999999999905e+01 1.870008000000000000e+06
2.531149999999999878e+01 1.341913000000000000e+06
2.450130000000000052e+01 1.917822000000000000e+06
2.489780000000000015e+01 1.715595000000000000e+06
2.475989999999999824e+01 1.891338000000000000e+06
2.481159999999999854e+01 1.111833000000000000e+06
2.487190000000000012e+01 1.782511000000000000e+06
2.472540000000000049e+01 1.933756000000000000e+06
2.443240000000000123e+01 2.077194000000000000e+06
2.612160000000000082e+01 1.637131000000000000e+06
2.597500000000000142e+01 1.601846000000000000e+06
2.491499999999999915e+01 1.352530000000000000e+06
2.440650000000000119e+01 1.673757000000000000e+06
2.381190000000000140e+01 2.018391000000000000e+06
2.391529999999999845e+01 2.026821000000000000e+06
2.438929999999999865e+01 1.652284000000000000e+06
2.473400000000000176e+01 1.311393000000000000e+06
2.503569999999999851e+01 1.168372000000000000e+06
2.524249999999999972e+01 8.122320000000000000e+05
2.523389999999999844e+01 8.811380000000000000e+05
2.551829999999999998e+01 1.997350000000000000e+06
2.625939999999999941e+01 2.838650000000000000e+06
2.475130000000000052e+01 1.773008000000000000e+06
2.556139999999999901e+01 2.317930000000000000e+06
2.517360000000000042e+01 1.292994000000000000e+06
2.464789999999999992e+01 1.709528000000000000e+06
2.411349999999999838e+01 1.298429000000000000e+06
2.440650000000000119e+01 1.285522000000000000e+06
2.369119999999999848e+01 1.191031000000000000e+06
2.312239999999999895e+01 1.065542000000000000e+06
2.303630000000000067e+01 1.050881000000000000e+06
2.319140000000000157e+01 1.287974000000000000e+06
2.313109999999999999e+01 1.253448000000000000e+06
2.291560000000000130e+01 8.038150000000000000e+05
2.284669999999999845e+01 9.146290000000000000e+05
2.301040000000000063e+01 1.382112000000000000e+06
2.344989999999999952e+01 1.571180000000000000e+06
2.353610000000000113e+01 1.382449000000000000e+06
2.328620000000000090e+01 1.547690000000000000e+06
2.378600000000000136e+01 1.049006000000000000e+06
2.368260000000000076e+01 8.616030000000000000e+05
2.378600000000000136e+01 1.842475000000000000e+06
2.404459999999999908e+01 1.715568000000000000e+06
2.401869999999999905e+01 2.726288000000000000e+06
2.410490000000000066e+01 4.221723000000000000e+06
2.472540000000000049e+01 3.110725000000000000e+06
2.588889999999999958e+01 7.430644000000000000e+06
2.716440000000000055e+01 6.470330000000000000e+05
2.769869999999999877e+01 9.740500000000000000e+05
2.777619999999999933e+01 9.365000000000000000e+05
2.788830000000000098e+01 8.833600000000000000e+05
2.816410000000000124e+01 1.189335000000000000e+06
2.755219999999999914e+01 1.900740000000000000e+06
2.776760000000000161e+01 1.133494000000000000e+06
2.796580000000000155e+01 1.880619000000000000e+06
2.769010000000000105e+01 1.509672000000000000e+06
2.753490000000000038e+01 1.616896000000000000e+06
2.740569999999999951e+01 3.270761000000000000e+06
2.709540000000000148e+01 2.302700000000000000e+06
2.728500000000000014e+01 3.426785000000000000e+06
2.663860000000000028e+01 1.875577000000000000e+06
2.690579999999999927e+01 3.769451000000000000e+06
2.678519999999999968e+01 1.076436900000000000e+07
2.245019999999999882e+01 1.412093000000000000e+06
2.263980000000000103e+01 1.308564000000000000e+06
2.233820000000000050e+01 6.396950000000000000e+05
2.257090000000000174e+01 9.984580000000000000e+05
2.218309999999999960e+01 8.419620000000000000e+05
2.198489999999999966e+01 1.054948000000000000e+06
2.224340000000000117e+01 5.671750000000000000e+05
2.210549999999999926e+01 1.020171000000000000e+06
2.213139999999999930e+01 8.770710000000000000e+05
2.194180000000000064e+01 2.196831000000000000e+06
2.173489999999999966e+01 1.087241000000000000e+06
2.148499999999999943e+01 7.878040000000000000e+05
2.166600000000000037e+01 8.417880000000000000e+05
2.143329999999999913e+01 8.597440000000000000e+05
2.116610000000000014e+01 1.339543000000000000e+06
2.093339999999999890e+01 7.689750000000000000e+05
2.100240000000000151e+01 5.370140000000000000e+05
2.107130000000000081e+01 7.319800000000000000e+05
2.119200000000000017e+01 1.197459000000000000e+06
2.074380000000000024e+01 1.104741000000000000e+06
2.043359999999999843e+01 5.346360000000000000e+05
2.063179999999999836e+01 2.389363000000000000e+06
2.027850000000000108e+01 1.016548000000000000e+06
2.033879999999999910e+01 1.522336000000000000e+06
2.041639999999999944e+01 2.008094000000000000e+06
2.057150000000000034e+01 2.758299000000000000e+06
2.126950000000000074e+01 2.915454000000000000e+06
2.087310000000000088e+01 1.221853000000000000e+06
2.124370000000000047e+01 8.738880000000000000e+05
2.132989999999999853e+01 5.939990000000000000e+05
2.114029999999999987e+01 3.881960000000000000e+05
2.060600000000000165e+01 1.008846000000000000e+06
2.092480000000000118e+01 5.433790000000000000e+05
2.111439999999999984e+01 5.187290000000000000e+05
2.132989999999999853e+01 5.765970000000000000e+05
2.135569999999999879e+01 5.807850000000000000e+05
2.154530000000000101e+01 8.620840000000000000e+05
2.151089999999999947e+01 6.196740000000000000e+05
2.168319999999999936e+01 1.060893000000000000e+06
2.171770000000000067e+01 1.383997000000000000e+06
2.160569999999999879e+01 8.658860000000000000e+05
2.159700000000000131e+01 7.605630000000000000e+05
2.151950000000000074e+01 1.131092000000000000e+06
2.135569999999999879e+01 1.165045000000000000e+06
2.026980000000000004e+01 7.911020000000000000e+05
2.010610000000000142e+01 5.616970000000000000e+05
2.025260000000000105e+01 5.961240000000000000e+05
2.037330000000000041e+01 1.045258000000000000e+06
2.036459999999999937e+01 5.877450000000000000e+05
2.069209999999999994e+01 9.817480000000000000e+05
2.048529999999999873e+01 1.223180000000000000e+06
2.086449999999999960e+01 8.318100000000000000e+05
2.091619999999999990e+01 4.453320000000000000e+05
2.083859999999999957e+01 8.303490000000000000e+05
2.095929999999999893e+01 1.189444000000000000e+06
2.064900000000000091e+01 1.761188000000000000e+06
2.100240000000000151e+01 9.316340000000000000e+05
2.109720000000000084e+01 8.438860000000000000e+05
2.104550000000000054e+01 1.018630000000000000e+06
2.037330000000000041e+01 1.055686000000000000e+06
1.993370000000000175e+01 6.389570000000000000e+05
2.002850000000000108e+01 1.023750000000000000e+06
1.978719999999999857e+01 9.894420000000000000e+05
1.929599999999999937e+01 1.054469000000000000e+06
1.920120000000000005e+01 6.101890000000000000e+05
1.937359999999999971e+01 7.143160000000000000e+05
1.897710000000000008e+01 8.481860000000000000e+05
1.911499999999999844e+01 1.083804000000000000e+06
1.995959999999999823e+01 7.119370000000000000e+05
1.943390000000000128e+01 6.313230000000000000e+05
1.987340000000000018e+01 9.769400000000000000e+05
1.955450000000000088e+01 7.968390000000000000e+05
1.959759999999999991e+01 8.507820000000000000e+05
1.985620000000000118e+01 1.039168000000000000e+06
1.947700000000000031e+01 5.598850000000000000e+05
1.911499999999999844e+01 4.113050000000000000e+05
1.931319999999999837e+01 2.765090000000000000e+05
1.922710000000000008e+01 6.184710000000000000e+05
1.934769999999999968e+01 9.573140000000000000e+05
1.915810000000000102e+01 5.593040000000000000e+05
1.902880000000000038e+01 4.113520000000000000e+05
1.921839999999999904e+01 4.099920000000000000e+05
1.920980000000000132e+01 8.703590000000000000e+05
1.898570000000000135e+01 8.874250000000000000e+05
1.898570000000000135e+01 8.777400000000000000e+05
1.891679999999999851e+01 9.929990000000000000e+05
1.890820000000000078e+01 2.384467000000000000e+06
1.908920000000000172e+01 2.765670000000000000e+06
1.885650000000000048e+01 3.229325000000000000e+06
1.830489999999999995e+01 4.452798000000000000e+06
1.631409999999999982e+01 1.959408000000000000e+06
1.689150000000000063e+01 1.075093000000000000e+06
1.655539999999999878e+01 1.486950000000000000e+06
1.639170000000000016e+01 1.793521000000000000e+06
1.665020000000000167e+01 1.443799000000000000e+06
1.613309999999999889e+01 9.910330000000000000e+05
1.646059999999999945e+01 1.120591000000000000e+06
1.667610000000000170e+01 1.083736000000000000e+06
1.633139999999999858e+01 6.978440000000000000e+05
1.648649999999999949e+01 1.001735000000000000e+06
1.618489999999999895e+01 6.493330000000000000e+05
1.613309999999999889e+01 9.732110000000000000e+05
1.612450000000000117e+01 1.002258000000000000e+06
1.631409999999999982e+01 8.074550000000000000e+05
1.629690000000000083e+01 1.087944000000000000e+06
1.639170000000000016e+01 1.896936000000000000e+06
1.665020000000000167e+01 1.250393000000000000e+06
1.711560000000000059e+01 1.098064000000000000e+06
1.763269999999999982e+01 6.791850000000000000e+05
1.748620000000000019e+01 1.191318000000000000e+06
1.742589999999999861e+01 1.880436000000000000e+06
1.755509999999999948e+01 7.355730000000000000e+05
1.760679999999999978e+01 6.860010000000000000e+05
1.780509999999999948e+01 4.020050000000000000e+05
1.796020000000000039e+01 4.824180000000000000e+05
1.799470000000000169e+01 5.040540000000000000e+05
1.799470000000000169e+01 4.804650000000000000e+05
1.781370000000000076e+01 4.809310000000000000e+05
1.746900000000000119e+01 6.492130000000000000e+05
1.728800000000000026e+01 5.650040000000000000e+05
1.727939999999999898e+01 1.214543000000000000e+06
1.727070000000000149e+01 1.425769000000000000e+06
1.692599999999999838e+01 1.170770000000000000e+06
1.646920000000000073e+01 1.742695000000000000e+06
1.677090000000000103e+01 1.782803000000000000e+06
1.702939999999999898e+01 1.226673000000000000e+06
1.729660000000000153e+01 6.447810000000000000e+05
1.716730000000000089e+01 1.037654000000000000e+06
1.722759999999999891e+01 6.392270000000000000e+05
1.720179999999999865e+01 1.539526000000000000e+06
1.740859999999999985e+01 1.026875000000000000e+06
1.722759999999999891e+01 2.164750000000000000e+06
1.723629999999999995e+01 2.143038000000000000e+06
1.731380000000000052e+01 1.117231000000000000e+06
1.743449999999999989e+01 1.017159000000000000e+06
1.744310000000000116e+01 7.581170000000000000e+05
1.722759999999999891e+01 5.904670000000000000e+05
1.735689999999999955e+01 1.197481000000000000e+06
1.709840000000000160e+01 1.016348000000000000e+06
1.714150000000000063e+01 1.103428000000000000e+06
1.702080000000000126e+01 1.432889000000000000e+06
1.675359999999999872e+01 1.555007000000000000e+06
1.648649999999999949e+01 9.857920000000000000e+05
1.635719999999999885e+01 9.330700000000000000e+05
1.650369999999999848e+01 1.056466000000000000e+06
1.676229999999999976e+01 1.261513000000000000e+06
1.667610000000000170e+01 1.310438000000000000e+06
1.611589999999999989e+01 1.184625000000000000e+06
1.621930000000000049e+01 1.915790000000000000e+06
1.582290000000000063e+01 1.985712000000000000e+06
1.545229999999999926e+01 1.452662000000000000e+06
1.484900000000000020e+01 1.840486000000000000e+06
1.447850000000000037e+01 1.491667000000000000e+06
1.474559999999999960e+01 1.626454000000000000e+06
1.430610000000000070e+01 1.827345000000000000e+06
1.397860000000000014e+01 6.935160000000000000e+05
1.405620000000000047e+01 1.183056000000000000e+06
1.429749999999999943e+01 3.260590000000000000e+05
1.422850000000000037e+01 4.898580000000000000e+05
1.406479999999999997e+01 4.074340000000000000e+05
1.413369999999999926e+01 5.067390000000000000e+05
1.429749999999999943e+01 3.504060000000000000e+05
1.431470000000000020e+01 6.304060000000000000e+05
1.414240000000000030e+01 1.000093000000000000e+06
1.415099999999999980e+01 4.627190000000000000e+05
1.426299999999999990e+01 7.348490000000000000e+05
1.410790000000000077e+01 7.576940000000000000e+05
1.414240000000000030e+01 7.810400000000000000e+05
1.397000000000000064e+01 8.649090000000000000e+05
1.401309999999999967e+01 6.919270000000000000e+05
1.400450000000000017e+01 5.415400000000000000e+05
1.415099999999999980e+01 9.803150000000000000e+05
1.404759999999999920e+01 1.224463000000000000e+06
1.373729999999999940e+01 9.504810000000000000e+05
1.375450000000000017e+01 1.475706000000000000e+06
1.382349999999999923e+01 1.476050000000000000e+06
1.410790000000000077e+01 1.213857000000000000e+06
1.426299999999999990e+01 1.302141000000000000e+06
1.442680000000000007e+01 1.106867000000000000e+06
1.458000000000000007e+01 8.220210000000000000e+05
1.447789999999999999e+01 5.282390000000000000e+05
1.476740000000000030e+01 5.689500000000000000e+05
1.471630000000000038e+01 6.948500000000000000e+05
1.475890000000000057e+01 6.534410000000000000e+05
1.488659999999999961e+01 1.713400000000000000e+06
1.507399999999999984e+01 4.630000000000000000e+05
1.493769999999999953e+01 7.658000000000000000e+05
1.467370000000000019e+01 6.297000000000000000e+05
1.480150000000000077e+01 8.054000000000000000e+05
1.495480000000000054e+01 8.663000000000000000e+05
1.495480000000000054e+01 8.863000000000000000e+05
1.475040000000000084e+01 7.545000000000000000e+05
1.460560000000000080e+01 9.248000000000000000e+05
1.469929999999999914e+01 1.047700000000000000e+06
1.473329999999999984e+01 6.741000000000000000e+05
1.463969999999999949e+01 3.266000000000000000e+05
1.466520000000000046e+01 5.126000000000000000e+05
1.466520000000000046e+01 2.161400000000000000e+06
1.463969999999999949e+01 1.106300000000000000e+06
1.481000000000000050e+01 1.479900000000000000e+06
1.533799999999999919e+01 6.276000000000000000e+05
1.534650000000000070e+01 5.363000000000000000e+05
1.552539999999999942e+01 4.481000000000000000e+05
1.562759999999999927e+01 7.556000000000000000e+05
1.540610000000000035e+01 6.040000000000000000e+05
1.529540000000000077e+01 3.508000000000000000e+05
1.533799999999999919e+01 4.238000000000000000e+05
1.526140000000000008e+01 3.998000000000000000e+05
1.520170000000000066e+01 3.778000000000000000e+05
1.500590000000000046e+01 4.746000000000000000e+05
1.495480000000000054e+01 2.059000000000000000e+05
1.496330000000000027e+01 3.345000000000000000e+05
1.500590000000000046e+01 3.888000000000000000e+05
1.475890000000000057e+01 4.844000000000000000e+05
1.452040000000000042e+01 6.378000000000000000e+05
1.485260000000000069e+01 3.366000000000000000e+05
1.474189999999999934e+01 4.224000000000000000e+05
1.465670000000000073e+01 3.412000000000000000e+05
1.446080000000000076e+01 4.855000000000000000e+05
1.457150000000000034e+01 6.286000000000000000e+05
1.448639999999999972e+01 3.062000000000000000e+05
1.447789999999999999e+01 6.665000000000000000e+05
1.447789999999999999e+01 3.861000000000000000e+05
1.458859999999999957e+01 2.099000000000000000e+05
1.457150000000000034e+01 2.000000000000000000e+05
1.471630000000000038e+01 2.293000000000000000e+05
1.474189999999999934e+01 4.845000000000000000e+05
1.463109999999999999e+01 3.397000000000000000e+05
1.475040000000000084e+01 3.278000000000000000e+05
1.474189999999999934e+01 3.035000000000000000e+05
1.481000000000000050e+01 3.240000000000000000e+05
1.492070000000000007e+01 4.813000000000000000e+05
1.463969999999999949e+01 1.665500000000000000e+06
1.489520000000000088e+01 4.642000000000000000e+05
1.517619999999999969e+01 1.545200000000000000e+06
1.526140000000000008e+01 1.060400000000000000e+06
1.529540000000000077e+01 9.726000000000000000e+05
1.532949999999999946e+01 4.262000000000000000e+05
1.545720000000000027e+01 8.575000000000000000e+05
1.515920000000000023e+01 9.007000000000000000e+05
1.489520000000000088e+01 1.108100000000000000e+06
1.458859999999999957e+01 7.536000000000000000e+05
1.434159999999999968e+01 1.159200000000000000e+06
1.432460000000000022e+01 3.993000000000000000e+05
1.431600000000000072e+01 1.533060000000000000e+05
1.426490000000000080e+01 1.936510000000000000e+05
1.444379999999999953e+01 8.450000000000000000e+05
1.441820000000000057e+01 9.632000000000000000e+05
1.479299999999999926e+01 4.368000000000000000e+05
1.458000000000000007e+01 3.454000000000000000e+05
1.452890000000000015e+01 6.745000000000000000e+05
1.445229999999999926e+01 6.746000000000000000e+05
1.457150000000000034e+01 9.099000000000000000e+05
1.457150000000000034e+01 6.340000000000000000e+05
1.466520000000000046e+01 8.213000000000000000e+05
1.485260000000000069e+01 9.391000000000000000e+05
1.515920000000000023e+01 1.417100000000000000e+06
1.520170000000000066e+01 1.408200000000000000e+06
1.438419999999999987e+01 6.229000000000000000e+05
1.440970000000000084e+01 5.761000000000000000e+05
1.440119999999999933e+01 1.108100000000000000e+06
1.414569999999999972e+01 3.021000000000000000e+05
1.420529999999999937e+01 5.077000000000000000e+05
1.406049999999999933e+01 3.821000000000000000e+05
1.408610000000000007e+01 4.680000000000000000e+05
1.412020000000000053e+01 7.188000000000000000e+05
1.394979999999999976e+01 4.205000000000000000e+05
1.399239999999999995e+01 7.456000000000000000e+05
1.377100000000000080e+01 5.305000000000000000e+05
1.379649999999999999e+01 5.192000000000000000e+05
1.379649999999999999e+01 7.446000000000000000e+05
1.369430000000000014e+01 1.945800000000000000e+06
1.360069999999999979e+01 1.220800000000000000e+06
1.343030000000000079e+01 2.258200000000000000e+06
1.314930000000000021e+01 2.401400000000000000e+06
1.349000000000000021e+01 1.546200000000000000e+06
1.337920000000000087e+01 6.627000000000000000e+05
1.341329999999999956e+01 6.680000000000000000e+05
1.352399999999999913e+01 5.256000000000000000e+05
1.348140000000000072e+01 3.982000000000000000e+05
1.375399999999999956e+01 4.031000000000000000e+05
1.393280000000000030e+01 4.550000000000000000e+05
1.366029999999999944e+01 7.525000000000000000e+05
1.366879999999999917e+01 8.962000000000000000e+05
1.353250000000000064e+01 6.844000000000000000e+05
1.355809999999999960e+01 1.241800000000000000e+06
1.331109999999999971e+01 7.653000000000000000e+05
1.331109999999999971e+01 4.353000000000000000e+05
1.342179999999999929e+01 7.320000000000000000e+05
1.332809999999999917e+01 5.467000000000000000e+05
1.333670000000000044e+01 3.012000000000000000e+05
1.341329999999999956e+01 4.294000000000000000e+05
1.341329999999999956e+01 8.223000000000000000e+05
1.329410000000000025e+01 1.233800000000000000e+06
1.327699999999999925e+01 9.688000000000000000e+05
1.309820000000000029e+01 7.402000000000000000e+05
1.322589999999999932e+01 5.941000000000000000e+05
1.304710000000000036e+01 5.155000000000000000e+05
1.300450000000000017e+01 9.541000000000000000e+05
1.293640000000000079e+01 1.052900000000000000e+06
1.295340000000000025e+01 1.867500000000000000e+06
1.286829999999999963e+01 1.751200000000000000e+06
1.277459999999999951e+01 1.917300000000000000e+06
1.277459999999999951e+01 1.405900000000000000e+06
1.275750000000000028e+01 1.327300000000000000e+06
1.276609999999999978e+01 6.939000000000000000e+05
1.271499999999999986e+01 5.408000000000000000e+05
1.268939999999999912e+01 9.040000000000000000e+05
1.280010000000000048e+01 7.475000000000000000e+05
1.285120000000000040e+01 6.062000000000000000e+05
1.291939999999999955e+01 1.229000000000000000e+06
1.280860000000000021e+01 6.525000000000000000e+05
1.282569999999999943e+01 1.350100000000000000e+06
1.295340000000000025e+01 1.105200000000000000e+06
1.291080000000000005e+01 7.583000000000000000e+05
1.270640000000000036e+01 2.607500000000000000e+06
1.297049999999999947e+01 7.714000000000000000e+05
1.315779999999999994e+01 1.567500000000000000e+06
1.295340000000000025e+01 1.291900000000000000e+06
1.349849999999999994e+01 1.266200000000000000e+06
1.330259999999999998e+01 2.312200000000000000e+06
1.284270000000000067e+01 8.490000000000000000e+05
1.278309999999999924e+01 7.227000000000000000e+05
1.283419999999999916e+01 6.215000000000000000e+05
1.269790000000000063e+01 6.443000000000000000e+05
1.264680000000000071e+01 7.721000000000000000e+05
1.252759999999999962e+01 9.620000000000000000e+05
1.260420000000000051e+01 4.069400000000000000e+06
1.262979999999999947e+01 1.135000000000000000e+06
1.251060000000000016e+01 9.998000000000000000e+05
1.232319999999999993e+01 6.183000000000000000e+05
1.239129999999999932e+01 1.206900000000000000e+06
1.201660000000000039e+01 6.436000000000000000e+05
1.208469999999999978e+01 1.338300000000000000e+06
1.255310000000000059e+01 2.969600000000000000e+06
1.168449999999999989e+01 6.653000000000000000e+05
1.142900000000000027e+01 5.574000000000000000e+05
1.128420000000000023e+01 6.200000000000000000e+05
1.128420000000000023e+01 4.781000000000000000e+05
1.128420000000000023e+01 5.393000000000000000e+05
1.150559999999999938e+01 8.498000000000000000e+05
1.137790000000000035e+01 1.112100000000000000e+06
1.142900000000000027e+01 1.906900000000000000e+06
1.131830000000000069e+01 1.217800000000000000e+06
1.148859999999999992e+01 8.033000000000000000e+05
1.149709999999999965e+01 6.286000000000000000e+05
1.142050000000000054e+01 1.053000000000000000e+06
1.182929999999999993e+01 1.122900000000000000e+06
1.156520000000000081e+01 1.417200000000000000e+06
1.184629999999999939e+01 1.269800000000000000e+06
1.232319999999999993e+01 1.579000000000000000e+06
1.228059999999999974e+01 1.114700000000000000e+06
1.227210000000000001e+01 1.237500000000000000e+06
1.252759999999999962e+01 1.497800000000000000e+06
1.314080000000000048e+01 6.727000000000000000e+05
1.303009999999999913e+01 4.350000000000000000e+05
1.289380000000000059e+01 3.539000000000000000e+05
1.280010000000000048e+01 4.574000000000000000e+05
1.291080000000000005e+01 2.594000000000000000e+05
1.291080000000000005e+01 5.731000000000000000e+05
1.285970000000000013e+01 6.945000000000000000e+05
1.293640000000000079e+01 4.987000000000000000e+05
1.294490000000000052e+01 8.393000000000000000e+05
1.326849999999999952e+01 4.651000000000000000e+05
1.325999999999999979e+01 7.838000000000000000e+05
1.298750000000000071e+01 4.818000000000000000e+05
1.312369999999999948e+01 5.689000000000000000e+05
1.319190000000000040e+01 1.029000000000000000e+06
1.276609999999999978e+01 2.801000000000000000e+05
1.279160000000000075e+01 3.074000000000000000e+05
1.282569999999999943e+01 1.639100000000000000e+06
1.286829999999999963e+01 7.257000000000000000e+05
1.292789999999999928e+01 3.665000000000000000e+05
1.285120000000000040e+01 4.259000000000000000e+05
1.282569999999999943e+01 4.197000000000000000e+05
1.291939999999999955e+01 1.235700000000000000e+06
1.298750000000000071e+01 1.607400000000000000e+06
1.331109999999999971e+01 3.426000000000000000e+05
1.324300000000000033e+01 6.520000000000000000e+05
1.322589999999999932e+01 6.593000000000000000e+05
1.336219999999999963e+01 5.767000000000000000e+05
1.325999999999999979e+01 8.422000000000000000e+05
1.366879999999999917e+01 2.111000000000000000e+05
1.367730000000000068e+01 3.121000000000000000e+05
1.379649999999999999e+01 6.722000000000000000e+05
1.372840000000000060e+01 5.167000000000000000e+05
1.398390000000000022e+01 4.598000000000000000e+05
1.406910000000000061e+01 4.205000000000000000e+05
1.378800000000000026e+01 4.634000000000000000e+05
1.378800000000000026e+01 3.127000000000000000e+05
1.370289999999999964e+01 5.102000000000000000e+05
1.354100000000000037e+01 6.543000000000000000e+05
1.312369999999999948e+01 7.633000000000000000e+05
1.323450000000000060e+01 4.635000000000000000e+05
1.319190000000000040e+01 1.511600000000000000e+06
1.339630000000000010e+01 2.026200000000000000e+06
1.331109999999999971e+01 6.297000000000000000e+05
1.314930000000000021e+01 6.652000000000000000e+05
1.299600000000000044e+01 5.820000000000000000e+05
1.296189999999999998e+01 5.750000000000000000e+05
1.276609999999999978e+01 1.731400000000000000e+06
1.286829999999999963e+01 2.337300000000000000e+06
1.311519999999999975e+01 1.167500000000000000e+06
1.301299999999999990e+01 7.463000000000000000e+05
1.312369999999999948e+01 9.265000000000000000e+05
1.320889999999999986e+01 5.092000000000000000e+05
1.309820000000000029e+01 9.946000000000000000e+05
1.341329999999999956e+01 7.764000000000000000e+05
1.338780000000000037e+01 6.464000000000000000e+05
1.349849999999999994e+01 1.631100000000000000e+06
1.358360000000000056e+01 8.897000000000000000e+05
1.359210000000000029e+01 7.357000000000000000e+05
1.371990000000000087e+01 3.201000000000000000e+05
1.370289999999999964e+01 6.444000000000000000e+05
1.389020000000000010e+01 5.205000000000000000e+05
1.387320000000000064e+01 5.930000000000000000e+05
1.375399999999999956e+01 3.264000000000000000e+05
1.376249999999999929e+01 8.297000000000000000e+05
1.362620000000000076e+01 1.126900000000000000e+06
1.388170000000000037e+01 5.432000000000000000e+05
1.393280000000000030e+01 2.727100000000000000e+06
1.361769999999999925e+01 8.354000000000000000e+05
1.345589999999999975e+01 4.793000000000000000e+05
1.338860000000000028e+01 1.009400000000000000e+06
1.345589999999999975e+01 1.069900000000000000e+06
1.345589999999999975e+01 6.049000000000000000e+05
1.347269999999999968e+01 1.609800000000000000e+06
1.350629999999999953e+01 9.638000000000000000e+05
1.348109999999999964e+01 1.016500000000000000e+06
1.363250000000000028e+01 4.901000000000000000e+06
1.343909999999999982e+01 8.647000000000000000e+05
1.313630000000000031e+01 1.442420000000000000e+05
1.304379999999999917e+01 1.022280000000000000e+05
1.315310000000000024e+01 2.822600000000000000e+06
1.322879999999999967e+01 1.582200000000000000e+06
1.332970000000000077e+01 9.686000000000000000e+05
1.323719999999999963e+01 2.296600000000000000e+06
1.308580000000000076e+01 2.002900000000000000e+06
1.315310000000000024e+01 4.292800000000000000e+06
1.366610000000000014e+01 1.171500000000000000e+06
1.334660000000000046e+01 1.190900000000000000e+06
1.295969999999999978e+01 6.916000000000000000e+05
1.297649999999999970e+01 6.695000000000000000e+05
1.298489999999999966e+01 9.073000000000000000e+05
1.308580000000000076e+01 4.916000000000000000e+05
1.328769999999999918e+01 2.860000000000000000e+05
1.346429999999999971e+01 1.042900000000000000e+06
1.363250000000000028e+01 2.284000000000000000e+05
1.357360000000000078e+01 2.683000000000000000e+05
1.370819999999999972e+01 4.220000000000000000e+05
1.346429999999999971e+01 5.711000000000000000e+05
1.314470000000000027e+01 6.513000000000000000e+05
1.338020000000000032e+01 5.182000000000000000e+05
1.390160000000000018e+01 1.542000000000000000e+05
1.394369999999999976e+01 2.281000000000000000e+05
1.411190000000000033e+01 2.535000000000000000e+05
1.416230000000000011e+01 2.377000000000000000e+05
1.428850000000000087e+01 2.264000000000000000e+05
1.428850000000000087e+01 1.098000000000000000e+05
1.420439999999999969e+01 2.388000000000000000e+05
1.428850000000000087e+01 6.110000000000000000e+05
1.409500000000000064e+01 7.425000000000000000e+05
1.395209999999999972e+01 5.082000000000000000e+05
1.426319999999999943e+01 2.762000000000000000e+05
1.424639999999999951e+01 3.813000000000000000e+05
1.413710000000000022e+01 1.275600000000000000e+06
1.453240000000000087e+01 8.010000000000000000e+05
1.472579999999999956e+01 1.702000000000000000e+06
1.470059999999999967e+01 1.976900000000000000e+06
1.451549999999999940e+01 3.441000000000000000e+05
1.452389999999999937e+01 5.771000000000000000e+05
1.445669999999999966e+01 2.911000000000000000e+05
1.440620000000000012e+01 5.310000000000000000e+05
1.448189999999999955e+01 4.008000000000000000e+05
1.438940000000000019e+01 3.118000000000000000e+05
1.459120000000000061e+01 7.438000000000000000e+05
1.440620000000000012e+01 3.736000000000000000e+05
1.434730000000000061e+01 1.619500000000000000e+06
1.425479999999999947e+01 4.620000000000000000e+05
1.436420000000000030e+01 5.995000000000000000e+05
1.442300000000000004e+01 6.827000000000000000e+05
1.454920000000000080e+01 9.957000000000000000e+05
1.456600000000000072e+01 5.076000000000000000e+05
1.444829999999999970e+01 2.429000000000000000e+05
1.471739999999999959e+01 1.258600000000000000e+06
1.467530000000000001e+01 9.902000000000000000e+05
1.462490000000000023e+01 5.243000000000000000e+05
1.461650000000000027e+01 5.213000000000000000e+05
1.452389999999999937e+01 8.559000000000000000e+05
1.451549999999999940e+01 5.734000000000000000e+05
1.450709999999999944e+01 3.320000000000000000e+05
1.451549999999999940e+01 6.653000000000000000e+05
1.444829999999999970e+01 1.188800000000000000e+06
1.444829999999999970e+01 1.904600000000000000e+06
1.449869999999999948e+01 1.773800000000000000e+06
1.431370000000000076e+01 3.420800000000000000e+06
1.408660000000000068e+01 1.074800000000000000e+06
1.396889999999999965e+01 1.206100000000000000e+06
1.428850000000000087e+01 2.542800000000000000e+06
1.408660000000000068e+01 2.785200000000000000e+06
1.445669999999999966e+01 7.128600000000000000e+06
1.454920000000000080e+01 6.717200000000000000e+06
1.462490000000000023e+01 5.489500000000000000e+06
1.473419999999999952e+01 9.049500000000000000e+06
1.459960000000000058e+01 4.626310000000000000e+07
