0.000000000000000000e+00 0.000000000000000000e+00
3.051999999999999957e+01 1.620639900000000000e+07
3.117000000000000171e+01 1.467528200000000000e+07
3.108999999999999986e+01 1.449406600000000000e+07
3.076999999999999957e+01 1.693859500000000000e+07
3.107999999999999829e+01 9.551137000000000000e+06
3.094000000000000128e+01 1.762177000000000000e+07
3.171999999999999886e+01 1.342621600000000000e+07
3.198999999999999844e+01 1.597805100000000000e+07
3.103000000000000114e+01 1.247065400000000000e+07
3.096999999999999886e+01 1.401546200000000000e+07
3.080000000000000071e+01 1.737125600000000000e+07
3.010000000000000142e+01 1.550853600000000000e+07
3.076000000000000156e+01 1.421792500000000000e+07
3.023999999999999844e+01 1.464226500000000000e+07
3.148000000000000043e+01 1.856711400000000000e+07
3.098999999999999844e+01 1.989862900000000000e+07
3.167999999999999972e+01 2.319680900000000000e+07
3.214000000000000057e+01 2.390508700000000000e+07
3.361999999999999744e+01 2.002061700000000000e+07
3.489000000000000057e+01 1.481900900000000000e+07
3.467000000000000171e+01 2.547313200000000000e+07
3.715990000000000038e+01 1.377637700000000000e+07
3.829540000000000077e+01 1.429466100000000000e+07
3.780729999999999791e+01 1.356315000000000000e+07
3.784720000000000084e+01 7.754690000000000000e+06
3.744879999999999853e+01 1.001994200000000000e+07
3.813600000000000279e+01 7.222247000000000000e+06
3.812599999999999767e+01 1.030560300000000000e+07
3.816590000000000060e+01 6.629905000000000000e+06
3.884309999999999974e+01 7.169621000000000000e+06
3.904229999999999734e+01 8.320149000000000000e+06
3.899249999999999972e+01 9.660494000000000000e+06
3.874360000000000070e+01 7.413039000000000000e+06
3.931130000000000280e+01 1.329727100000000000e+07
3.873360000000000269e+01 1.192515400000000000e+07
3.834519999999999840e+01 1.071223000000000000e+07
3.806629999999999825e+01 1.399317200000000000e+07
3.798660000000000281e+01 1.185431600000000000e+07
3.774759999999999849e+01 1.765307900000000000e+07
3.762810000000000343e+01 2.197812800000000000e+07
3.719980000000000331e+01 2.802163600000000000e+07
3.634320000000000306e+01 2.256527200000000000e+07
3.645000000000000284e+01 3.194757000000000000e+07
3.570649999999999835e+01 1.980540800000000000e+07
3.531130000000000280e+01 1.013321800000000000e+07
3.527120000000000033e+01 1.101365500000000000e+07
3.561939999999999884e+01 1.385905800000000000e+07
3.567969999999999686e+01 1.595088200000000000e+07
3.611509999999999820e+01 1.346264000000000000e+07
3.745470000000000255e+01 1.650369900000000000e+07
3.684519999999999840e+01 1.356277700000000000e+07
3.689200000000000301e+01 1.977039900000000000e+07
3.697910000000000252e+01 1.020299500000000000e+07
3.702600000000000335e+01 1.716347000000000000e+07
3.685860000000000269e+01 8.184567000000000000e+06
3.744129999999999825e+01 1.012727800000000000e+07
3.722019999999999840e+01 1.223508100000000000e+07
3.722690000000000055e+01 1.185453700000000000e+07
3.662409999999999854e+01 1.060413900000000000e+07
3.651700000000000301e+01 1.225031000000000000e+07
3.648349999999999937e+01 9.439964000000000000e+06
3.595430000000000348e+01 7.044037000000000000e+06
3.633610000000000184e+01 9.814201000000000000e+06
3.572659999999999769e+01 1.137599200000000000e+07
3.565290000000000248e+01 1.350638100000000000e+07
3.665090000000000003e+01 1.092639500000000000e+07
3.716980000000000217e+01 7.543985000000000000e+06
3.730279999999999774e+01 1.102871000000000000e+07
3.656450000000000244e+01 8.961231000000000000e+06
3.675739999999999696e+01 1.100358900000000000e+07
3.740919999999999845e+01 1.169004400000000000e+07
3.631170000000000186e+01 1.014662100000000000e+07
3.607889999999999731e+01 1.343812700000000000e+07
3.502790000000000248e+01 7.923412000000000000e+06
3.534720000000000084e+01 9.403541000000000000e+06
3.549349999999999739e+01 1.194245600000000000e+07
3.458890000000000242e+01 1.165140800000000000e+07
3.439600000000000080e+01 1.041598000000000000e+07
3.470859999999999701e+01 1.287467200000000000e+07
3.539379999999999882e+01 1.150824900000000000e+07
3.609219999999999828e+01 1.427285600000000000e+07
3.534049999999999869e+01 1.613652600000000000e+07
3.556669999999999732e+01 2.103367300000000000e+07
3.579290000000000305e+01 3.475472900000000000e+07
3.943130000000000024e+01 1.631042300000000000e+07
3.892580000000000240e+01 8.548566000000000000e+06
3.866640000000000299e+01 1.663287300000000000e+07
3.842029999999999745e+01 7.719002000000000000e+06
3.746909999999999741e+01 9.056107000000000000e+06
3.753560000000000230e+01 9.649286000000000000e+06
3.740919999999999845e+01 1.178761800000000000e+07
3.861979999999999791e+01 1.206158000000000000e+07
3.794140000000000157e+01 1.066855100000000000e+07
3.685049999999999670e+01 7.827782000000000000e+06
3.659109999999999729e+01 6.263312000000000000e+06
3.683720000000000283e+01 8.960614000000000000e+06
3.677069999999999794e+01 7.160430000000000000e+06
3.703670000000000329e+01 1.031103800000000000e+07
3.699680000000000035e+01 7.473213000000000000e+06
3.684380000000000166e+01 1.013474900000000000e+07
3.642479999999999762e+01 1.099390100000000000e+07
3.640480000000000160e+01 1.387074100000000000e+07
3.492810000000000059e+01 1.191232300000000000e+07
3.626509999999999678e+01 1.176080400000000000e+07
3.557330000000000325e+01 1.092119700000000000e+07
3.526740000000000208e+01 1.064871400000000000e+07
3.547359999999999758e+01 1.243920500000000000e+07
3.474190000000000111e+01 1.349025600000000000e+07
3.265319999999999823e+01 8.354914000000000000e+06
3.365100000000000335e+01 2.434871500000000000e+07
3.395029999999999859e+01 2.100242900000000000e+07
3.469530000000000314e+01 1.913724900000000000e+07
3.478179999999999694e+01 1.597512200000000000e+07
3.437599999999999767e+01 1.526175800000000000e+07
3.510770000000000124e+01 1.184240200000000000e+07
3.577289999999999992e+01 1.036711500000000000e+07
3.615200000000000102e+01 1.566663600000000000e+07
3.542699999999999960e+01 1.207526900000000000e+07
3.578620000000000090e+01 1.510846000000000000e+07
3.575289999999999679e+01 1.749678600000000000e+07
3.719639999999999702e+01 1.481952700000000000e+07
3.757549999999999812e+01 1.187083300000000000e+07
3.935150000000000148e+01 1.301874300000000000e+07
3.848010000000000019e+01 1.368864700000000000e+07
3.807439999999999714e+01 9.839152000000000000e+06
3.781009999999999849e+01 1.486270500000000000e+07
3.778359999999999985e+01 7.230229000000000000e+06
3.810079999999999956e+01 1.006648000000000000e+07
3.728810000000000002e+01 3.893586000000000000e+06
3.764489999999999981e+01 9.070154000000000000e+06
3.724839999999999662e+01 1.446824200000000000e+07
3.819330000000000069e+01 8.774701000000000000e+06
3.911180000000000234e+01 1.128013900000000000e+07
3.880789999999999651e+01 1.296692600000000000e+07
3.831230000000000047e+01 9.854087000000000000e+06
3.797529999999999717e+01 9.132874000000000000e+06
3.812729999999999819e+01 9.631182000000000000e+06
3.877479999999999905e+01 1.166321100000000000e+07
3.927700000000000102e+01 1.230235200000000000e+07
3.953470000000000084e+01 1.212402700000000000e+07
3.833870000000000289e+01 7.445643000000000000e+06
3.808100000000000307e+01 8.989274000000000000e+06
3.814710000000000178e+01 1.498860000000000000e+07
3.850390000000000157e+01 2.333383900000000000e+07
3.562950000000000017e+01 1.601336300000000000e+07
3.477709999999999724e+01 1.534457000000000000e+07
3.440699999999999648e+01 1.317909500000000000e+07
3.436079999999999757e+01 2.239255500000000000e+07
3.496869999999999834e+01 1.289727800000000000e+07
3.481009999999999849e+01 1.948758400000000000e+07
3.613170000000000215e+01 1.812907900000000000e+07
3.705019999999999669e+01 1.329310700000000000e+07
3.798850000000000193e+01 1.403640500000000000e+07
3.870870000000000033e+01 8.812733000000000000e+06
3.936290000000000333e+01 7.803981000000000000e+06
3.981889999999999930e+01 8.542451000000000000e+06
3.894659999999999656e+01 6.355398000000000000e+06
3.942240000000000322e+01 1.129667300000000000e+07
3.897310000000000230e+01 1.496934800000000000e+07
3.919769999999999754e+01 1.910179100000000000e+07
4.020210000000000150e+01 1.509627300000000000e+07
4.173510000000000275e+01 9.841878000000000000e+06
4.175500000000000256e+01 7.675999000000000000e+06
4.229679999999999751e+01 8.872995000000000000e+06
4.254789999999999850e+01 1.117420400000000000e+07
4.283200000000000074e+01 6.973907000000000000e+06
4.283200000000000074e+01 1.167626200000000000e+07
4.249499999999999744e+01 1.294481700000000000e+07
4.316899999999999693e+01 1.527810900000000000e+07
4.419989999999999952e+01 1.300023600000000000e+07
4.490030000000000143e+01 6.099851000000000000e+06
4.506550000000000011e+01 6.725265000000000000e+06
4.605010000000000048e+01 1.330171100000000000e+07
4.627470000000000283e+01 8.720207000000000000e+06
4.541570000000000107e+01 1.047453800000000000e+07
4.495320000000000249e+01 8.336134000000000000e+06
4.547520000000000095e+01 6.869242000000000000e+06
4.531660000000000110e+01 7.438817000000000000e+06
4.554129999999999967e+01 7.118238000000000000e+06
4.575269999999999726e+01 7.846599000000000000e+06
4.630780000000000030e+01 7.651033000000000000e+06
4.629449999999999932e+01 8.517642000000000000e+06
4.625489999999999924e+01 7.566210000000000000e+06
4.630780000000000030e+01 6.048046000000000000e+06
4.628790000000000049e+01 7.314398000000000000e+06
4.606989999999999696e+01 1.003247500000000000e+07
4.634080000000000155e+01 8.130764000000000000e+06
4.638709999999999667e+01 8.632163000000000000e+06
4.695230000000000103e+01 8.689986000000000000e+06
4.649219999999999686e+01 5.943159000000000000e+06
4.653820000000000334e+01 1.042116200000000000e+07
4.548669999999999902e+01 6.207754000000000000e+06
4.476370000000000005e+01 5.522717000000000000e+06
4.519089999999999918e+01 4.541197000000000000e+06
4.523689999999999856e+01 8.258507000000000000e+06
4.500690000000000168e+01 7.295553000000000000e+06
4.455340000000000344e+01 6.483157000000000000e+06
4.408679999999999666e+01 7.201517000000000000e+06
4.367929999999999779e+01 8.185403000000000000e+06
4.440220000000000056e+01 7.018137000000000000e+06
4.376469999999999771e+01 6.517998000000000000e+06
4.452049999999999841e+01 7.069242000000000000e+06
4.536180000000000234e+01 8.104275000000000000e+06
4.446800000000000352e+01 6.385827000000000000e+06
4.478340000000000032e+01 8.063089000000000000e+06
4.453370000000000317e+01 5.714558000000000000e+06
4.391590000000000060e+01 7.558295000000000000e+06
4.366610000000000014e+01 1.117493600000000000e+07
4.466510000000000247e+01 6.116996000000000000e+06
4.519749999999999801e+01 7.437854000000000000e+06
4.472429999999999950e+01 6.611197000000000000e+06
4.493460000000000321e+01 7.393399000000000000e+06
4.485569999999999879e+01 9.703622000000000000e+06
4.438250000000000028e+01 5.573255000000000000e+06
4.398160000000000025e+01 6.561640000000000000e+06
4.317980000000000018e+01 6.255559000000000000e+06
4.325869999999999749e+01 6.248402000000000000e+06
4.346900000000000119e+01 7.114186000000000000e+06
4.376469999999999771e+01 5.160011000000000000e+06
4.407359999999999900e+01 6.170086000000000000e+06
4.319290000000000163e+01 5.760123000000000000e+06
4.361359999999999815e+01 4.059710000000000000e+06
4.354129999999999967e+01 4.751456000000000000e+06
4.357410000000000139e+01 6.909204000000000000e+06
4.456649999999999778e+01 8.053856000000000000e+06
4.386990000000000123e+01 5.906078000000000000e+06
4.333100000000000307e+01 6.140762000000000000e+06
4.342300000000000182e+01 5.908703000000000000e+06
4.281830000000000069e+01 3.583857000000000000e+06
4.322579999999999956e+01 6.377874000000000000e+06
4.332439999999999714e+01 6.663630000000000000e+06
4.347549999999999670e+01 6.815706000000000000e+06
4.312060000000000315e+01 7.872445000000000000e+06
4.358070000000000022e+01 5.796598000000000000e+06
4.336379999999999768e+01 8.655304000000000000e+06
4.403419999999999845e+01 1.821718300000000000e+07
4.290379999999999683e+01 6.176499000000000000e+06
4.330469999999999686e+01 7.191427000000000000e+06
4.361359999999999815e+01 1.074133300000000000e+07
4.455340000000000344e+01 6.563654000000000000e+06
4.452709999999999724e+01 1.729955200000000000e+07
4.494120000000000203e+01 7.463077000000000000e+06
4.506600000000000250e+01 9.395538000000000000e+06
4.586129999999999995e+01 7.522997000000000000e+06
4.567069999999999652e+01 6.776904000000000000e+06
4.567069999999999652e+01 6.227713000000000000e+06
4.562469999999999715e+01 9.312759000000000000e+06
4.603220000000000312e+01 1.391938800000000000e+07
4.461910000000000309e+01 1.034819700000000000e+07
4.411959999999999837e+01 9.338432000000000000e+06
4.348870000000000147e+01 8.903138000000000000e+06
4.213479999999999848e+01 1.193212600000000000e+07
4.258169999999999789e+01 7.184596000000000000e+06
4.177799999999999869e+01 9.894903000000000000e+06
4.293449999999999989e+01 7.132517000000000000e+06
4.337230000000000274e+01 5.254746000000000000e+06
4.380360000000000298e+01 7.170855000000000000e+06
4.408449999999999847e+01 6.128861000000000000e+06
4.484250000000000114e+01 8.146298000000000000e+06
4.414990000000000236e+01 6.011909000000000000e+06
4.453540000000000276e+01 8.120467000000000000e+06
4.445040000000000191e+01 6.053441000000000000e+06
4.387539999999999907e+01 5.971048000000000000e+06
4.412369999999999948e+01 6.628273000000000000e+06
4.373169999999999646e+01 6.451183000000000000e+06
4.374479999999999791e+01 7.500630000000000000e+06
4.314359999999999928e+01 1.031228400000000000e+07
4.196750000000000114e+01 6.000101000000000000e+06
4.241839999999999833e+01 6.706217000000000000e+06
4.212429999999999808e+01 7.921261000000000000e+06
4.147090000000000032e+01 1.547344400000000000e+07
4.148400000000000176e+01 8.669545000000000000e+06
4.120309999999999917e+01 7.165070000000000000e+06
4.132070000000000221e+01 7.369825000000000000e+06
4.202629999999999910e+01 6.992843000000000000e+06
4.184340000000000259e+01 1.340949500000000000e+07
4.158200000000000074e+01 7.865687000000000000e+06
4.128150000000000119e+01 1.243874600000000000e+07
4.286269999999999669e+01 5.293914000000000000e+06
4.315019999999999811e+01 8.723797000000000000e+06
4.347030000000000172e+01 1.014421500000000000e+07
4.446999999999999886e+01 6.650957000000000000e+06
4.413680000000000092e+01 1.095028200000000000e+07
4.378399999999999892e+01 5.507469000000000000e+06
4.323510000000000275e+01 6.083581000000000000e+06
4.343110000000000070e+01 8.044492000000000000e+06
4.229419999999999646e+01 6.872275000000000000e+06
4.305219999999999914e+01 9.250465000000000000e+06
4.161469999999999914e+01 1.264009200000000000e+07
4.162780000000000058e+01 1.132501400000000000e+07
4.275809999999999889e+01 1.035854300000000000e+07
4.161469999999999914e+01 1.064585200000000000e+07
4.137290000000000134e+01 1.179786500000000000e+07
4.053659999999999997e+01 1.169844900000000000e+07
4.162780000000000058e+01 1.203447000000000000e+07
4.077830000000000155e+01 1.107875800000000000e+07
4.158200000000000074e+01 9.204879000000000000e+06
4.213089999999999691e+01 1.026446200000000000e+07
4.120309999999999917e+01 1.312780500000000000e+07
4.287570000000000192e+01 8.773642000000000000e+06
4.405839999999999890e+01 8.096699000000000000e+06
4.337890000000000157e+01 1.028379700000000000e+07
4.348989999999999867e+01 1.166079700000000000e+07
4.440469999999999828e+01 1.677990200000000000e+07
4.435240000000000293e+01 7.371279000000000000e+06
4.507770000000000010e+01 8.288064000000000000e+06
4.610999999999999943e+01 1.145589400000000000e+07
4.661319999999999908e+01 6.897693000000000000e+06
4.719469999999999743e+01 5.244420000000000000e+06
4.611659999999999826e+01 5.133756000000000000e+06
4.584870000000000090e+01 7.748132000000000000e+06
4.625379999999999825e+01 6.677548000000000000e+06
4.551550000000000296e+01 9.278886000000000000e+06
4.471179999999999666e+01 9.488512000000000000e+06
4.492739999999999867e+01 1.096301500000000000e+07
4.593359999999999843e+01 8.067027000000000000e+06
4.727960000000000207e+01 6.616264000000000000e+06
4.813759999999999906e+01 6.621469000000000000e+06
4.761760000000000304e+01 5.924127000000000000e+06
4.675310000000000343e+01 6.506450000000000000e+06
4.612270000000000181e+01 6.787844000000000000e+06
4.655160000000000053e+01 6.673015000000000000e+06
4.676610000000000156e+01 6.925027000000000000e+06
4.670109999999999673e+01 6.394232000000000000e+06
4.636310000000000286e+01 7.461744000000000000e+06
4.598619999999999663e+01 6.536275000000000000e+06
4.669460000000000122e+01 1.021287700000000000e+07
4.516069999999999851e+01 1.308850700000000000e+07
4.433520000000000039e+01 1.242681200000000000e+07
4.588870000000000005e+01 1.114207600000000000e+07
4.672710000000000008e+01 2.308710800000000000e+07
4.409470000000000312e+01 1.834068500000000000e+07
4.607719999999999771e+01 1.270543800000000000e+07
4.777360000000000184e+01 1.324735200000000000e+07
4.912559999999999860e+01 1.004691500000000000e+07
4.883310000000000173e+01 7.448651000000000000e+06
4.931410000000000338e+01 5.652076000000000000e+06
5.006150000000000233e+01 5.963096000000000000e+06
4.982099999999999795e+01 6.424666000000000000e+06
4.940509999999999735e+01 9.178822000000000000e+06
4.948960000000000292e+01 5.568764000000000000e+06
4.951559999999999917e+01 6.064341000000000000e+06
4.940509999999999735e+01 8.157916000000000000e+06
4.941810000000000258e+01 9.902301000000000000e+06
4.924909999999999854e+01 7.685511000000000000e+06
4.871609999999999729e+01 6.478582000000000000e+06
4.901509999999999678e+01 4.809786000000000000e+06
4.889159999999999684e+01 5.935423000000000000e+06
4.822860000000000014e+01 7.126620000000000000e+06
4.896959999999999980e+01 7.549584000000000000e+06
4.885260000000000247e+01 5.808534000000000000e+06
4.902159999999999940e+01 8.874760000000000000e+06
4.839110000000000156e+01 9.431983000000000000e+06
4.748109999999999786e+01 7.884048000000000000e+06
4.673360000000000269e+01 7.407279000000000000e+06
4.629160000000000252e+01 4.708711000000000000e+06
4.648010000000000019e+01 4.269915000000000000e+06
4.643460000000000321e+01 4.097522000000000000e+06
4.643460000000000321e+01 3.093544000000000000e+06
4.687010000000000076e+01 4.370788000000000000e+06
4.656459999999999866e+01 7.166441000000000000e+06
4.632410000000000139e+01 5.817729000000000000e+06
4.642159999999999798e+01 5.109184000000000000e+06
4.640209999999999724e+01 6.718420000000000000e+06
4.549869999999999948e+01 1.478374700000000000e+07
4.570669999999999789e+01 7.042053000000000000e+06
4.586269999999999669e+01 9.666650000000000000e+06
4.601219999999999999e+01 9.228604000000000000e+06
4.602519999999999811e+01 6.603957000000000000e+06
4.597319999999999851e+01 8.511037000000000000e+06
4.638909999999999911e+01 6.160392000000000000e+06
4.620069999999999766e+01 5.717782000000000000e+06
4.649960000000000093e+01 8.641962000000000000e+06
4.688309999999999889e+01 8.552310000000000000e+06
4.615520000000000067e+01 7.635467000000000000e+06
4.677259999999999707e+01 8.947524000000000000e+06
4.665559999999999974e+01 6.437722000000000000e+06
4.620720000000000027e+01 8.231453000000000000e+06
4.558319999999999794e+01 6.720193000000000000e+06
4.625269999999999726e+01 2.636225000000000000e+06
4.588870000000000005e+01 6.352993000000000000e+06
4.631759999999999877e+01 8.085686000000000000e+06
4.605120000000000147e+01 5.521435000000000000e+06
4.597970000000000113e+01 8.734674000000000000e+06
4.594069999999999965e+01 9.589996000000000000e+06
4.482920000000000016e+01 1.354622700000000000e+07
4.456920000000000215e+01 8.126127000000000000e+06
4.554529999999999745e+01 6.105426000000000000e+06
4.522849999999999682e+01 7.118712000000000000e+06
4.539659999999999940e+01 4.528620000000000000e+06
4.577150000000000318e+01 6.091437000000000000e+06
4.598479999999999990e+01 6.654903000000000000e+06
4.540310000000000201e+01 8.919535000000000000e+06
4.599770000000000181e+01 8.505147000000000000e+06
4.656660000000000110e+01 1.023982200000000000e+07
4.739399999999999835e+01 7.785670000000000000e+06
4.674110000000000298e+01 5.925916000000000000e+06
4.633389999999999986e+01 5.736786000000000000e+06
4.688980000000000103e+01 8.373245000000000000e+06
4.721940000000000026e+01 1.668041600000000000e+07
4.597189999999999799e+01 6.556254000000000000e+06
4.645020000000000238e+01 1.022191400000000000e+07
4.624980000000000047e+01 1.108973400000000000e+07
4.601069999999999993e+01 7.323008000000000000e+06
4.582319999999999993e+01 5.846213000000000000e+06
4.575209999999999866e+01 4.755211000000000000e+06
4.581669999999999732e+01 5.580414000000000000e+06
4.584909999999999997e+01 4.264175000000000000e+06
4.617229999999999990e+01 5.135077000000000000e+06
4.615290000000000248e+01 4.464653000000000000e+06
4.629509999999999792e+01 4.969383000000000000e+06
4.626279999999999859e+01 4.828995000000000000e+06
4.633389999999999986e+01 5.278815000000000000e+06
4.603649999999999665e+01 3.916285000000000000e+06
4.587489999999999668e+01 5.478167000000000000e+06
4.553880000000000194e+01 5.999176000000000000e+06
4.548060000000000258e+01 6.609275000000000000e+06
4.551939999999999742e+01 5.973290000000000000e+06
4.475019999999999953e+01 5.635752000000000000e+06
4.464030000000000342e+01 7.868752000000000000e+06
4.447220000000000084e+01 6.594167000000000000e+06
4.482780000000000342e+01 5.231424000000000000e+06
4.546770000000000067e+01 6.366314000000000000e+06
4.522209999999999752e+01 4.013074000000000000e+06
4.545479999999999876e+01 4.450108000000000000e+06
4.551290000000000191e+01 6.639388000000000000e+06
4.528020000000000067e+01 6.676368000000000000e+06
4.509920000000000329e+01 7.193103000000000000e+06
4.515740000000000265e+01 3.238214800000000000e+07
4.526080000000000325e+01 1.126296200000000000e+07
4.492470000000000141e+01 8.734377000000000000e+06
4.429120000000000346e+01 1.441905900000000000e+07
4.321179999999999666e+01 1.156703300000000000e+07
4.191899999999999693e+01 8.099999000000000000e+06
4.180910000000000082e+01 6.321024000000000000e+06
4.193189999999999884e+01 9.965743000000000000e+06
4.200300000000000011e+01 1.083269200000000000e+07
4.342510000000000048e+01 7.204419000000000000e+06
4.171860000000000213e+01 2.676500000000000000e+06
4.098819999999999908e+01 3.168900000000000000e+06
4.144060000000000343e+01 4.015500000000000000e+06
4.100110000000000099e+01 6.185100000000000000e+06
