1.216999999999999993e+01 3.709257000000000000e+06
1.196000000000000085e+01 5.223536000000000000e+06
1.305000000000000071e+01 7.202974000000000000e+06
1.443999999999999950e+01 6.187262000000000000e+06
1.424000000000000021e+01 5.387952000000000000e+06
1.531000000000000050e+01 1.085692100000000000e+07
1.450000000000000000e+01 8.538318000000000000e+06
1.499000000000000021e+01 8.131903000000000000e+06
1.069020000000000081e+01 6.339277000000000000e+06
1.150880000000000081e+01 9.472225000000000000e+06
1.229770000000000074e+01 7.686763000000000000e+06
9.181400000000000006e+00 9.118554000000000000e+06
9.861800000000000566e+00 7.713582000000000000e+06
1.070010000000000083e+01 7.753802000000000000e+06
1.493079999999999963e+01 7.361189000000000000e+06
1.324450000000000038e+01 7.277764000000000000e+06
1.620299999999999940e+01 1.484136700000000000e+07
1.620299999999999940e+01 8.051343000000000000e+06
1.542389999999999972e+01 4.734330000000000000e+06
1.876709999999999923e+01 8.283967000000000000e+06
1.967439999999999856e+01 4.653121000000000000e+06
2.202149999999999963e+01 5.353928000000000000e+06
2.191300000000000026e+01 4.250059000000000000e+06
2.340220000000000056e+01 5.228008000000000000e+06
2.377690000000000126e+01 7.286691000000000000e+06
2.358950000000000102e+01 6.267740000000000000e+06
2.495050000000000168e+01 4.939155000000000000e+06
2.581830000000000069e+01 4.431325000000000000e+06
2.776109999999999900e+01 2.677101000000000000e+06
2.884590000000000032e+01 4.068088000000000000e+06
2.998000000000000043e+01 2.845353000000000000e+06
2.938830000000000098e+01 2.909002000000000000e+06
2.936860000000000070e+01 3.393421000000000000e+06
3.039420000000000144e+01 1.076337400000000000e+07
3.021669999999999945e+01 6.754586000000000000e+06
3.136070000000000135e+01 3.994978000000000000e+06
3.144940000000000069e+01 4.034225000000000000e+06
3.116339999999999932e+01 4.638381000000000000e+06
3.224819999999999709e+01 6.948737000000000000e+06
3.415160000000000196e+01 5.548360000000000000e+06
3.402340000000000231e+01 2.558079000000000000e+06
3.260329999999999728e+01 2.809447000000000000e+06
3.172550000000000026e+01 2.690534000000000000e+06
3.143959999999999866e+01 2.946114000000000000e+06
3.203130000000000166e+01 4.353379000000000000e+06
3.264269999999999783e+01 2.261181000000000000e+06
3.351050000000000040e+01 1.823827000000000000e+06
3.307659999999999911e+01 1.803317000000000000e+06
3.400359999999999872e+01 1.792450000000000000e+06
3.506869999999999976e+01 1.890134000000000000e+06
3.484190000000000254e+01 6.527568000000000000e+06
3.449669999999999703e+01 7.697355000000000000e+06
3.510819999999999652e+01 2.310928000000000000e+06
3.485179999999999723e+01 1.911272000000000000e+06
3.416140000000000043e+01 2.327461000000000000e+06
3.452629999999999910e+01 3.577913000000000000e+06
3.505879999999999797e+01 3.813657000000000000e+06
3.524620000000000175e+01 2.707641000000000000e+06
3.571959999999999980e+01 3.130925000000000000e+06
3.595629999999999882e+01 3.219709000000000000e+06
3.535470000000000113e+01 3.034085000000000000e+06
3.484190000000000254e+01 4.209851000000000000e+06
3.474329999999999785e+01 4.045815000000000000e+06
3.625209999999999866e+01 2.930653000000000000e+06
3.707070000000000221e+01 2.351395000000000000e+06
3.607459999999999667e+01 3.231472000000000000e+06
3.614370000000000260e+01 2.189130000000000000e+06
3.668610000000000326e+01 1.244284000000000000e+06
3.689320000000000022e+01 8.119660000000000000e+05
3.700160000000000338e+01 2.338813000000000000e+06
3.706080000000000041e+01 5.277362000000000000e+06
3.723830000000000240e+01 2.334173000000000000e+06
3.711999999999999744e+01 3.531458000000000000e+06
3.640990000000000038e+01 2.864159000000000000e+06
3.650849999999999795e+01 6.363981000000000000e+06
3.700160000000000338e+01 3.044700000000000000e+06
3.688329999999999842e+01 3.963545000000000000e+06
3.557169999999999987e+01 2.931635000000000000e+06
3.536460000000000292e+01 3.563819000000000000e+06
3.585770000000000124e+01 6.006250000000000000e+06
3.684380000000000166e+01 5.461609000000000000e+06
3.579849999999999710e+01 4.793802000000000000e+06
3.586749999999999972e+01 3.008503000000000000e+06
3.639020000000000010e+01 5.039887000000000000e+06
3.556649999999999778e+01 2.748742000000000000e+06
3.660589999999999833e+01 1.305822000000000000e+06
3.622350000000000136e+01 2.603566000000000000e+06
3.589009999999999678e+01 8.821409000000000000e+06
3.624309999999999832e+01 3.717354000000000000e+06
3.514479999999999649e+01 1.969636000000000000e+06
3.491929999999999978e+01 3.122248000000000000e+06
3.519389999999999930e+01 5.027199000000000000e+06
3.626270000000000238e+01 3.112723000000000000e+06
3.633140000000000214e+01 4.757459000000000000e+06
3.650789999999999935e+01 6.646080000000000000e+06
3.513499999999999801e+01 6.528286000000000000e+06
3.392889999999999873e+01 1.012196300000000000e+07
3.456629999999999825e+01 1.834317400000000000e+07
2.882969999999999899e+01 6.315935000000000000e+06
2.949660000000000082e+01 5.845736000000000000e+06
2.896699999999999875e+01 3.181909000000000000e+06
2.849630000000000152e+01 3.828844000000000000e+06
2.906510000000000105e+01 7.345626000000000000e+06
2.898659999999999926e+01 3.814206000000000000e+06
2.781970000000000098e+01 2.740045000000000000e+06
2.713329999999999842e+01 1.919602000000000000e+06
2.715289999999999893e+01 2.261877000000000000e+06
2.731960000000000122e+01 1.885795000000000000e+06
2.754520000000000124e+01 1.985249000000000000e+06
2.776089999999999947e+01 2.336704000000000000e+06
2.687829999999999941e+01 3.050387000000000000e+06
2.743730000000000047e+01 2.428656000000000000e+06
2.719209999999999994e+01 2.100946000000000000e+06
2.697640000000000171e+01 4.375201000000000000e+06
2.592719999999999914e+01 5.914293000000000000e+06
2.735879999999999868e+01 5.855494000000000000e+06
2.732939999999999969e+01 4.643340000000000000e+06
2.843750000000000000e+01 3.374931000000000000e+06
2.755499999999999972e+01 5.541508000000000000e+06
2.748629999999999995e+01 4.552291000000000000e+06
2.607420000000000115e+01 2.881867000000000000e+06
2.587809999999999988e+01 3.057994000000000000e+06
2.581929999999999836e+01 4.701753000000000000e+06
2.642729999999999890e+01 7.666472000000000000e+06
2.674109999999999943e+01 6.879327000000000000e+06
2.671160000000000068e+01 4.749117000000000000e+06
2.656449999999999889e+01 5.266575000000000000e+06
2.753529999999999944e+01 6.639900000000000000e+06
2.892780000000000129e+01 4.677332000000000000e+06
2.920240000000000080e+01 2.483961000000000000e+06
2.903569999999999851e+01 5.204590000000000000e+06
3.033990000000000009e+01 2.754547000000000000e+06
3.029080000000000084e+01 4.688921000000000000e+06
3.141850000000000165e+01 7.600872000000000000e+06
3.120279999999999987e+01 1.190736700000000000e+07
3.159499999999999886e+01 4.308499000000000000e+06
3.140869999999999962e+01 5.847561000000000000e+06
3.171270000000000167e+01 3.781296000000000000e+06
3.260510000000000019e+01 5.967401000000000000e+06
3.206569999999999965e+01 6.640652000000000000e+06
3.185000000000000142e+01 2.506581300000000000e+07
3.578220000000000312e+01 2.924337000000000000e+06
3.533109999999999928e+01 5.634524000000000000e+06
3.428190000000000026e+01 5.451936000000000000e+06
3.346800000000000352e+01 3.552106000000000000e+06
3.337969999999999970e+01 6.393617000000000000e+06
3.175189999999999912e+01 2.716745000000000000e+06
3.092820000000000036e+01 3.570546000000000000e+06
3.236019999999999897e+01 2.443571000000000000e+06
3.210690000000000310e+01 2.430882000000000000e+06
3.099640000000000128e+01 3.573579000000000000e+06
3.093799999999999883e+01 5.179043000000000000e+06
3.242840000000000344e+01 2.628611000000000000e+06
3.272059999999999746e+01 3.356786000000000000e+06
3.360710000000000264e+01 3.076851000000000000e+06
3.360710000000000264e+01 3.926706000000000000e+06
3.276930000000000121e+01 3.519918000000000000e+06
3.272059999999999746e+01 7.450844000000000000e+06
3.096719999999999828e+01 5.264183000000000000e+06
2.981769999999999854e+01 6.574921000000000000e+06
3.092820000000000036e+01 6.020400000000000000e+06
3.320770000000000266e+01 9.862786000000000000e+06
3.304209999999999781e+01 1.277489600000000000e+07
3.498060000000000258e+01 2.082264100000000000e+07
5.031320000000000192e+01 4.006422000000000000e+06
4.859870000000000090e+01 3.778014000000000000e+06
4.836489999999999867e+01 4.044961000000000000e+06
4.954359999999999786e+01 2.939481000000000000e+06
5.191069999999999851e+01 2.279950000000000000e+06
5.370309999999999917e+01 1.680439000000000000e+06
5.432650000000000290e+01 1.735203000000000000e+06
5.524219999999999686e+01 1.419853000000000000e+06
5.497919999999999874e+01 1.031202000000000000e+06
5.517399999999999949e+01 1.465459000000000000e+06
5.502790000000000248e+01 1.865923000000000000e+06
5.503759999999999764e+01 1.973296000000000000e+06
5.525200000000000244e+01 1.558746000000000000e+06
5.483310000000000173e+01 1.298104000000000000e+06
5.448239999999999839e+01 2.341680000000000000e+06
5.516429999999999723e+01 1.363302000000000000e+06
5.457009999999999650e+01 1.521482000000000000e+06
5.540780000000000172e+01 1.843648000000000000e+06
5.549549999999999983e+01 4.828723000000000000e+06
5.533959999999999724e+01 1.885988000000000000e+06
5.404399999999999693e+01 2.170290000000000000e+06
5.382000000000000028e+01 2.705358000000000000e+06
5.411220000000000141e+01 2.262184000000000000e+06
5.355700000000000216e+01 3.448921000000000000e+06
5.499869999999999948e+01 2.046150000000000000e+06
5.425840000000000174e+01 1.631291000000000000e+06
5.452139999999999986e+01 1.956572000000000000e+06
5.449210000000000065e+01 2.990498000000000000e+06
5.372259999999999991e+01 2.873520000000000000e+06
5.240749999999999886e+01 2.222156000000000000e+06
5.223219999999999885e+01 2.924375000000000000e+06
5.261209999999999809e+01 2.440880000000000000e+06
5.254390000000000072e+01 2.866388000000000000e+06
5.303099999999999881e+01 4.744421000000000000e+06
5.300169999999999959e+01 3.892170000000000000e+06
5.173539999999999850e+01 4.618856000000000000e+06
5.191069999999999851e+01 4.107646000000000000e+06
5.055669999999999931e+01 3.631789000000000000e+06
5.038139999999999930e+01 3.588621000000000000e+06
5.010860000000000269e+01 3.034297000000000000e+06
4.888119999999999976e+01 1.763539000000000000e+06
4.941700000000000159e+01 2.709276000000000000e+06
4.896889999999999787e+01 2.835704000000000000e+06
4.790709999999999980e+01 4.644690000000000000e+06
4.709859999999999758e+01 1.984275000000000000e+06
4.660179999999999723e+01 2.232950000000000000e+06
4.711809999999999832e+01 3.984820000000000000e+06
4.523649999999999949e+01 3.319403000000000000e+06
4.610940000000000083e+01 4.030297000000000000e+06
4.789399999999999835e+01 3.615618000000000000e+06
4.820439999999999969e+01 5.752749000000000000e+06
4.986290000000000333e+01 4.852822000000000000e+06
5.148270000000000124e+01 8.039320000000000000e+06
5.041579999999999728e+01 3.580429000000000000e+06
5.266590000000000060e+01 3.167570000000000000e+06
5.357770000000000010e+01 4.331722000000000000e+06
5.301509999999999678e+01 3.642850000000000000e+06
5.463479999999999848e+01 2.023748000000000000e+06
5.592479999999999762e+01 2.001676000000000000e+06
5.566290000000000049e+01 1.745818000000000000e+06
5.528470000000000084e+01 1.726492000000000000e+06
5.429540000000000077e+01 2.959153000000000000e+06
5.725359999999999872e+01 2.008773000000000000e+06
5.765129999999999910e+01 2.632541000000000000e+06
5.848539999999999850e+01 9.462830000000000000e+05
5.903820000000000334e+01 1.493121000000000000e+06
6.059980000000000189e+01 1.660291000000000000e+06
6.111379999999999768e+01 1.679295000000000000e+06
6.256869999999999976e+01 1.289371000000000000e+06
6.385869999999999891e+01 9.750360000000000000e+05
6.376169999999999760e+01 1.095634000000000000e+06
6.352890000000000015e+01 8.202130000000000000e+05
6.304390000000000072e+01 8.275560000000000000e+05
6.240379999999999683e+01 7.501060000000000000e+05
6.296629999999999683e+01 8.761860000000000000e+05
6.387810000000000343e+01 1.262141000000000000e+06
6.266570000000000107e+01 8.470380000000000000e+05
6.263660000000000139e+01 1.443195000000000000e+06
6.323790000000000333e+01 1.341458000000000000e+06
6.400409999999999400e+01 1.046332000000000000e+06
6.377139999999999986e+01 1.046430000000000000e+06
6.399439999999999884e+01 1.545894000000000000e+06
6.262689999999999912e+01 1.099843000000000000e+06
6.246200000000000330e+01 2.039689000000000000e+06
6.168610000000000326e+01 1.808551000000000000e+06
6.269480000000000075e+01 1.099148000000000000e+06
6.348040000000000305e+01 1.294986000000000000e+06
6.277239999999999753e+01 1.024624000000000000e+06
6.332520000000000238e+01 1.688969000000000000e+06
6.225829999999999842e+01 2.461091000000000000e+06
6.366470000000000340e+01 1.582766000000000000e+06
6.237469999999999715e+01 2.539211000000000000e+06
6.237469999999999715e+01 8.416700000000000000e+05
6.197699999999999676e+01 1.317944000000000000e+06
6.287910000000000110e+01 1.087600000000000000e+06
6.229879999999999995e+01 9.826040000000000000e+05
6.222140000000000271e+01 1.187921000000000000e+06
6.444570000000000221e+01 1.010130000000000000e+06
6.331419999999999959e+01 1.702598000000000000e+06
6.420390000000000441e+01 1.243023000000000000e+06
6.392349999999999710e+01 1.142888000000000000e+06
6.358500000000000085e+01 5.214053000000000000e+06
6.316919999999999646e+01 1.306229000000000000e+06
6.335289999999999822e+01 2.037886000000000000e+06
6.296609999999999729e+01 1.976400000000000000e+06
6.328520000000000323e+01 1.926155000000000000e+06
6.207639999999999958e+01 1.617874000000000000e+06
6.226010000000000133e+01 2.354659000000000000e+06
6.214410000000000167e+01 2.898324000000000000e+06
6.294680000000000319e+01 1.844358000000000000e+06
6.383650000000000091e+01 1.399945000000000000e+06
6.505500000000000682e+01 1.827612000000000000e+06
6.369140000000000157e+01 1.932476000000000000e+06
6.472620000000000573e+01 1.096702000000000000e+06
6.496790000000000020e+01 2.606745000000000000e+06
6.472620000000000573e+01 1.380589000000000000e+06
6.447469999999999857e+01 1.895055000000000000e+06
6.393319999999999936e+01 1.492790000000000000e+06
6.425230000000000530e+01 2.152112000000000000e+06
6.366239999999999810e+01 3.044670000000000000e+06
6.330460000000000065e+01 3.692259000000000000e+06
6.314020000000000010e+01 6.454207000000000000e+06
6.498730000000000473e+01 1.477515000000000000e+06
6.484220000000000539e+01 3.362206000000000000e+06
6.502599999999999625e+01 3.503953000000000000e+06
6.693110000000000070e+01 5.251942000000000000e+06
6.248259999999999792e+01 2.039730000000000000e+06
6.333359999999999701e+01 1.846494000000000000e+06
6.257930000000000348e+01 1.523074000000000000e+06
6.262760000000000105e+01 1.114528000000000000e+06
6.295640000000000214e+01 2.154112000000000000e+06
6.200869999999999749e+01 1.533806000000000000e+06
6.206669999999999732e+01 2.363644000000000000e+06
6.040339999999999776e+01 9.621620000000000000e+05
6.084819999999999851e+01 1.354132000000000000e+06
6.125439999999999685e+01 1.898650000000000000e+06
6.007450000000000045e+01 4.284917000000000000e+06
5.997780000000000200e+01 1.419918000000000000e+06
5.978439999999999799e+01 1.480287000000000000e+06
6.055810000000000315e+01 2.906516000000000000e+06
5.990050000000000097e+01 9.151550000000000000e+05
5.929120000000000346e+01 1.840441000000000000e+06
5.871099999999999852e+01 1.820659000000000000e+06
5.823709999999999809e+01 2.162920000000000000e+06
5.906880000000000308e+01 1.738294000000000000e+06
5.863360000000000127e+01 2.267748000000000000e+06
5.724099999999999966e+01 3.813716000000000000e+06
5.721200000000000330e+01 2.954442000000000000e+06
5.547129999999999939e+01 8.113084000000000000e+06
5.543260000000000076e+01 3.596111000000000000e+06
5.290849999999999653e+01 3.540552000000000000e+06
5.269579999999999842e+01 2.497675000000000000e+06
5.141919999999999646e+01 1.763821000000000000e+06
5.120649999999999835e+01 2.165313000000000000e+06
5.168039999999999878e+01 2.618235000000000000e+06
5.041349999999999909e+01 3.174884000000000000e+06
4.838259999999999650e+01 1.398534000000000000e+06
4.881779999999999831e+01 4.839684000000000000e+06
5.100339999999999918e+01 3.042939000000000000e+06
5.228960000000000008e+01 2.921992000000000000e+06
5.336310000000000286e+01 2.823097000000000000e+06
5.366290000000000049e+01 2.786518000000000000e+06
5.489099999999999824e+01 1.828487000000000000e+06
5.616760000000000019e+01 2.852962000000000000e+06
5.623530000000000229e+01 2.843454000000000000e+06
5.641899999999999693e+01 2.742042000000000000e+06
5.692190000000000083e+01 2.107784000000000000e+06
5.698960000000000292e+01 3.888942000000000000e+06
5.852720000000000056e+01 4.112558000000000000e+06
5.998749999999999716e+01 2.687078000000000000e+06
6.122160000000000224e+01 2.432828000000000000e+06
6.077810000000000201e+01 2.977860000000000000e+06
6.007430000000000092e+01 1.996360000000000000e+06
6.012250000000000227e+01 4.420175000000000000e+06
5.840639999999999787e+01 2.886215000000000000e+06
5.747120000000000317e+01 3.153558000000000000e+06
5.589000000000000057e+01 1.016160000000000000e+06
5.610210000000000008e+01 3.996545000000000000e+06
5.571650000000000347e+01 6.273990000000000000e+06
5.728799999999999670e+01 4.365949000000000000e+06
6.044060000000000343e+01 3.521097000000000000e+06
6.003569999999999851e+01 3.901745000000000000e+06
5.944760000000000133e+01 3.593336000000000000e+06
5.981400000000000006e+01 4.249398000000000000e+06
5.978499999999999659e+01 4.338223000000000000e+06
5.977539999999999765e+01 5.121701000000000000e+06
6.099020000000000152e+01 5.547284000000000000e+06
6.094200000000000017e+01 1.217795500000000000e+07
6.961910000000000309e+01 5.708953000000000000e+06
6.923340000000000316e+01 3.063474000000000000e+06
6.809579999999999700e+01 3.245137000000000000e+06
6.901170000000000471e+01 4.860500000000000000e+06
7.021680000000000632e+01 2.551330000000000000e+06
6.851030000000000086e+01 1.904693000000000000e+06
6.704489999999999839e+01 3.297099000000000000e+06
7.049639999999999418e+01 2.208631000000000000e+06
7.321519999999999584e+01 3.463618000000000000e+06
7.062170000000000414e+01 1.752548000000000000e+07
8.441830000000000211e+01 1.383969000000000000e+06
8.548850000000000193e+01 2.222423000000000000e+06
8.513169999999999504e+01 1.033977000000000000e+06
8.523779999999999291e+01 7.928860000000000000e+05
8.625979999999999848e+01 1.130952000000000000e+06
8.682859999999999445e+01 1.603507000000000000e+06
8.427370000000000516e+01 1.297904000000000000e+06
8.451470000000000482e+01 2.091860000000000000e+06
8.278889999999999816e+01 2.869075000000000000e+06
8.378199999999999648e+01 1.915940000000000000e+06
8.643330000000000268e+01 1.172059000000000000e+06
8.684789999999999566e+01 9.350040000000000000e+05
8.772520000000000095e+01 1.167798000000000000e+06
8.957630000000000337e+01 1.168895000000000000e+06
9.030910000000000082e+01 8.572630000000000000e+05
9.007769999999999300e+01 9.950120000000000000e+05
9.052119999999999322e+01 1.169934000000000000e+06
9.016440000000000055e+01 1.443170000000000000e+06
9.036690000000000111e+01 8.074800000000000000e+05
9.085859999999999559e+01 9.538760000000000000e+05
9.143710000000000093e+01 1.530997000000000000e+06
9.095499999999999829e+01 1.880454000000000000e+06
9.292180000000000462e+01 4.308200000000000000e+06
9.141779999999999973e+01 2.051148000000000000e+06
8.997159999999999513e+01 1.104319000000000000e+06
8.951850000000000307e+01 1.995114000000000000e+06
8.941240000000000521e+01 1.787192000000000000e+06
8.914249999999999829e+01 1.081185000000000000e+06
8.921959999999999980e+01 1.324600000000000000e+06
8.813979999999999393e+01 2.056580000000000000e+06
8.680929999999999325e+01 1.100576000000000000e+06
8.654900000000000659e+01 1.263249000000000000e+06
8.696359999999999957e+01 2.491693000000000000e+06
8.757099999999999795e+01 1.383691000000000000e+06
8.683820000000000050e+01 1.870807000000000000e+06
8.745529999999999404e+01 1.176936000000000000e+06
8.763809999999999434e+01 1.292123000000000000e+06
8.722440000000000282e+01 1.397594000000000000e+06
8.768619999999999948e+01 9.343450000000000000e+05
8.664709999999999468e+01 1.351753000000000000e+06
8.636809999999999832e+01 1.261728000000000000e+06
8.624299999999999500e+01 1.564755000000000000e+06
8.525209999999999866e+01 2.183704000000000000e+06
8.507890000000000441e+01 1.383751000000000000e+06
8.485760000000000502e+01 1.927074000000000000e+06
8.435729999999999507e+01 1.154971000000000000e+06
8.405899999999999750e+01 1.847099000000000000e+06
8.346250000000000568e+01 1.434743000000000000e+06
8.324129999999999541e+01 1.922796000000000000e+06
8.327970000000000539e+01 2.228375000000000000e+06
8.138439999999999941e+01 2.546344000000000000e+06
8.283719999999999573e+01 1.717234000000000000e+06
8.394360000000000355e+01 1.824270000000000000e+06
8.561769999999999925e+01 3.426778000000000000e+06
8.378000000000000114e+01 1.888486000000000000e+06
8.360689999999999600e+01 1.171538000000000000e+06
8.312579999999999814e+01 1.568293000000000000e+06
8.283719999999999573e+01 1.859533000000000000e+06
8.263509999999999422e+01 1.479160000000000000e+06
8.152870000000000061e+01 2.040689000000000000e+06
8.130740000000000123e+01 1.696440000000000000e+06
8.261589999999999634e+01 1.416186000000000000e+06
8.386660000000000537e+01 1.634954000000000000e+06
8.489610000000000412e+01 1.507842000000000000e+06
8.364530000000000598e+01 1.779475000000000000e+06
8.436690000000000111e+01 1.264426000000000000e+06
8.374150000000000205e+01 1.795722000000000000e+06
8.386660000000000537e+01 1.541863000000000000e+06
8.379930000000000234e+01 1.744017000000000000e+06
8.326049999999999329e+01 1.322627000000000000e+06
8.247159999999999513e+01 1.148605000000000000e+06
8.288530000000000086e+01 2.187764000000000000e+06
8.239459999999999695e+01 2.649596000000000000e+06
8.086490000000000578e+01 1.352686000000000000e+06
8.176919999999999789e+01 3.052806000000000000e+06
8.102840000000000487e+01 1.647497000000000000e+06
8.038379999999999370e+01 2.381006000000000000e+06
8.004710000000000036e+01 2.492984000000000000e+06
7.889249999999999829e+01 1.615195000000000000e+06
7.889249999999999829e+01 2.467872000000000000e+06
7.755519999999999925e+01 2.451179000000000000e+06
7.694910000000000139e+01 2.567774000000000000e+06
7.563100000000000023e+01 3.438861000000000000e+06
7.552519999999999811e+01 2.938192000000000000e+06
7.584269999999999357e+01 2.689321000000000000e+06
7.778610000000000468e+01 6.223088000000000000e+06
7.800740000000000407e+01 2.257845000000000000e+06
7.920040000000000191e+01 2.182830000000000000e+06
7.991240000000000521e+01 2.053131000000000000e+06
8.048000000000000398e+01 1.836354000000000000e+06
8.068210000000000548e+01 2.683421000000000000e+06
8.124970000000000425e+01 1.667877000000000000e+06
8.127859999999999729e+01 2.794671000000000000e+06
8.148059999999999548e+01 2.804841000000000000e+06
8.168259999999999366e+01 2.695916000000000000e+06
8.229840000000000089e+01 1.566110000000000000e+06
8.120159999999999911e+01 2.524793000000000000e+06
8.153830000000000666e+01 2.017451000000000000e+06
8.075900000000000034e+01 2.006084000000000000e+06
8.091259999999999764e+01 3.704639000000000000e+06
8.005830000000000268e+01 3.920736000000000000e+06
7.694249999999999545e+01 3.978844000000000000e+06
7.741030000000000655e+01 6.151090000000000000e+06
7.517159999999999798e+01 5.937549000000000000e+06
7.869670000000000698e+01 6.086676000000000000e+06
8.328270000000000550e+01 2.625250000000000000e+06
8.360009999999999764e+01 1.699193000000000000e+06
8.302370000000000516e+01 2.369460000000000000e+06
8.434350000000000591e+01 2.721163000000000000e+06
8.372539999999999338e+01 1.730031000000000000e+06
8.345810000000000173e+01 9.005550000000000000e+05
8.416809999999999548e+01 1.347941000000000000e+06
8.426000000000000512e+01 1.876098000000000000e+06
8.568840000000000146e+01 2.380689000000000000e+06
8.737579999999999814e+01 1.139327000000000000e+06
8.710009999999999764e+01 1.617505000000000000e+06
8.640680000000000405e+01 1.386717000000000000e+06
8.581369999999999720e+01 2.166824000000000000e+06
8.466930000000000689e+01 1.413142000000000000e+06
8.521229999999999905e+01 9.712550000000000000e+05
8.454399999999999693e+01 1.570096000000000000e+06
8.492829999999999302e+01 7.738670000000000000e+05
8.585550000000000637e+01 7.914610000000000000e+05
8.608939999999999770e+01 1.946809000000000000e+06
8.644020000000000437e+01 1.743387000000000000e+06
8.654879999999999995e+01 1.251266000000000000e+06
8.505360000000000298e+01 1.116323000000000000e+06
8.603929999999999723e+01 1.055244000000000000e+06
8.687460000000000093e+01 1.007891000000000000e+06
8.646529999999999916e+01 1.760263000000000000e+06
8.692470000000000141e+01 9.863520000000000000e+05
8.728390000000000271e+01 9.029530000000000000e+05
8.713349999999999795e+01 2.197230000000000000e+06
8.688290000000000646e+01 8.888530000000000000e+05
8.610609999999999786e+01 1.897643000000000000e+06
8.687460000000000093e+01 2.342912000000000000e+06
8.560490000000000066e+01 1.714823000000000000e+06
8.564669999999999561e+01 2.050335000000000000e+06
8.356669999999999732e+01 1.839175000000000000e+06
8.333280000000000598e+01 1.536848000000000000e+06
8.531250000000000000e+01 2.004916000000000000e+06
8.475279999999999347e+01 1.394272000000000000e+06
8.364190000000000680e+01 1.191404000000000000e+06
8.309890000000000043e+01 2.251506000000000000e+06
8.397599999999999909e+01 4.172871000000000000e+06
8.403449999999999420e+01 2.004691000000000000e+06
8.517889999999999873e+01 1.747843000000000000e+06
8.667149999999999466e+01 2.018493000000000000e+06
8.455349999999999966e+01 1.534870000000000000e+06
8.592100000000000648e+01 2.079845000000000000e+06
8.870610000000000639e+01 2.922875000000000000e+06
8.948160000000000025e+01 1.863355000000000000e+06
8.818080000000000496e+01 1.774289000000000000e+06
8.714679999999999893e+01 2.097735000000000000e+06
8.708839999999999293e+01 1.587628000000000000e+06
8.700499999999999545e+01 1.552785000000000000e+06
8.842260000000000275e+01 1.811975000000000000e+06
8.845589999999999975e+01 1.158048000000000000e+06
8.898959999999999582e+01 1.897536000000000000e+06
8.602939999999999543e+01 1.893020000000000000e+06
8.538729999999999620e+01 1.317842000000000000e+06
8.492870000000000630e+01 9.611940000000000000e+05
8.505379999999999541e+01 2.037417000000000000e+06
8.430329999999999302e+01 9.877370000000000000e+05
8.416160000000000707e+01 1.883992000000000000e+06
8.550409999999999400e+01 3.258946000000000000e+06
8.600440000000000396e+01 1.488475000000000000e+06
8.725520000000000209e+01 1.273095000000000000e+06
8.670480000000000587e+01 1.239763000000000000e+06
8.431159999999999854e+01 9.258610000000000000e+05
8.411990000000000123e+01 1.685283000000000000e+06
8.394480000000000075e+01 1.137366000000000000e+06
8.406980000000000075e+01 1.561395000000000000e+06
8.429500000000000171e+01 1.724968000000000000e+06
8.350279999999999347e+01 2.751060000000000000e+06
8.108459999999999468e+01 1.340909000000000000e+06
8.163500000000000512e+01 2.502031000000000000e+06
8.087609999999999388e+01 3.532532000000000000e+06
7.664849999999999852e+01 3.704439000000000000e+06
8.011730000000000018e+01 1.528324000000000000e+06
8.000060000000000571e+01 2.180948000000000000e+06
8.012569999999999482e+01 1.876851000000000000e+06
8.246049999999999613e+01 1.675473000000000000e+06
8.296080000000000609e+01 1.064406000000000000e+06
8.301080000000000325e+01 1.523125000000000000e+06
8.255219999999999914e+01 1.691720000000000000e+06
8.348609999999999332e+01 1.145517000000000000e+06
8.547069999999999368e+01 1.158912000000000000e+06
8.493699999999999761e+01 1.427129000000000000e+06
8.437839999999999918e+01 1.365711000000000000e+06
8.501210000000000377e+01 9.893960000000000000e+05
8.481199999999999761e+01 1.507028000000000000e+06
8.420319999999999538e+01 1.929337000000000000e+06
8.378629999999999711e+01 1.324280000000000000e+06
8.389470000000000027e+01 1.722949000000000000e+06
8.426999999999999602e+01 1.601544000000000000e+06
8.446169999999999334e+01 1.152990000000000000e+06
8.429500000000000171e+01 1.218906000000000000e+06
8.441169999999999618e+01 1.034277000000000000e+06
8.474530000000000030e+01 1.674759000000000000e+06
8.384470000000000312e+01 9.796960000000000000e+05
8.391140000000000043e+01 1.243687000000000000e+06
8.270229999999999393e+01 2.094193000000000000e+06
8.075939999999999941e+01 1.435667000000000000e+06
7.925849999999999795e+01 1.046521000000000000e+06
7.913339999999999463e+01 8.777470000000000000e+05
7.919169999999999732e+01 6.457460000000000000e+05
7.899160000000000537e+01 1.684846000000000000e+06
7.996720000000000539e+01 4.086960000000000000e+05
7.995889999999999986e+01 1.103655000000000000e+06
8.031749999999999545e+01 1.294715000000000000e+06
7.953360000000000696e+01 1.349240000000000000e+06
7.915840000000000032e+01 2.020952000000000000e+06
7.997560000000000002e+01 1.310708000000000000e+06
7.942520000000000380e+01 1.844153000000000000e+06
7.854970000000000141e+01 1.446158000000000000e+06
7.917510000000000048e+01 1.621649000000000000e+06
7.904170000000000584e+01 1.548700000000000000e+06
7.985880000000000223e+01 1.132297000000000000e+06
7.999230000000000018e+01 1.232013000000000000e+06
7.892489999999999384e+01 1.516688000000000000e+06
7.786589999999999634e+01 1.097667000000000000e+06
7.744060000000000343e+01 1.388068000000000000e+06
7.758209999999999695e+01 1.780786000000000000e+06
7.954619999999999891e+01 1.441139000000000000e+06
8.001229999999999620e+01 2.555940000000000000e+06
7.949630000000000507e+01 1.539288000000000000e+06
8.156029999999999802e+01 1.207487000000000000e+06
8.117740000000000578e+01 1.239717000000000000e+06
8.136050000000000182e+01 3.769490000000000000e+05
8.138549999999999329e+01 7.803450000000000000e+05
8.240919999999999845e+01 1.206672000000000000e+06
8.148539999999999850e+01 9.769900000000000000e+05
8.064480000000000359e+01 1.096592000000000000e+06
8.099429999999999552e+01 1.416836000000000000e+06
7.988739999999999952e+01 1.149531000000000000e+06
7.969599999999999795e+01 1.066120000000000000e+06
8.056159999999999854e+01 1.841626000000000000e+06
7.984579999999999700e+01 1.290133000000000000e+06
7.875560000000000116e+01 2.212108000000000000e+06
8.051999999999999602e+01 4.181388000000000000e+06
7.700790000000000646e+01 2.977790000000000000e+06
7.741570000000000107e+01 1.494580000000000000e+06
7.610899999999999466e+01 1.266439000000000000e+06
7.547650000000000148e+01 1.606195000000000000e+06
7.615070000000000050e+01 1.127128000000000000e+06
7.616729999999999734e+01 1.012000000000000000e+06
7.588429999999999609e+01 9.469420000000000000e+05
7.649190000000000111e+01 9.688200000000000000e+05
7.567629999999999768e+01 6.382140000000000000e+05
7.544320000000000448e+01 8.713720000000000000e+05
7.607580000000000098e+01 7.201840000000000000e+05
7.614230000000000587e+01 7.754200000000000000e+05
7.647520000000000095e+01 1.543413000000000000e+06
7.575950000000000273e+01 1.946425000000000000e+06
7.620889999999999986e+01 1.365260000000000000e+06
7.665829999999999700e+01 2.408275000000000000e+06
7.614230000000000587e+01 1.729662000000000000e+06
7.576779999999999404e+01 2.026398000000000000e+06
7.590099999999999625e+01 4.300364000000000000e+06
7.294650000000000034e+01 2.008456000000000000e+06
7.331270000000000664e+01 1.568965000000000000e+06
7.357899999999999352e+01 1.915819000000000000e+06
7.277169999999999561e+01 1.415339000000000000e+06
7.139019999999999300e+01 1.826940000000000000e+06
7.115720000000000312e+01 7.327910000000000000e+05
7.083259999999999934e+01 1.131225000000000000e+06
7.103230000000000643e+01 1.877680000000000000e+06
7.147339999999999804e+01 1.423699000000000000e+06
7.056629999999999825e+01 8.495600000000000000e+05
7.042480000000000473e+01 1.046363000000000000e+06
6.992539999999999623e+01 9.252320000000000000e+05
7.038320000000000221e+01 1.248085000000000000e+06
7.116549999999999443e+01 2.671069000000000000e+06
7.060790000000000077e+01 1.311764000000000000e+06
7.064950000000000330e+01 1.265077000000000000e+06
7.054959999999999809e+01 8.211260000000000000e+05
7.061620000000000630e+01 1.269400000000000000e+06
7.079930000000000234e+01 2.247208000000000000e+06
7.107389999999999475e+01 2.407401000000000000e+06
7.104070000000000107e+01 2.686770000000000000e+06
7.149840000000000373e+01 2.035737000000000000e+06
7.094910000000000139e+01 2.971916000000000000e+06
7.005029999999999291e+01 1.669482000000000000e+06
7.018340000000000600e+01 1.692294000000000000e+06
6.991710000000000491e+01 1.211308000000000000e+06
7.027500000000000568e+01 1.390769000000000000e+06
7.066610000000000014e+01 7.546150000000000000e+05
7.059139999999999304e+01 1.478617000000000000e+06
7.011799999999999500e+01 7.416040000000000000e+05
7.034229999999999450e+01 8.524880000000000000e+05
7.041700000000000159e+01 7.313240000000000000e+05
7.049169999999999447e+01 5.111070000000000000e+05
7.061629999999999541e+01 1.113224000000000000e+06
7.064950000000000330e+01 2.256961000000000000e+06
7.101489999999999725e+01 1.944669000000000000e+06
6.915470000000000539e+01 1.092592000000000000e+06
6.921280000000000143e+01 1.778741000000000000e+06
6.941209999999999525e+01 1.752114000000000000e+06
7.124750000000000227e+01 1.484190000000000000e+06
7.088209999999999411e+01 2.200999000000000000e+06
6.995189999999999486e+01 2.419765000000000000e+06
6.814149999999999352e+01 1.552154000000000000e+06
6.749370000000000402e+01 2.461798000000000000e+06
6.891379999999999484e+01 4.614800000000000000e+06
6.435439999999999827e+01 2.734075000000000000e+06
6.550050000000000239e+01 1.219047000000000000e+06
6.537590000000000146e+01 8.330860000000000000e+05
6.514339999999999975e+01 8.546160000000000000e+05
6.486929999999999552e+01 1.011405000000000000e+06
6.537590000000000146e+01 1.065211000000000000e+06
6.509359999999999502e+01 9.784860000000000000e+05
6.513509999999999422e+01 8.077580000000000000e+05
6.517659999999999343e+01 1.797975000000000000e+06
6.648879999999999768e+01 1.063975000000000000e+06
6.648879999999999768e+01 7.722560000000000000e+05
6.664660000000000650e+01 1.412060000000000000e+06
6.638909999999999911e+01 1.603530000000000000e+06
6.530949999999999989e+01 7.421940000000000000e+05
6.536759999999999593e+01 1.476825000000000000e+06
6.476139999999999475e+01 1.719104000000000000e+06
6.495239999999999725e+01 1.481771000000000000e+06
6.520149999999999579e+01 1.372250000000000000e+06
6.524309999999999832e+01 1.005478000000000000e+06
6.534269999999999357e+01 9.647310000000000000e+05
6.455379999999999541e+01 1.765287000000000000e+06
6.465340000000000487e+01 2.193458000000000000e+06
6.432949999999999591e+01 8.069860000000000000e+05
6.354059999999999775e+01 1.940091000000000000e+06
6.331629999999999825e+01 1.779791000000000000e+06
6.307549999999999812e+01 1.217374000000000000e+06
6.371500000000000341e+01 1.814502000000000000e+06
6.522650000000000148e+01 1.998322000000000000e+06
6.511020000000000607e+01 2.146986000000000000e+06
6.437940000000000396e+01 2.011650000000000000e+06
6.548390000000000555e+01 2.752296000000000000e+06
6.515999999999999659e+01 9.072089000000000000e+06
6.371500000000000341e+01 1.043923000000000000e+06
6.346580000000000155e+01 2.000389000000000000e+06
6.305060000000000286e+01 1.498610000000000000e+06
6.370669999999999789e+01 1.679982000000000000e+06
6.215370000000000061e+01 2.555036000000000000e+06
6.153909999999999769e+01 1.699734000000000000e+06
6.211209999999999809e+01 1.194650000000000000e+06
6.305890000000000128e+01 2.084280000000000000e+06
6.274329999999999785e+01 2.434107000000000000e+06
6.236959999999999837e+01 2.288471000000000000e+06
6.309040000000000248e+01 1.489402000000000000e+06
6.360399999999999920e+01 1.140478000000000000e+06
6.368690000000000140e+01 1.362792000000000000e+06
6.441599999999999682e+01 1.675853000000000000e+06
6.428340000000000032e+01 2.122678000000000000e+06
6.391060000000000230e+01 1.708192000000000000e+06
6.422539999999999338e+01 2.151658000000000000e+06
6.490479999999999450e+01 1.997336000000000000e+06
6.516989999999999839e+01 2.372454000000000000e+06
6.515330000000000155e+01 1.695550000000000000e+06
6.458169999999999789e+01 1.178154000000000000e+06
6.484680000000000177e+01 1.090818000000000000e+06
6.502079999999999416e+01 1.499292000000000000e+06
6.468110000000000070e+01 1.730543000000000000e+06
6.472249999999999659e+01 3.122060000000000000e+06
6.526930000000000121e+01 2.142593000000000000e+06
6.676890000000000214e+01 1.717097000000000000e+06
6.671920000000000073e+01 1.856952000000000000e+06
6.596529999999999916e+01 1.034119000000000000e+06
6.579959999999999809e+01 1.771817000000000000e+06
6.595699999999999363e+01 2.692893000000000000e+06
6.545159999999999911e+01 3.519891000000000000e+06
6.496280000000000143e+01 1.160888000000000000e+06
6.494620000000000459e+01 1.001279000000000000e+06
6.425860000000000127e+01 2.267047000000000000e+06
6.401829999999999643e+01 3.073566000000000000e+06
6.377799999999999869e+01 2.192842000000000000e+06
6.329749999999999943e+01 2.961214000000000000e+06
6.241929999999999978e+01 2.006403000000000000e+06
6.286670000000000158e+01 1.185210000000000000e+06
6.308209999999999695e+01 1.539411000000000000e+06
6.307379999999999853e+01 2.042220000000000000e+06
6.270929999999999893e+01 2.156462000000000000e+06
6.323120000000000118e+01 2.727860000000000000e+06
6.254359999999999786e+01 2.624505000000000000e+06
6.234470000000000312e+01 3.219498000000000000e+06
6.246070000000000277e+01 3.131160000000000000e+06
6.379460000000000264e+01 2.065550000000000000e+06
6.338859999999999673e+01 2.960952000000000000e+06
6.307379999999999853e+01 3.587192000000000000e+06
6.154110000000000014e+01 2.928972000000000000e+06
6.189730000000000132e+01 3.184751000000000000e+06
6.285840000000000316e+01 3.981631000000000000e+06
6.187250000000000227e+01 9.425095000000000000e+06
5.947809999999999775e+01 5.244219000000000000e+06
5.749799999999999756e+01 6.991755000000000000e+06
5.629670000000000130e+01 3.449644600000000000e+07
5.717490000000000094e+01 5.525700000000000000e+04
5.894789999999999708e+01 4.500200000000000000e+04
6.024860000000000326e+01 7.325600000000000000e+04
5.722460000000000235e+01 2.151400000000000000e+04
5.637950000000000017e+01 3.126700000000000000e+04
5.609009999999999962e+01 1.376600000000000000e+04
5.559409999999999741e+01 1.243300000000000000e+04
5.442830000000000013e+01 1.507900000000000000e+04
5.376680000000000348e+01 2.904200000000000000e+04
5.518889999999999674e+01 1.305700000000000000e+04
5.504840000000000089e+01 3.022400000000000000e+04
5.687559999999999860e+01 8.672000000000000000e+03
5.736339999999999861e+01 1.083100000000000000e+04
5.666890000000000072e+01 6.870000000000000000e+03
5.689209999999999923e+01 1.545700000000000000e+04
5.709879999999999711e+01 9.491000000000000000e+03
5.704919999999999902e+01 7.643000000000000000e+03
5.671020000000000039e+01 6.808000000000000000e+03
5.646220000000000283e+01 1.013900000000000000e+04
5.676809999999999690e+01 8.277000000000000000e+03
5.775200000000000244e+01 1.110000000000000000e+04
5.790079999999999671e+01 1.194500000000000000e+04
5.835560000000000258e+01 1.621100000000000000e+04
5.668540000000000134e+01 2.217000000000000000e+04
5.668540000000000134e+01 1.319400000000000000e+04
5.713190000000000168e+01 2.111700000000000000e+04
5.766929999999999978e+01 1.254400000000000000e+04
5.847959999999999781e+01 7.405000000000000000e+03
5.875240000000000151e+01 1.008500000000000000e+04
5.833899999999999864e+01 8.180000000000000000e+03
5.857050000000000267e+01 1.850000000000000000e+04
5.804140000000000299e+01 1.272400000000000000e+04
5.799179999999999779e+01 1.318900000000000000e+04
5.819850000000000279e+01 2.193300000000000000e+04
5.855400000000000205e+01 1.117800000000000000e+04
5.870280000000000342e+01 1.424900000000000000e+04
5.851270000000000238e+01 1.736100000000000000e+04
5.844650000000000034e+01 2.674900000000000000e+04
5.901700000000000301e+01 4.419100000000000000e+04
5.783469999999999800e+01 8.638300000000000000e+04
5.204710000000000036e+01 1.424200000000000000e+04
5.146829999999999927e+01 1.463200000000000000e+04
