1.595999999999999943e+02 1.936314500000000000e+07
1.668000000000000114e+02 2.367628300000000000e+07
1.659499999999999886e+02 2.251522500000000000e+07
1.567899999999999920e+02 2.487986900000000000e+07
1.633400000000000034e+02 2.657902100000000000e+07
1.562100000000000080e+02 3.518427100000000000e+07
1.609799999999999898e+02 3.044036900000000000e+07
1.480999999999999943e+02 2.983076500000000000e+07
1.497299999999999898e+02 3.256839800000000000e+07
1.531299999999999955e+02 3.986231200000000000e+07
1.469600000000000080e+02 3.755313600000000000e+07
1.494199999999999875e+02 3.425559600000000000e+07
1.460099999999999909e+02 3.912041900000000000e+07
1.702800000000000011e+02 3.502862700000000000e+07
1.544699999999999989e+02 4.326633500000000000e+07
1.702400000000000091e+02 2.039720400000000000e+07
1.781899999999999977e+02 2.451779100000000000e+07
1.695000000000000000e+02 2.994904100000000000e+07
1.810900000000000034e+02 2.455955000000000000e+07
1.851699999999999875e+02 1.933342500000000000e+07
1.917599999999999909e+02 2.306247300000000000e+07
1.858899999999999864e+02 2.798410400000000000e+07
1.964399999999999977e+02 2.494895500000000000e+07
1.924699999999999989e+02 3.258349400000000000e+07
1.897500000000000000e+02 2.168262600000000000e+07
1.971999999999999886e+02 1.655521000000000000e+07
1.967700000000000102e+02 2.143348700000000000e+07
2.007199999999999989e+02 2.308005700000000000e+07
2.101800000000000068e+02 1.409843200000000000e+07
2.145800000000000125e+02 1.310921300000000000e+07
2.174900000000000091e+02 1.213511400000000000e+07
2.178000000000000114e+02 1.563002600000000000e+07
2.141800000000000068e+02 1.074174700000000000e+07
2.131399999999999864e+02 1.539662500000000000e+07
2.107599999999999909e+02 1.381370400000000000e+07
2.071899999999999977e+02 2.503081000000000000e+07
2.130600000000000023e+02 1.185635000000000000e+07
2.123300000000000125e+02 1.224253000000000000e+07
2.108499999999999943e+02 1.056753300000000000e+07
2.101100000000000136e+02 1.253815400000000000e+07
2.098300000000000125e+02 1.962889000000000000e+07
2.041899999999999977e+02 1.551050900000000000e+07
2.019099999999999966e+02 3.135991700000000000e+07
2.095300000000000011e+02 4.877550000000000000e+07
2.232299999999999898e+02 3.361000500000000000e+07
2.177899999999999920e+02 1.341383500000000000e+07
2.148700000000000045e+02 1.381065500000000000e+07
2.179399999999999977e+02 1.190582400000000000e+07
2.197599999999999909e+02 1.119500000000000000e+07
2.213199999999999932e+02 1.221281400000000000e+07
2.214399999999999977e+02 1.416200700000000000e+07
2.221399999999999864e+02 1.590594400000000000e+07
2.217700000000000102e+02 1.001528800000000000e+07
2.211500000000000057e+02 1.003647500000000000e+07
2.190600000000000023e+02 1.331536100000000000e+07
2.219099999999999966e+02 1.429565800000000000e+07
2.180600000000000023e+02 1.212743200000000000e+07
2.183000000000000114e+02 1.267957900000000000e+07
2.152199999999999989e+02 1.349270300000000000e+07
2.130600000000000023e+02 1.511185700000000000e+07
2.125999999999999943e+02 1.707386100000000000e+07
2.086699999999999875e+02 1.119741600000000000e+07
2.097800000000000011e+02 1.209070700000000000e+07
2.052500000000000000e+02 8.962756000000000000e+06
2.044099999999999966e+02 1.053444100000000000e+07
2.080999999999999943e+02 1.028763400000000000e+07
2.077899999999999920e+02 9.368273000000000000e+06
2.051200000000000045e+02 6.046273000000000000e+06
2.061800000000000068e+02 1.335319400000000000e+07
2.063000000000000114e+02 2.731522600000000000e+07
2.060600000000000023e+02 1.680818400000000000e+07
2.025000000000000000e+02 2.328474600000000000e+07
1.983899999999999864e+02 1.017760500000000000e+07
1.979199999999999875e+02 1.492273300000000000e+07
1.941100000000000136e+02 1.880602000000000000e+07
1.967500000000000000e+02 2.376698600000000000e+07
2.022599999999999909e+02 8.041827000000000000e+06
2.008700000000000045e+02 9.485568000000000000e+06
2.013400000000000034e+02 1.201321800000000000e+07
2.010500000000000114e+02 1.227952500000000000e+07
1.993600000000000136e+02 9.755350000000000000e+06
1.987100000000000080e+02 8.459939000000000000e+06
1.988199999999999932e+02 1.301417000000000000e+07
1.996999999999999886e+02 1.154202000000000000e+07
2.016399999999999864e+02 7.985231000000000000e+06
2.020000000000000000e+02 1.276056800000000000e+07
1.989699999999999989e+02 1.174866400000000000e+07
1.997899999999999920e+02 1.528644200000000000e+07
1.988199999999999932e+02 9.959817000000000000e+06
1.979300000000000068e+02 1.213098500000000000e+07
1.975099999999999909e+02 1.237024000000000000e+07
1.993199999999999932e+02 1.907029100000000000e+07
1.974000000000000057e+02 1.617610700000000000e+07
1.950999999999999943e+02 1.153023200000000000e+07
1.931500000000000057e+02 9.059897000000000000e+06
1.931899999999999977e+02 1.100980000000000000e+07
1.944699999999999989e+02 1.761545400000000000e+07
1.896100000000000136e+02 8.637768000000000000e+06
1.908400000000000034e+02 1.076478400000000000e+07
1.904199999999999875e+02 1.347299800000000000e+07
1.915500000000000114e+02 1.097301900000000000e+07
1.943199999999999932e+02 9.941954000000000000e+06
1.947199999999999989e+02 1.637129200000000000e+07
1.936200000000000045e+02 2.171182900000000000e+07
1.916500000000000057e+02 4.228652900000000000e+07
1.882500000000000000e+02 2.873455900000000000e+07
1.893100000000000023e+02 1.357487400000000000e+07
1.894000000000000057e+02 1.337719200000000000e+07
1.878899999999999864e+02 8.061240000000000000e+06
1.863799999999999955e+02 1.150540600000000000e+07
1.861500000000000057e+02 1.237081900000000000e+07
1.823400000000000034e+02 1.985419200000000000e+07
1.897599999999999909e+02 8.122598000000000000e+06
1.858499999999999943e+02 1.658499200000000000e+07
1.903899999999999864e+02 9.761548000000000000e+06
1.895500000000000114e+02 1.056034300000000000e+07
1.888899999999999864e+02 1.514311900000000000e+07
1.832800000000000011e+02 7.203665000000000000e+06
1.841899999999999977e+02 1.499875400000000000e+07
1.800300000000000011e+02 8.980978000000000000e+06
1.798499999999999943e+02 7.648874000000000000e+06
1.777500000000000000e+02 1.008489600000000000e+07
1.796800000000000068e+02 9.359793000000000000e+06
1.804499999999999886e+02 1.047639500000000000e+07
1.793799999999999955e+02 1.678931900000000000e+07
1.745999999999999943e+02 1.637414800000000000e+07
1.758100000000000023e+02 1.726155600000000000e+07
1.780800000000000125e+02 1.107142500000000000e+07
1.770999999999999943e+02 1.466357500000000000e+07
1.801100000000000136e+02 1.628069100000000000e+07
1.828000000000000114e+02 1.833996000000000000e+07
1.812800000000000011e+02 1.877566600000000000e+07
1.868199999999999932e+02 1.437008900000000000e+07
1.899300000000000068e+02 2.035987800000000000e+07
1.901399999999999864e+02 1.047468500000000000e+07
1.881399999999999864e+02 9.945798000000000000e+06
1.880800000000000125e+02 9.751570000000000000e+06
1.862199999999999989e+02 8.444844000000000000e+06
1.871899999999999977e+02 1.144111600000000000e+07
1.874699999999999989e+02 1.141977500000000000e+07
1.884900000000000091e+02 1.176166000000000000e+07
1.861699999999999875e+02 1.545586700000000000e+07
1.887599999999999909e+02 1.472240200000000000e+07
1.874900000000000091e+02 1.522682000000000000e+07
1.909000000000000057e+02 1.389662100000000000e+07
1.871399999999999864e+02 1.131457100000000000e+07
1.823899999999999864e+02 9.792187000000000000e+06
1.856699999999999875e+02 1.078572200000000000e+07
1.855699999999999932e+02 1.013503300000000000e+07
1.817599999999999909e+02 9.364533000000000000e+06
1.813000000000000114e+02 1.440894600000000000e+07
1.803600000000000136e+02 8.780477000000000000e+06
1.777500000000000000e+02 1.733122100000000000e+07
1.820399999999999920e+02 1.082950900000000000e+07
1.835500000000000114e+02 8.409548000000000000e+06
1.838100000000000023e+02 1.008759200000000000e+07
1.861699999999999875e+02 9.699661000000000000e+06
1.836999999999999886e+02 1.284483200000000000e+07
1.825900000000000034e+02 1.305964000000000000e+07
1.797100000000000080e+02 1.890371600000000000e+07
1.884499999999999886e+02 1.365331900000000000e+07
1.853700000000000045e+02 1.093628300000000000e+07
1.878499999999999943e+02 1.105881100000000000e+07
1.901599999999999966e+02 1.482891600000000000e+07
1.851500000000000057e+02 1.583319700000000000e+07
1.845099999999999909e+02 1.803568600000000000e+07
1.817299999999999898e+02 2.308665500000000000e+07
1.890200000000000102e+02 1.529697500000000000e+07
1.927299999999999898e+02 1.777701300000000000e+07
1.942299999999999898e+02 1.459354400000000000e+07
1.970399999999999920e+02 1.190355800000000000e+07
1.959399999999999977e+02 1.653080100000000000e+07
1.997500000000000000e+02 2.443398500000000000e+07
2.007100000000000080e+02 3.988986900000000000e+07
2.046599999999999966e+02 3.253254000000000000e+07
2.023600000000000136e+02 1.458368000000000000e+07
2.023199999999999932e+02 1.358902400000000000e+07
1.983600000000000136e+02 1.209826200000000000e+07
2.007800000000000011e+02 1.195655400000000000e+07
2.018000000000000114e+02 1.208371400000000000e+07
2.038400000000000034e+02 1.213272000000000000e+07
2.039099999999999966e+02 1.603033500000000000e+07
2.048700000000000045e+02 1.536627200000000000e+07
2.012299999999999898e+02 1.367845700000000000e+07
2.027299999999999898e+02 2.057170200000000000e+07
1.992100000000000080e+02 1.469861100000000000e+07
1.957599999999999909e+02 9.723858000000000000e+06
1.964000000000000057e+02 1.116410700000000000e+07
1.971999999999999886e+02 1.024611900000000000e+07
1.950000000000000000e+02 9.049979000000000000e+06
1.930000000000000000e+02 1.420469000000000000e+07
1.930000000000000000e+02 1.637887800000000000e+07
1.895000000000000000e+02 1.115898300000000000e+07
1.876599999999999966e+02 1.280860400000000000e+07
1.888400000000000034e+02 1.675030900000000000e+07
1.925999999999999943e+02 1.550895500000000000e+07
1.911399999999999864e+02 2.275115900000000000e+07
1.895300000000000011e+02 1.463574000000000000e+07
1.874799999999999898e+02 2.141709200000000000e+07
1.884699999999999989e+02 3.757135200000000000e+07
1.890099999999999909e+02 2.945988100000000000e+07
1.813300000000000125e+02 1.677369100000000000e+07
1.774699999999999989e+02 1.225356900000000000e+07
1.750399999999999920e+02 1.769980600000000000e+07
1.780999999999999943e+02 1.526664400000000000e+07
1.748199999999999932e+02 1.476791800000000000e+07
1.733499999999999943e+02 1.691734300000000000e+07
1.683300000000000125e+02 1.244635400000000000e+07
1.681699999999999875e+02 1.975831700000000000e+07
1.675000000000000000e+02 4.604425600000000000e+07
1.641500000000000057e+02 5.605960900000000000e+07
1.774699999999999989e+02 1.522653600000000000e+07
1.830099999999999909e+02 8.581544000000000000e+06
1.821899999999999977e+02 1.279768500000000000e+07
1.843100000000000023e+02 1.484330800000000000e+07
1.810600000000000023e+02 8.807701000000000000e+06
1.808700000000000045e+02 1.276883500000000000e+07
1.853199999999999932e+02 9.213801000000000000e+06
1.848199999999999932e+02 7.502820000000000000e+06
1.827199999999999989e+02 1.035198100000000000e+07
1.853000000000000114e+02 1.048537000000000000e+07
1.869900000000000091e+02 1.295311100000000000e+07
1.862700000000000102e+02 1.674690400000000000e+07
1.807299999999999898e+02 1.762814200000000000e+07
1.815399999999999920e+02 1.683334700000000000e+07
1.883400000000000034e+02 1.257850800000000000e+07
1.886500000000000057e+02 1.296703300000000000e+07
1.895399999999999920e+02 1.250573700000000000e+07
1.897700000000000102e+02 1.625300100000000000e+07
1.938799999999999955e+02 1.399493200000000000e+07
1.954699999999999989e+02 1.457543400000000000e+07
1.925300000000000011e+02 1.320945200000000000e+07
1.930300000000000011e+02 1.599664600000000000e+07
1.934000000000000057e+02 2.349468900000000000e+07
1.947800000000000011e+02 1.964131000000000000e+07
1.914900000000000091e+02 2.207500200000000000e+07
1.932599999999999909e+02 5.414878900000000000e+07
1.825800000000000125e+02 3.728987100000000000e+07
1.837800000000000011e+02 1.995481400000000000e+07
1.814399999999999977e+02 1.338988900000000000e+07
1.782800000000000011e+02 1.165560800000000000e+07
1.787800000000000011e+02 9.973732000000000000e+06
1.788700000000000045e+02 1.121519300000000000e+07
1.796500000000000057e+02 1.083476200000000000e+07
1.790999999999999943e+02 1.232981200000000000e+07
1.775099999999999909e+02 8.070967000000000000e+06
1.778199999999999932e+02 1.170147900000000000e+07
1.775800000000000125e+02 1.975103100000000000e+07
1.749300000000000068e+02 7.297379000000000000e+06
1.757199999999999989e+02 9.594133000000000000e+06
1.760200000000000102e+02 1.784773100000000000e+07
1.735399999999999920e+02 2.759005800000000000e+07
1.741999999999999886e+02 2.394652900000000000e+07
1.686999999999999886e+02 1.038149000000000000e+07
1.666899999999999977e+02 1.345545400000000000e+07
1.655500000000000114e+02 1.068917100000000000e+07
1.658700000000000045e+02 1.062029900000000000e+07
1.676800000000000068e+02 1.543792000000000000e+07
1.662899999999999920e+02 1.263123000000000000e+07
1.643400000000000034e+02 1.638918500000000000e+07
1.660800000000000125e+02 1.622300700000000000e+07
1.654399999999999977e+02 2.021147400000000000e+07
1.615699999999999932e+02 2.561148800000000000e+07
1.604699999999999989e+02 3.752419100000000000e+07
1.659799999999999898e+02 3.712600000000000000e+07
1.701699999999999875e+02 1.803736400000000000e+07
1.733700000000000045e+02 1.197328000000000000e+07
1.719199999999999875e+02 1.215526400000000000e+07
1.720699999999999932e+02 1.888398300000000000e+07
1.695999999999999943e+02 1.318483100000000000e+07
1.691299999999999955e+02 1.830650400000000000e+07
1.725099999999999909e+02 2.153172300000000000e+07
1.712599999999999909e+02 2.818789000000000000e+07
1.673700000000000045e+02 1.889468900000000000e+07
1.622800000000000011e+02 1.109777000000000000e+07
1.614499999999999886e+02 1.111418500000000000e+07
1.628100000000000023e+02 1.269748500000000000e+07
1.641299999999999955e+02 1.378406300000000000e+07
1.646200000000000045e+02 1.873710600000000000e+07
1.618899999999999864e+02 1.585846800000000000e+07
1.600399999999999920e+02 1.560782800000000000e+07
1.625600000000000023e+02 1.177069200000000000e+07
1.622899999999999920e+02 1.434539000000000000e+07
1.625000000000000000e+02 1.550441500000000000e+07
1.639499999999999886e+02 1.275515100000000000e+07
1.640699999999999932e+02 1.420514600000000000e+07
1.650399999999999920e+02 1.629229000000000000e+07
1.657899999999999920e+02 1.281117600000000000e+07
1.673300000000000125e+02 1.256142200000000000e+07
1.663799999999999955e+02 1.751760900000000000e+07
1.704900000000000091e+02 1.328116100000000000e+07
1.711599999999999966e+02 2.255698500000000000e+07
1.692500000000000000e+02 2.003647000000000000e+07
1.657100000000000080e+02 3.080651300000000000e+07
1.666899999999999977e+02 7.723360200000000000e+07
1.504199999999999875e+02 4.461324000000000000e+07
1.441899999999999977e+02 1.763195300000000000e+07
1.474699999999999989e+02 1.550848300000000000e+07
1.490099999999999909e+02 2.225095400000000000e+07
1.458300000000000125e+02 2.095551800000000000e+07
1.443000000000000114e+02 2.009841500000000000e+07
1.475699999999999932e+02 2.237869400000000000e+07
1.500399999999999920e+02 3.102961200000000000e+07
1.483000000000000114e+02 1.578791400000000000e+07
1.475399999999999920e+02 1.802571400000000000e+07
1.489499999999999886e+02 2.406882200000000000e+07
1.453899999999999864e+02 2.052027800000000000e+07
1.438000000000000114e+02 1.290803100000000000e+07
1.441999999999999886e+02 1.612500400000000000e+07
1.442299999999999898e+02 2.220587900000000000e+07
1.425300000000000011e+02 2.626379300000000000e+07
1.380500000000000114e+02 2.008933700000000000e+07
1.379499999999999886e+02 2.900205900000000000e+07
1.317400000000000091e+02 2.271794800000000000e+07
1.356800000000000068e+02 2.814619300000000000e+07
1.310900000000000034e+02 2.462530800000000000e+07
1.331999999999999886e+02 2.262756900000000000e+07
1.345200000000000102e+02 3.120250900000000000e+07
1.341800000000000068e+02 3.972337000000000000e+07
1.240600000000000023e+02 2.206600200000000000e+07
1.249500000000000028e+02 5.690149100000000000e+07
1.334000000000000057e+02 4.029794400000000000e+07
1.332400000000000091e+02 5.740489400000000000e+07
1.436599999999999966e+02 2.470908400000000000e+07
1.401899999999999977e+02 2.433395900000000000e+07
1.440600000000000023e+02 2.178582000000000000e+07
1.450099999999999909e+02 1.814861000000000000e+07
1.445000000000000000e+02 2.369693600000000000e+07
1.420800000000000125e+02 2.030034900000000000e+07
1.418499999999999943e+02 2.642217300000000000e+07
1.374199999999999875e+02 2.119546000000000000e+07
1.396299999999999955e+02 2.821814500000000000e+07
1.379300000000000068e+02 3.030740000000000000e+07
1.410900000000000034e+02 2.481922600000000000e+07
1.406100000000000136e+02 2.573257700000000000e+07
1.386800000000000068e+02 2.423871300000000000e+07
1.367599999999999909e+02 2.984750500000000000e+07
1.350000000000000000e+02 2.075031800000000000e+07
1.363799999999999955e+02 2.426364000000000000e+07
1.317299999999999898e+02 1.188612800000000000e+07
1.348199999999999932e+02 2.546973500000000000e+07
1.324300000000000068e+02 4.193947500000000000e+07
1.315500000000000114e+02 4.436272900000000000e+07
1.395300000000000011e+02 3.725056000000000000e+07
1.438499999999999943e+02 3.032028000000000000e+07
1.442199999999999989e+02 2.206838400000000000e+07
1.421599999999999966e+02 1.514171000000000000e+07
1.415500000000000114e+02 1.854212300000000000e+07
1.449600000000000080e+02 1.732689800000000000e+07
1.478700000000000045e+02 2.414581400000000000e+07
1.515300000000000011e+02 2.187737200000000000e+07
1.499399999999999977e+02 1.666712400000000000e+07
1.486800000000000068e+02 1.596984900000000000e+07
1.503499999999999943e+02 2.470869500000000000e+07
1.517500000000000000e+02 2.564078600000000000e+07
1.517899999999999920e+02 6.010125100000000000e+07
1.462199999999999989e+02 5.052827800000000000e+07
1.420900000000000034e+02 3.133678400000000000e+07
1.453700000000000045e+02 3.130334100000000000e+07
1.509499999999999886e+02 2.210569600000000000e+07
1.460399999999999920e+02 2.774459700000000000e+07
1.543899999999999864e+02 1.909503200000000000e+07
1.547800000000000011e+02 1.542465800000000000e+07
1.540500000000000114e+02 1.976134700000000000e+07
1.549199999999999875e+02 2.167508400000000000e+07
1.594199999999999875e+02 1.759200300000000000e+07
1.587800000000000011e+02 1.918009500000000000e+07
1.535200000000000102e+02 1.543352100000000000e+07
1.537400000000000091e+02 2.529349200000000000e+07
1.533499999999999943e+02 3.533890100000000000e+07
1.513799999999999955e+02 3.060997000000000000e+07
1.579000000000000057e+02 1.884442500000000000e+07
1.572500000000000000e+02 2.404596800000000000e+07
1.573300000000000125e+02 2.574404700000000000e+07
1.588499999999999943e+02 2.573963500000000000e+07
1.624300000000000068e+02 2.310945600000000000e+07
1.593300000000000125e+02 3.603097700000000000e+07
1.624399999999999977e+02 2.640767700000000000e+07
1.644600000000000080e+02 3.426563800000000000e+07
1.688400000000000034e+02 2.726685600000000000e+07
1.669499999999999886e+02 2.525223100000000000e+07
1.649099999999999966e+02 2.762280600000000000e+07
1.654099999999999966e+02 1.922277500000000000e+07
1.629300000000000068e+02 4.599480000000000000e+07
1.660200000000000102e+02 1.893603800000000000e+07
1.630600000000000023e+02 1.962899600000000000e+07
1.603000000000000114e+02 2.246523600000000000e+07
1.605800000000000125e+02 2.100532100000000000e+07
1.623199999999999932e+02 2.177040500000000000e+07
1.613600000000000136e+02 2.545377500000000000e+07
1.620000000000000000e+02 2.407811800000000000e+07
1.659399999999999977e+02 2.045708800000000000e+07
1.641800000000000068e+02 2.019768000000000000e+07
1.630399999999999920e+02 2.430060000000000000e+07
1.625300000000000011e+02 4.151483400000000000e+07
1.671800000000000068e+02 3.122674400000000000e+07
1.711599999999999966e+02 2.980897100000000000e+07
1.757299999999999898e+02 1.806515900000000000e+07
1.776399999999999864e+02 2.421653200000000000e+07
1.759000000000000057e+02 1.867830100000000000e+07
1.762599999999999909e+02 1.591067500000000000e+07
1.774600000000000080e+02 1.792193500000000000e+07
1.746450000000000102e+02 1.463155600000000000e+07
1.729000000000000057e+02 1.805356700000000000e+07
1.736399999999999864e+02 1.689408300000000000e+07
1.726200000000000045e+02 1.957851400000000000e+07
1.725000000000000000e+02 2.151800600000000000e+07
1.738000000000000114e+02 2.489317600000000000e+07
1.746999999999999886e+02 3.135178400000000000e+07
1.795300000000000011e+02 3.302023100000000000e+07
1.811100000000000136e+02 1.910199500000000000e+07
1.800500000000000114e+02 1.742326400000000000e+07
1.802599999999999909e+02 2.150041000000000000e+07
1.830900000000000034e+02 1.973212000000000000e+07
1.851800000000000068e+02 2.220523000000000000e+07
1.838100000000000023e+02 3.339856200000000000e+07
1.856899999999999977e+02 4.971619200000000000e+07
1.777800000000000011e+02 2.476343400000000000e+07
1.763700000000000045e+02 3.239995400000000000e+07
1.716500000000000057e+02 3.404210900000000000e+07
1.725800000000000125e+02 4.035647100000000000e+07
1.710600000000000023e+02 6.528078700000000000e+07
1.748899999999999864e+02 6.007374900000000000e+07
1.762599999999999909e+02 1.698036680000000000e+08
2.175000000000000000e+02 6.459258500000000000e+07
2.146699999999999875e+02 2.846868100000000000e+07
2.109099999999999966e+02 1.673196900000000000e+07
2.099399999999999977e+02 1.624150800000000000e+07
2.080900000000000034e+02 1.135042900000000000e+07
2.093600000000000136e+02 1.533490700000000000e+07
2.099900000000000091e+02 1.534989200000000000e+07
2.072299999999999898e+02 1.107820900000000000e+07
2.073199999999999932e+02 1.150340100000000000e+07
2.069199999999999875e+02 1.545470600000000000e+07
2.025399999999999920e+02 1.292737700000000000e+07
2.035399999999999920e+02 1.319006700000000000e+07
2.047400000000000091e+02 1.814943700000000000e+07
2.032299999999999898e+02 1.974013100000000000e+07
1.984499999999999886e+02 1.968419300000000000e+07
1.927299999999999898e+02 1.348951400000000000e+07
1.973600000000000136e+02 1.396157800000000000e+07
1.943199999999999932e+02 1.581160200000000000e+07
1.962299999999999898e+02 1.817243900000000000e+07
1.958400000000000034e+02 1.873440800000000000e+07
1.990000000000000000e+02 1.789757600000000000e+07
1.963499999999999943e+02 2.527513700000000000e+07
2.017400000000000091e+02 1.742018800000000000e+07
2.015000000000000000e+02 1.904571700000000000e+07
2.020000000000000000e+02 2.823093300000000000e+07
1.974900000000000091e+02 1.999399600000000000e+07
1.983100000000000023e+02 1.682602300000000000e+07
1.958499999999999943e+02 2.186093100000000000e+07
1.968100000000000023e+02 1.912086600000000000e+07
1.924099999999999966e+02 1.585382100000000000e+07
1.924000000000000057e+02 1.156270400000000000e+07
1.915399999999999920e+02 1.292890700000000000e+07
1.890999999999999943e+02 1.267709200000000000e+07
1.881800000000000068e+02 2.150317100000000000e+07
1.913400000000000034e+02 2.255892000000000000e+07
1.929399999999999977e+02 1.554429400000000000e+07
1.932800000000000011e+02 1.893979500000000000e+07
1.939900000000000091e+02 1.730724500000000000e+07
1.917800000000000011e+02 3.078263100000000000e+07
1.876699999999999875e+02 1.373686600000000000e+07
1.857400000000000091e+02 1.639893700000000000e+07
1.849199999999999875e+02 1.096506100000000000e+07
1.859300000000000068e+02 1.235474200000000000e+07
1.869000000000000057e+02 1.662810000000000000e+07
1.838000000000000114e+02 1.273141900000000000e+07
1.844900000000000091e+02 1.353286400000000000e+07
1.826800000000000068e+02 1.313045100000000000e+07
1.837599999999999909e+02 1.484067500000000000e+07
1.831999999999999886e+02 1.697549500000000000e+07
1.843199999999999932e+02 1.542943300000000000e+07
1.866399999999999864e+02 1.564674400000000000e+07
1.869900000000000091e+02 2.120784800000000000e+07
1.855300000000000011e+02 2.107140300000000000e+07
1.826599999999999966e+02 2.328281100000000000e+07
1.789199999999999875e+02 1.557721100000000000e+07
1.779699999999999989e+02 1.869719500000000000e+07
1.766100000000000136e+02 1.767784400000000000e+07
1.740200000000000102e+02 2.402607100000000000e+07
1.760699999999999932e+02 3.042445000000000000e+07
1.738600000000000136e+02 2.602593200000000000e+07
1.720000000000000000e+02 2.075047800000000000e+07
1.735900000000000034e+02 2.980465700000000000e+07
1.741599999999999966e+02 7.755693400000000000e+07
1.596899999999999977e+02 4.108358100000000000e+07
1.596899999999999977e+02 3.507992600000000000e+07
1.658400000000000034e+02 2.308810200000000000e+07
1.662800000000000011e+02 1.911943800000000000e+07
1.680999999999999943e+02 2.223496100000000000e+07
1.663600000000000136e+02 2.096956800000000000e+07
1.686599999999999966e+02 2.274302900000000000e+07
1.648300000000000125e+02 1.811943500000000000e+07
1.645200000000000102e+02 1.999056100000000000e+07
1.638700000000000045e+02 3.826295600000000000e+07
1.663199999999999932e+02 5.614463300000000000e+07
1.650399999999999920e+02 5.894704100000000000e+07
1.579300000000000068e+02 3.491522700000000000e+07
1.571999999999999886e+02 4.164481200000000000e+07
1.593400000000000034e+02 4.144960900000000000e+07
1.550999999999999943e+02 4.988558400000000000e+07
1.561100000000000136e+02 4.254386500000000000e+07
1.553899999999999864e+02 3.679599100000000000e+07
1.597899999999999920e+02 5.943429300000000000e+07
1.530300000000000011e+02 6.002917000000000000e+07
1.522199999999999989e+02 7.678788400000000000e+07
1.600600000000000023e+02 1.254382940000000000e+08
1.593899999999999864e+02 5.230689100000000000e+07
1.648899999999999864e+02 7.338998800000000000e+07
1.693899999999999864e+02 1.053508670000000000e+08
1.681500000000000057e+02 1.289255340000000000e+08
1.725600000000000023e+02 8.689774900000000000e+07
1.850900000000000034e+02 2.309048000000000000e+07
1.838600000000000136e+02 1.546186900000000000e+07
1.841899999999999977e+02 1.642684300000000000e+07
1.818799999999999955e+02 1.774231200000000000e+07
1.847599999999999909e+02 1.487353800000000000e+07
1.852299999999999898e+02 1.795217700000000000e+07
1.823400000000000034e+02 1.533655500000000000e+07
1.837100000000000080e+02 1.909729300000000000e+07
1.797800000000000011e+02 1.508678400000000000e+07
1.804000000000000057e+02 1.618928000000000000e+07
1.766200000000000045e+02 2.002590500000000000e+07
1.759399999999999977e+02 2.320162600000000000e+07
1.783199999999999932e+02 1.820808400000000000e+07
1.814600000000000080e+02 1.564932600000000000e+07
1.849300000000000068e+02 1.741881400000000000e+07
1.832899999999999920e+02 1.862195000000000000e+07
1.789900000000000091e+02 1.708549000000000000e+07
1.779099999999999966e+02 2.284400600000000000e+07
1.760099999999999909e+02 2.088731700000000000e+07
1.773600000000000136e+02 2.047544500000000000e+07
1.799600000000000080e+02 2.055409200000000000e+07
1.795200000000000102e+02 2.796375800000000000e+07
1.731500000000000057e+02 2.088070200000000000e+07
1.764099999999999966e+02 3.169737400000000000e+07
1.761100000000000136e+02 3.721447000000000000e+07
1.715800000000000125e+02 3.567221400000000000e+07
1.801800000000000068e+02 2.689128200000000000e+07
1.853100000000000023e+02 3.682971000000000000e+07
1.812599999999999909e+02 2.985229300000000000e+07
1.902800000000000011e+02 2.551456000000000000e+07
1.930900000000000034e+02 5.360891000000000000e+07
1.868899999999999864e+02 2.729915200000000000e+07
1.871200000000000045e+02 2.038284100000000000e+07
1.859799999999999898e+02 2.002293100000000000e+07
1.900000000000000000e+02 1.665219700000000000e+07
1.874799999999999898e+02 1.669853700000000000e+07
1.865500000000000114e+02 2.299203100000000000e+07
1.893499999999999943e+02 2.495644400000000000e+07
1.853700000000000045e+02 2.056728500000000000e+07
1.812899999999999920e+02 2.626608100000000000e+07
1.798000000000000114e+02 2.278375900000000000e+07
1.775999999999999943e+02 2.735698800000000000e+07
1.783899999999999864e+02 3.502716600000000000e+07
1.793700000000000045e+02 7.664562600000000000e+07
1.877700000000000102e+02 8.855144000000000000e+06
1.878400000000000034e+02 1.046452800000000000e+07
1.878700000000000045e+02 1.234272200000000000e+07
1.882800000000000011e+02 1.471921600000000000e+07
1.868499999999999943e+02 1.304238800000000000e+07
1.843300000000000125e+02 1.355435700000000000e+07
1.846699999999999875e+02 1.659549500000000000e+07
1.814199999999999875e+02 1.769489100000000000e+07
1.764600000000000080e+02 1.002875800000000000e+07
1.779199999999999875e+02 1.100899600000000000e+07
1.776200000000000045e+02 9.296258000000000000e+06
1.759900000000000091e+02 8.726829000000000000e+06
1.771999999999999886e+02 8.462491000000000000e+06
1.774499999999999886e+02 1.105096900000000000e+07
1.778899999999999864e+02 1.175482300000000000e+07
1.795099999999999909e+02 1.476923900000000000e+07
1.808199999999999932e+02 1.701433700000000000e+07
1.801800000000000068e+02 2.622510000000000000e+07
1.783899999999999864e+02 1.339375700000000000e+07
1.783000000000000114e+02 1.440677600000000000e+07
1.769600000000000080e+02 1.667527500000000000e+07
1.790399999999999920e+02 1.263020700000000000e+07
1.790000000000000000e+02 1.937731000000000000e+07
1.801399999999999864e+02 1.958821700000000000e+07
1.760600000000000023e+02 2.005929300000000000e+07
1.728300000000000125e+02 2.002865600000000000e+07
1.714699999999999989e+02 2.418400600000000000e+07
1.750999999999999943e+02 1.996664300000000000e+07
1.771800000000000068e+02 2.512707300000000000e+07
1.751299999999999955e+02 4.184391700000000000e+07
1.824199999999999875e+02 1.376192600000000000e+07
1.830300000000000011e+02 1.224974000000000000e+07
1.827800000000000011e+02 9.426010000000000000e+06
1.808700000000000045e+02 1.023814000000000000e+07
1.818600000000000136e+02 1.440930500000000000e+07
1.787400000000000091e+02 1.005239100000000000e+07
1.790000000000000000e+02 1.272280200000000000e+07
1.795900000000000034e+02 1.523006200000000000e+07
1.779499999999999886e+02 1.013105100000000000e+07
1.780699999999999932e+02 9.465112000000000000e+06
1.787700000000000102e+02 9.431449000000000000e+06
1.784600000000000080e+02 1.093340500000000000e+07
1.793000000000000114e+02 1.246034500000000000e+07
1.795600000000000023e+02 1.049414900000000000e+07
1.802500000000000000e+02 1.267988500000000000e+07
1.801699999999999875e+02 1.306507700000000000e+07
1.789199999999999875e+02 1.757258700000000000e+07
1.789199999999999875e+02 3.511984100000000000e+07
1.826599999999999966e+02 2.892295900000000000e+07
1.800600000000000023e+02 1.976604300000000000e+07
1.798700000000000045e+02 2.417925800000000000e+07
1.778799999999999955e+02 2.986749000000000000e+07
1.706299999999999955e+02 1.093292900000000000e+07
1.705999999999999943e+02 1.509560300000000000e+07
1.718000000000000114e+02 1.162934100000000000e+07
1.712700000000000102e+02 1.362207200000000000e+07
1.749799999999999898e+02 1.186130700000000000e+07
1.745600000000000023e+02 1.360286900000000000e+07
1.760300000000000011e+02 1.265549200000000000e+07
1.761100000000000136e+02 1.538199000000000000e+07
1.745200000000000102e+02 1.122529300000000000e+07
1.737400000000000091e+02 1.330572400000000000e+07
1.725500000000000114e+02 1.031248800000000000e+07
1.727400000000000091e+02 1.102331000000000000e+07
1.715900000000000034e+02 1.123123400000000000e+07
1.725000000000000000e+02 1.447261200000000000e+07
1.722299999999999898e+02 1.267008900000000000e+07
1.712400000000000091e+02 1.401386900000000000e+07
1.684199999999999875e+02 1.182932300000000000e+07
1.699600000000000080e+02 8.054219000000000000e+06
1.694699999999999989e+02 1.310430400000000000e+07
1.708700000000000045e+02 1.511461900000000000e+07
1.687299999999999898e+02 1.208486500000000000e+07
1.676800000000000068e+02 1.896327600000000000e+07
1.642100000000000080e+02 2.286640300000000000e+07
1.628700000000000045e+02 4.053899400000000000e+07
1.705399999999999920e+02 1.183570800000000000e+07
1.711100000000000136e+02 1.105454500000000000e+07
1.721699999999999875e+02 1.189905700000000000e+07
1.725200000000000102e+02 1.291166100000000000e+07
1.700099999999999909e+02 1.278543700000000000e+07
1.716399999999999864e+02 1.546847300000000000e+07
1.709600000000000080e+02 1.549642400000000000e+07
1.730500000000000114e+02 8.908633000000000000e+06
1.729600000000000080e+02 1.105176800000000000e+07
1.735099999999999909e+02 1.220844100000000000e+07
1.709499999999999886e+02 1.093635800000000000e+07
1.732100000000000080e+02 1.792249400000000000e+07
1.720900000000000034e+02 1.365931700000000000e+07
1.707199999999999989e+02 1.317586600000000000e+07
1.720200000000000102e+02 1.167758900000000000e+07
1.719699999999999989e+02 1.722646500000000000e+07
1.699199999999999875e+02 1.085000500000000000e+07
1.680500000000000114e+02 1.099261700000000000e+07
1.672400000000000091e+02 8.360380000000000000e+06
1.663199999999999932e+02 1.239191000000000000e+07
1.677400000000000091e+02 1.355286500000000000e+07
1.687100000000000080e+02 9.756817000000000000e+06
1.696399999999999864e+02 1.133326000000000000e+07
1.677800000000000011e+02 1.188082300000000000e+07
1.674099999999999966e+02 1.493326100000000000e+07
1.669099999999999966e+02 1.679159100000000000e+07
1.700000000000000000e+02 1.558054900000000000e+07
1.710000000000000000e+02 8.621787000000000000e+06
1.707500000000000000e+02 1.278628600000000000e+07
1.680800000000000125e+02 1.366403200000000000e+07
1.674000000000000057e+02 2.035348500000000000e+07
1.711800000000000068e+02 1.059708400000000000e+07
1.712299999999999898e+02 1.381368300000000000e+07
1.719799999999999898e+02 1.250415700000000000e+07
1.696200000000000045e+02 1.036077400000000000e+07
1.685900000000000034e+02 1.031624600000000000e+07
1.693000000000000114e+02 1.706184500000000000e+07
1.698600000000000136e+02 1.405137900000000000e+07
1.692500000000000000e+02 2.515789600000000000e+07
1.724499999999999886e+02 2.403650200000000000e+07
1.704399999999999977e+02 6.806516300000000000e+07
1.656100000000000136e+02 2.408106000000000000e+07
1.652800000000000011e+02 1.516461300000000000e+07
1.660000000000000000e+02 1.659546000000000000e+07
1.644300000000000068e+02 1.449466700000000000e+07
1.645300000000000011e+02 1.829311100000000000e+07
1.641399999999999864e+02 2.591598800000000000e+07
1.628600000000000136e+02 2.362171100000000000e+07
1.597299999999999898e+02 1.256793500000000000e+07
1.599699999999999989e+02 1.617256000000000000e+07
1.592599999999999909e+02 1.383989100000000000e+07
1.589000000000000057e+02 2.248386800000000000e+07
1.552700000000000102e+02 1.320825100000000000e+07
1.535000000000000000e+02 1.329644700000000000e+07
1.514399999999999977e+02 1.322935200000000000e+07
1.488199999999999932e+02 1.478881100000000000e+07
1.503400000000000034e+02 1.403769200000000000e+07
1.484300000000000068e+02 1.386011300000000000e+07
1.509799999999999898e+02 1.454001300000000000e+07
1.510399999999999920e+02 2.377161000000000000e+07
1.532400000000000091e+02 1.662156600000000000e+07
1.505800000000000125e+02 1.927402200000000000e+07
1.535900000000000034e+02 1.793428900000000000e+07
1.550699999999999932e+02 1.619224900000000000e+07
1.534000000000000057e+02 1.278395800000000000e+07
1.539099999999999966e+02 1.476024200000000000e+07
1.522500000000000000e+02 1.455789500000000000e+07
1.528700000000000045e+02 1.867880700000000000e+07
1.506399999999999864e+02 2.216980000000000000e+07
1.498000000000000114e+02 1.887730500000000000e+07
1.502500000000000000e+02 2.055298100000000000e+07
1.506800000000000068e+02 2.031620200000000000e+07
1.484399999999999977e+02 3.323854300000000000e+07
1.495999999999999943e+02 3.525636800000000000e+07
1.547100000000000080e+02 1.753952100000000000e+07
1.531200000000000045e+02 1.182213600000000000e+07
1.528100000000000023e+02 1.329172700000000000e+07
1.536299999999999955e+02 1.227987100000000000e+07
1.536100000000000136e+02 1.678725500000000000e+07
1.515300000000000011e+02 1.445917300000000000e+07
1.514600000000000080e+02 1.770942700000000000e+07
1.523799999999999955e+02 1.314532900000000000e+07
1.521299999999999955e+02 1.490782700000000000e+07
1.519600000000000080e+02 1.978039900000000000e+07
1.500399999999999920e+02 1.776967000000000000e+07
1.480699999999999932e+02 1.266588600000000000e+07
1.482400000000000091e+02 1.237948100000000000e+07
1.480600000000000023e+02 1.610122900000000000e+07
1.476599999999999966e+02 2.178432600000000000e+07
1.448499999999999943e+02 2.790816700000000000e+07
1.497800000000000011e+02 1.442071500000000000e+07
1.501899999999999977e+02 1.490988200000000000e+07
1.503300000000000125e+02 9.497040000000000000e+06
1.500399999999999920e+02 1.162386500000000000e+07
1.502899999999999920e+02 1.165339500000000000e+07
1.504799999999999898e+02 1.732599900000000000e+07
1.510600000000000023e+02 1.566247200000000000e+07
1.502400000000000091e+02 1.705151900000000000e+07
1.508499999999999943e+02 3.606030100000000000e+07
1.518000000000000114e+02 2.175508800000000000e+07
1.527800000000000011e+02 2.125536500000000000e+07
1.524600000000000080e+02 2.466915900000000000e+07
1.502500000000000000e+02 3.028037300000000000e+07
1.476999999999999886e+02 1.056142000000000000e+07
1.465600000000000023e+02 1.132433500000000000e+07
1.464900000000000091e+02 1.768483300000000000e+07
1.454699999999999989e+02 1.439744800000000000e+07
1.436800000000000068e+02 1.238200200000000000e+07
1.438000000000000114e+02 1.596816400000000000e+07
1.422700000000000102e+02 1.556394500000000000e+07
1.409600000000000080e+02 1.480747200000000000e+07
1.414199999999999875e+02 1.151966300000000000e+07
1.393899999999999864e+02 1.096561400000000000e+07
1.395800000000000125e+02 1.161245600000000000e+07
1.399199999999999875e+02 1.663808700000000000e+07
1.410399999999999920e+02 9.039366000000000000e+06
1.407800000000000011e+02 1.181143900000000000e+07
1.411699999999999875e+02 1.510342600000000000e+07
1.418499999999999943e+02 1.715805900000000000e+07
1.417299999999999898e+02 1.294859900000000000e+07
1.422800000000000011e+02 1.356396000000000000e+07
1.420500000000000114e+02 1.147826500000000000e+07
1.424099999999999966e+02 1.240399700000000000e+07
1.426500000000000057e+02 1.652757400000000000e+07
1.417599999999999909e+02 1.467943600000000000e+07
1.403199999999999932e+02 1.280054400000000000e+07
1.403400000000000034e+02 1.666468300000000000e+07
1.395300000000000011e+02 1.302280100000000000e+07
1.395900000000000034e+02 1.705544900000000000e+07
1.385099999999999909e+02 2.989478400000000000e+07
1.399399999999999977e+02 1.209947100000000000e+07
1.398400000000000034e+02 2.059281800000000000e+07
1.399900000000000091e+02 1.361294200000000000e+07
1.397199999999999989e+02 1.934482600000000000e+07
1.393199999999999932e+02 1.294401800000000000e+07
1.395999999999999943e+02 1.095545000000000000e+07
1.387899999999999920e+02 1.631411300000000000e+07
1.382400000000000091e+02 1.553525900000000000e+07
1.377199999999999989e+02 1.018451400000000000e+07
1.373000000000000114e+02 1.352713200000000000e+07
1.374199999999999875e+02 1.274817900000000000e+07
1.371699999999999875e+02 1.116056300000000000e+07
1.367599999999999909e+02 1.229480400000000000e+07
1.374199999999999875e+02 1.625701000000000000e+07
1.355399999999999920e+02 1.611209200000000000e+07
1.364099999999999966e+02 1.430666800000000000e+07
1.354399999999999977e+02 1.262574200000000000e+07
1.353600000000000136e+02 1.842254900000000000e+07
1.361200000000000045e+02 2.736009200000000000e+07
1.337199999999999989e+02 1.475910900000000000e+07
1.335300000000000011e+02 1.227649000000000000e+07
1.338400000000000034e+02 1.283109200000000000e+07
1.334399999999999977e+02 1.322653400000000000e+07
1.338499999999999943e+02 1.436487700000000000e+07
1.340500000000000114e+02 1.352622100000000000e+07
1.341899999999999977e+02 1.506193900000000000e+07
1.341399999999999864e+02 1.647060900000000000e+07
1.341999999999999886e+02 2.239055600000000000e+07
1.318400000000000034e+02 1.459644900000000000e+07
1.320600000000000023e+02 1.705849400000000000e+07
1.309799999999999898e+02 2.480489000000000000e+07
1.308400000000000034e+02 5.436644700000000000e+07
1.332299999999999898e+02 5.013977500000000000e+07
1.303199999999999932e+02 1.979048400000000000e+07
1.309799999999999898e+02 1.895609500000000000e+07
1.321800000000000068e+02 1.953951400000000000e+07
1.327800000000000011e+02 2.002014100000000000e+07
1.314799999999999898e+02 1.877731400000000000e+07
1.293700000000000045e+02 1.516272400000000000e+07
1.289300000000000068e+02 1.659356300000000000e+07
1.270400000000000063e+02 1.909722300000000000e+07
1.275499999999999972e+02 1.219546500000000000e+07
1.279200000000000017e+02 1.314585200000000000e+07
1.278700000000000045e+02 1.529446000000000000e+07
1.283400000000000034e+02 2.488432500000000000e+07
1.266200000000000045e+02 1.865391400000000000e+07
1.260900000000000034e+02 1.835652300000000000e+07
1.243499999999999943e+02 1.732459000000000000e+07
1.249000000000000057e+02 2.288036000000000000e+07
1.234099999999999966e+02 2.854526300000000000e+07
1.206700000000000017e+02 1.949215000000000000e+07
1.186899999999999977e+02 1.963093200000000000e+07
1.168599999999999994e+02 2.066391200000000000e+07
1.150499999999999972e+02 1.868410600000000000e+07
1.163499999999999943e+02 9.934873000000000000e+06
1.169200000000000017e+02 1.208737700000000000e+07
1.180100000000000051e+02 1.205148100000000000e+07
1.172699999999999960e+02 1.088998500000000000e+07
1.174000000000000057e+02 1.625858700000000000e+07
1.190400000000000063e+02 1.076764600000000000e+07
1.190900000000000034e+02 1.368440200000000000e+07
1.192399999999999949e+02 1.591814600000000000e+07
1.198700000000000045e+02 2.532429900000000000e+07
1.205699999999999932e+02 2.013956800000000000e+07
1.202099999999999937e+02 2.591309500000000000e+07
1.203100000000000023e+02 2.976802800000000000e+07
1.177699999999999960e+02 1.780552700000000000e+07
1.196800000000000068e+02 1.746473600000000000e+07
1.189099999999999966e+02 2.244275600000000000e+07
1.179500000000000028e+02 2.191365800000000000e+07
1.173100000000000023e+02 1.913120200000000000e+07
1.174300000000000068e+02 2.020152800000000000e+07
1.154000000000000057e+02 2.507036400000000000e+07
1.150999999999999943e+02 4.327699400000000000e+07
1.184200000000000017e+02 3.018892200000000000e+07
1.208700000000000045e+02 1.889095600000000000e+07
1.204099999999999966e+02 1.810131400000000000e+07
1.203799999999999955e+02 8.658605000000000000e+06
1.208400000000000034e+02 1.567213600000000000e+07
1.214699999999999989e+02 2.608916300000000000e+07
1.217699999999999960e+02 3.541536600000000000e+07
1.170199999999999960e+02 2.287930300000000000e+07
1.177900000000000063e+02 1.859776600000000000e+07
1.163400000000000034e+02 3.239794700000000000e+07
1.172000000000000028e+02 3.468136900000000000e+07
1.150799999999999983e+02 5.137704000000000000e+07
1.190199999999999960e+02 3.284013700000000000e+07
1.207999999999999972e+02 6.784670400000000000e+07
1.231800000000000068e+02 3.191602000000000000e+07
1.242199999999999989e+02 1.946076800000000000e+07
1.221500000000000057e+02 2.300888000000000000e+07
1.207500000000000000e+02 3.054546600000000000e+07
1.200000000000000000e+02 6.376625900000000000e+07
1.271700000000000017e+02 5.019022500000000000e+07
1.295000000000000000e+02 2.207777900000000000e+07
1.309900000000000091e+02 1.566898200000000000e+07
1.312899999999999920e+02 2.454554700000000000e+07
1.296899999999999977e+02 1.674139300000000000e+07
1.310399999999999920e+02 1.308473100000000000e+07
1.322899999999999920e+02 1.333678700000000000e+07
1.332800000000000011e+02 1.747022700000000000e+07
1.320699999999999932e+02 1.908879400000000000e+07
1.300000000000000000e+02 1.316750300000000000e+07
1.301100000000000136e+02 1.675232100000000000e+07
1.285699999999999932e+02 1.350396700000000000e+07
1.275400000000000063e+02 1.135168100000000000e+07
1.278799999999999955e+02 1.334529200000000000e+07
1.278199999999999932e+02 1.713930600000000000e+07
1.290500000000000114e+02 1.107299100000000000e+07
1.288799999999999955e+02 1.753792800000000000e+07
1.302400000000000091e+02 1.513872000000000000e+07
1.289900000000000091e+02 1.280442000000000000e+07
1.287400000000000091e+02 1.168272900000000000e+07
1.284699999999999989e+02 1.238675300000000000e+07
1.281899999999999977e+02 1.430754800000000000e+07
1.287700000000000102e+02 1.315694300000000000e+07
1.282700000000000102e+02 1.840294500000000000e+07
1.280900000000000034e+02 1.453224100000000000e+07
1.292299999999999898e+02 1.204763600000000000e+07
1.286899999999999977e+02 1.563711100000000000e+07
1.273100000000000023e+02 1.506494000000000000e+07
1.279599999999999937e+02 2.832626600000000000e+07
1.300800000000000125e+02 1.553830700000000000e+07
1.299399999999999977e+02 1.406833600000000000e+07
1.286399999999999864e+02 1.108380800000000000e+07
1.286500000000000057e+02 1.495879400000000000e+07
1.290699999999999932e+02 2.411917400000000000e+07
1.283499999999999943e+02 1.511183800000000000e+07
1.277699999999999960e+02 1.572038800000000000e+07
1.272099999999999937e+02 1.801615200000000000e+07
1.286899999999999977e+02 2.125275200000000000e+07
1.270999999999999943e+02 2.710067900000000000e+07
1.302700000000000102e+02 1.567659500000000000e+07
1.310500000000000114e+02 2.799079600000000000e+07
1.297299999999999898e+02 2.627840700000000000e+07
1.265100000000000051e+02 1.211877300000000000e+07
1.261700000000000017e+02 1.353612500000000000e+07
1.261200000000000045e+02 1.420063600000000000e+07
1.258400000000000034e+02 1.780428600000000000e+07
1.265400000000000063e+02 1.592590000000000000e+07
1.249599999999999937e+02 1.750482500000000000e+07
1.238900000000000006e+02 1.073081100000000000e+07
1.234800000000000040e+02 1.224371900000000000e+07
1.243700000000000045e+02 1.330945200000000000e+07
1.241500000000000057e+02 1.438636100000000000e+07
1.235600000000000023e+02 1.168826500000000000e+07
1.239099999999999966e+02 1.240081600000000000e+07
1.243700000000000045e+02 1.379417900000000000e+07
1.232999999999999972e+02 1.422241000000000000e+07
1.239000000000000057e+02 1.929513000000000000e+07
1.248799999999999955e+02 1.215895500000000000e+07
1.249000000000000057e+02 1.172951900000000000e+07
1.248799999999999955e+02 1.067014800000000000e+07
1.250600000000000023e+02 1.962096700000000000e+07
1.252600000000000051e+02 1.523392900000000000e+07
1.251500000000000057e+02 2.018403500000000000e+07
1.243599999999999994e+02 2.106597400000000000e+07
1.225100000000000051e+02 1.852533200000000000e+07
1.230900000000000034e+02 2.396841400000000000e+07
1.243100000000000023e+02 2.500685000000000000e+07
1.239399999999999977e+02 3.505880300000000000e+07
1.250000000000000000e+02 7.895575800000000000e+07
1.233400000000000034e+02 5.265423900000000000e+07
1.212199999999999989e+02 1.761196400000000000e+07
1.216299999999999955e+02 1.848744900000000000e+07
1.210000000000000000e+02 1.842241000000000000e+07
1.206099999999999994e+02 1.780166300000000000e+07
1.219200000000000017e+02 2.004645200000000000e+07
1.206099999999999994e+02 2.154129200000000000e+07
1.193700000000000045e+02 2.086836700000000000e+07
1.168599999999999994e+02 1.664596400000000000e+07
1.172900000000000063e+02 1.457973600000000000e+07
1.167800000000000011e+02 1.620766200000000000e+07
1.179300000000000068e+02 1.521770000000000000e+07
1.178700000000000045e+02 1.771157000000000000e+07
1.172399999999999949e+02 1.814259700000000000e+07
1.158499999999999943e+02 1.663020100000000000e+07
1.167000000000000028e+02 2.433758600000000000e+07
1.140000000000000000e+02 1.420703700000000000e+07
1.141899999999999977e+02 1.498002300000000000e+07
1.142800000000000011e+02 2.319271600000000000e+07
1.141599999999999966e+02 2.096827300000000000e+07
1.127000000000000028e+02 2.681384200000000000e+07
1.089699999999999989e+02 3.640960600000000000e+07
1.120799999999999983e+02 4.064313000000000000e+07
1.150799999999999983e+02 1.617689500000000000e+07
1.139099999999999966e+02 1.484632900000000000e+07
1.143799999999999955e+02 1.916626900000000000e+07
1.133700000000000045e+02 2.078539000000000000e+07
1.130199999999999960e+02 2.464430800000000000e+07
1.143900000000000006e+02 1.923625500000000000e+07
1.145999999999999943e+02 1.981943200000000000e+07
1.149399999999999977e+02 1.761847900000000000e+07
1.139500000000000028e+02 3.171823900000000000e+07
1.166200000000000045e+02 1.851082600000000000e+07
1.185600000000000023e+02 1.385924000000000000e+07
1.183900000000000006e+02 1.450559600000000000e+07
1.177600000000000051e+02 1.710302300000000000e+07
1.187900000000000063e+02 1.274467600000000000e+07
1.184699999999999989e+02 1.413511400000000000e+07
1.189300000000000068e+02 1.322831000000000000e+07
1.187800000000000011e+02 1.502949400000000000e+07
1.188100000000000023e+02 2.354759700000000000e+07
1.193799999999999955e+02 1.349356300000000000e+07
1.194699999999999989e+02 1.848134000000000000e+07
1.178900000000000006e+02 2.003549400000000000e+07
1.177000000000000028e+02 2.018362700000000000e+07
1.159699999999999989e+02 2.044100400000000000e+07
1.173499999999999943e+02 1.894483100000000000e+07
1.168100000000000023e+02 2.054410900000000000e+07
1.176500000000000057e+02 2.164229900000000000e+07
1.173499999999999943e+02 2.132864800000000000e+07
1.186700000000000017e+02 3.124783400000000000e+07
1.198100000000000023e+02 1.812428600000000000e+07
1.202800000000000011e+02 2.203546500000000000e+07
1.195199999999999960e+02 2.203839600000000000e+07
1.205000000000000000e+02 2.322004600000000000e+07
1.192399999999999949e+02 2.113805900000000000e+07
1.194899999999999949e+02 2.639556800000000000e+07
1.178100000000000023e+02 2.205674900000000000e+07
1.180600000000000023e+02 2.344844000000000000e+07
1.174300000000000068e+02 2.411746300000000000e+07
1.185699999999999932e+02 2.809516800000000000e+07
1.175799999999999983e+02 3.714059400000000000e+07
1.167300000000000040e+02 8.711008000000000000e+07
1.088900000000000006e+02 5.221310700000000000e+07
1.087600000000000051e+02 2.252153400000000000e+07
1.100999999999999943e+02 2.101789500000000000e+07
1.105600000000000023e+02 3.845820100000000000e+07
1.134399999999999977e+02 2.087523000000000000e+07
1.124200000000000017e+02 2.102790100000000000e+07
1.122900000000000063e+02 3.021045500000000000e+07
1.104500000000000028e+02 2.116719900000000000e+07
1.096400000000000006e+02 2.092280300000000000e+07
1.108400000000000034e+02 2.847332200000000000e+07
1.105100000000000051e+02 8.822739300000000000e+07
1.106099999999999994e+02 2.624808100000000000e+07
1.089899999999999949e+02 3.976230400000000000e+07
1.106299999999999955e+02 4.849780800000000000e+07
1.136400000000000006e+02 2.071453700000000000e+07
1.137099999999999937e+02 2.081464000000000000e+07
1.122199999999999989e+02 2.296236500000000000e+07
1.125499999999999972e+02 4.848791300000000000e+07
1.160600000000000023e+02 2.476050400000000000e+07
1.140999999999999943e+02 2.120752600000000000e+07
1.147000000000000028e+02 3.323518400000000000e+07
1.161400000000000006e+02 2.982534000000000000e+07
1.136899999999999977e+02 2.135175100000000000e+07
1.130499999999999972e+02 1.783911900000000000e+07
1.125400000000000063e+02 1.856197400000000000e+07
1.122500000000000000e+02 1.900107600000000000e+07
1.118499999999999943e+02 1.844797400000000000e+07
1.114500000000000028e+02 3.625687700000000000e+07
1.110199999999999960e+02 2.424124700000000000e+07
1.121800000000000068e+02 2.474477800000000000e+07
1.106700000000000017e+02 1.761846000000000000e+07
1.098900000000000006e+02 1.724936500000000000e+07
1.094099999999999966e+02 2.069755300000000000e+07
1.073199999999999932e+02 2.485428400000000000e+07
1.075100000000000051e+02 2.049330500000000000e+07
1.059300000000000068e+02 2.520466600000000000e+07
1.057300000000000040e+02 3.153405500000000000e+07
1.083900000000000006e+02 2.493885800000000000e+07
1.095799999999999983e+02 2.135309200000000000e+07
1.099500000000000028e+02 2.567017000000000000e+07
1.098199999999999932e+02 2.681730900000000000e+07
1.069200000000000017e+02 3.277899200000000000e+07
1.079200000000000017e+02 2.668619300000000000e+07
1.080699999999999932e+02 2.990627800000000000e+07
1.068799999999999955e+02 3.441243700000000000e+07
1.054599999999999937e+02 2.531931500000000000e+07
1.071599999999999966e+02 3.570971400000000000e+07
1.045699999999999932e+02 3.240451600000000000e+07
1.034699999999999989e+02 2.959350800000000000e+07
1.052000000000000028e+02 4.407336900000000000e+07
1.016099999999999994e+02 4.568722400000000000e+07
1.020100000000000051e+02 3.617676000000000000e+07
1.019099999999999966e+02 4.367063400000000000e+07
1.010000000000000000e+02 4.517937000000000000e+07
9.954000000000000625e+01 6.270901800000000000e+07
9.975000000000000000e+01 7.122974600000000000e+07
1.040699999999999932e+02 7.689474100000000000e+07
1.104899999999999949e+02 3.889019900000000000e+07
1.126899999999999977e+02 5.691932400000000000e+07
1.146099999999999994e+02 5.977857100000000000e+07
1.150900000000000034e+02 4.613272600000000000e+07
1.122099999999999937e+02 6.273954800000000000e+07
1.091099999999999994e+02 1.074753270000000000e+08
9.445000000000000284e+01 5.869935900000000000e+07
9.734000000000000341e+01 2.687708000000000000e+07
9.701000000000000512e+01 3.248201500000000000e+07
9.793999999999999773e+01 3.049538700000000000e+07
9.415999999999999659e+01 3.051893900000000000e+07
9.434999999999999432e+01 5.905142900000000000e+07
9.526000000000000512e+01 3.099825600000000000e+07
9.496999999999999886e+01 4.613278100000000000e+07
9.837000000000000455e+01 4.865862300000000000e+07
9.543999999999999773e+01 3.341055300000000000e+07
9.937000000000000455e+01 2.839539000000000000e+07
9.751000000000000512e+01 2.993238500000000000e+07
9.732999999999999829e+01 3.540229800000000000e+07
9.792000000000000171e+01 4.517290600000000000e+07
1.029699999999999989e+02 2.509618300000000000e+07
1.027300000000000040e+02 2.325823800000000000e+07
1.022199999999999989e+02 3.791240300000000000e+07
1.046599999999999966e+02 1.839106400000000000e+07
1.062199999999999989e+02 1.311500700000000000e+07
1.072600000000000051e+02 1.717990100000000000e+07
1.059300000000000068e+02 1.306973300000000000e+07
1.050199999999999960e+02 6.512134000000000000e+06
1.046299999999999955e+02 1.959967300000000000e+07
1.055100000000000051e+02 1.459712200000000000e+07
1.047699999999999960e+02 1.613878600000000000e+07
1.040400000000000063e+02 3.599419900000000000e+07
1.062199999999999989e+02 2.167568600000000000e+07
1.067900000000000063e+02 2.268054700000000000e+07
1.045499999999999972e+02 2.176433100000000000e+07
1.046599999999999966e+02 2.481349600000000000e+07
1.021200000000000045e+02 2.642772700000000000e+07
1.054200000000000017e+02 1.745431200000000000e+07
1.045999999999999943e+02 2.351726800000000000e+07
1.064899999999999949e+02 2.040179100000000000e+07
1.056099999999999994e+02 1.547489000000000000e+07
1.061800000000000068e+02 2.122472100000000000e+07
1.043799999999999955e+02 2.323648500000000000e+07
1.060699999999999932e+02 2.442906300000000000e+07
1.071200000000000045e+02 2.278186800000000000e+07
1.042399999999999949e+02 2.038317900000000000e+07
1.054500000000000028e+02 5.913066000000000000e+06
1.054099999999999966e+02 1.515078500000000000e+07
1.057399999999999949e+02 2.357729300000000000e+07
1.069500000000000028e+02 1.989722000000000000e+07
1.073199999999999932e+02 2.212964800000000000e+07
1.062600000000000051e+02 2.552059900000000000e+07
1.077699999999999960e+02 2.383652600000000000e+07
1.051299999999999955e+02 2.677414600000000000e+07
1.040400000000000063e+02 4.930916700000000000e+07
1.039500000000000028e+02 3.027840300000000000e+07
1.080199999999999960e+02 2.092467400000000000e+07
1.090100000000000051e+02 2.505709900000000000e+07
1.079099999999999966e+02 2.503168100000000000e+07
1.064899999999999949e+02 2.638354000000000000e+07
1.070949999999999989e+02 3.508434200000000000e+07
1.087600000000000051e+02 6.323286100000000000e+07
1.039399999999999977e+02 4.346930800000000000e+07
1.025799999999999983e+02 2.124234100000000000e+07
1.033100000000000023e+02 2.400394400000000000e+07
1.019699999999999989e+02 3.348710400000000000e+07
1.048799999999999955e+02 2.031669100000000000e+07
1.042000000000000028e+02 2.408151500000000000e+07
1.037000000000000028e+02 2.379547200000000000e+07
1.037699999999999960e+02 2.596121200000000000e+07
1.021899999999999977e+02 4.280966100000000000e+07
9.967000000000000171e+01 2.639207500000000000e+07
9.710999999999999943e+01 2.200373000000000000e+07
9.700000000000000000e+01 3.088177700000000000e+07
9.846999999999999886e+01 2.372992400000000000e+07
9.754000000000000625e+01 2.541285600000000000e+07
9.595999999999999375e+01 2.755751600000000000e+07
9.406999999999999318e+01 1.925335100000000000e+07
9.412000000000000455e+01 1.948034700000000000e+07
9.426000000000000512e+01 1.844956200000000000e+07
9.323999999999999488e+01 2.001291100000000000e+07
9.246999999999999886e+01 2.729052300000000000e+07
9.240000000000000568e+01 2.412927700000000000e+07
9.279999999999999716e+01 2.248827500000000000e+07
9.401000000000000512e+01 2.729251700000000000e+07
9.206999999999999318e+01 3.788165200000000000e+07
9.095000000000000284e+01 2.928365200000000000e+07
8.990000000000000568e+01 3.515922500000000000e+07
8.667000000000000171e+01 4.228183800000000000e+07
8.920999999999999375e+01 4.091489700000000000e+07
9.276999999999999602e+01 2.896162200000000000e+07
9.440999999999999659e+01 2.910596400000000000e+07
9.396999999999999886e+01 2.170142700000000000e+07
9.295999999999999375e+01 3.688889300000000000e+07
9.554999999999999716e+01 2.878997300000000000e+07
9.440000000000000568e+01 6.229998400000000000e+07
9.434000000000000341e+01 2.784180300000000000e+07
9.345000000000000284e+01 1.632119300000000000e+07
9.290000000000000568e+01 1.885935100000000000e+07
9.231000000000000227e+01 2.012787100000000000e+07
9.204999999999999716e+01 2.118504900000000000e+07
9.198000000000000398e+01 2.643739800000000000e+07
9.043999999999999773e+01 3.255112300000000000e+07
8.953000000000000114e+01 2.701254300000000000e+07
8.826000000000000512e+01 2.732866700000000000e+07
8.815000000000000568e+01 2.704819800000000000e+07
8.989000000000000057e+01 2.719052700000000000e+07
8.723000000000000398e+01 3.609737000000000000e+07
8.943000000000000682e+01 3.285066600000000000e+07
9.101000000000000512e+01 3.321588500000000000e+07
8.973000000000000398e+01 4.243137500000000000e+07
8.718999999999999773e+01 4.512430200000000000e+07
8.300000000000000000e+01 5.202123000000000000e+07
8.209000000000000341e+01 8.371072700000000000e+07
8.606000000000000227e+01 6.277868000000000000e+07
9.056000000000000227e+01 4.459822400000000000e+07
9.531000000000000227e+01 2.325127100000000000e+07
9.517000000000000171e+01 2.227884800000000000e+07
9.393000000000000682e+01 1.831353100000000000e+07
9.442000000000000171e+01 1.592965600000000000e+07
9.343000000000000682e+01 1.745176800000000000e+07
9.418999999999999773e+01 2.712037500000000000e+07
9.362000000000000455e+01 2.249103100000000000e+07
9.415000000000000568e+01 2.162415300000000000e+07
9.429999999999999716e+01 2.319914500000000000e+07
9.512000000000000455e+01 4.227131800000000000e+07
9.643999999999999773e+01 2.962922100000000000e+07
9.406000000000000227e+01 2.013603600000000000e+07
9.414000000000000057e+01 2.934311700000000000e+07
9.401000000000000512e+01 4.650904500000000000e+07
9.520999999999999375e+01 8.621132300000000000e+07
9.698999999999999488e+01 6.464832000000000000e+07
9.529000000000000625e+01 3.523599300000000000e+07
9.417000000000000171e+01 3.858538100000000000e+07
9.695000000000000284e+01 3.344493000000000000e+07
9.543999999999999773e+01 2.941883300000000000e+07
9.704000000000000625e+01 2.829951800000000000e+07
9.839000000000000057e+01 3.945333200000000000e+07
9.790999999999999659e+01 5.486054100000000000e+07
9.496999999999999886e+01 5.400163500000000000e+07
9.084999999999999432e+01 2.180408600000000000e+07
8.976000000000000512e+01 3.088660100000000000e+07
8.968000000000000682e+01 2.662784900000000000e+07
9.009999999999999432e+01 2.997667000000000000e+07
8.795000000000000284e+01 2.324587300000000000e+07
8.587999999999999545e+01 2.330740200000000000e+07
8.565000000000000568e+01 2.439934000000000000e+07
8.721999999999999886e+01 3.305992100000000000e+07
8.754999999999999716e+01 2.463591500000000000e+07
8.728499999999999659e+01 1.690878100000000000e+07
8.690999999999999659e+01 2.526004500000000000e+07
8.576500000000000057e+01 2.323318300000000000e+07
8.579999999999999716e+01 3.595787200000000000e+07
8.801000000000000512e+01 3.821464700000000000e+07
8.798000000000000398e+01 2.730196700000000000e+07
8.885999999999999943e+01 4.137022700000000000e+07
8.787999999999999545e+01 5.066785300000000000e+07
8.473999999999999488e+01 2.938307900000000000e+07
8.251000000000000512e+01 2.335319400000000000e+07
8.290500000000000114e+01 2.678257300000000000e+07
8.179000000000000625e+01 1.835028700000000000e+07
8.106000000000000227e+01 1.369366600000000000e+07
8.070999999999999375e+01 1.880508700000000000e+07
8.153000000000000114e+01 1.141788200000000000e+07
8.182999999999999829e+01 1.865681100000000000e+07
8.215999999999999659e+01 2.153120800000000000e+07
8.067000000000000171e+01 1.649753800000000000e+07
8.067000000000000171e+01 1.691547100000000000e+07
8.214000000000000057e+01 1.614309300000000000e+07
8.204999999999999716e+01 2.086387700000000000e+07
8.243999999999999773e+01 3.177499300000000000e+07
8.044499999999999318e+01 1.892330000000000000e+07
8.029000000000000625e+01 1.811901200000000000e+07
7.918999999999999773e+01 1.613458000000000000e+07
8.014499999999999602e+01 1.198200800000000000e+07
8.054999999999999716e+01 1.416086500000000000e+07
7.933499999999999375e+01 1.632133900000000000e+07
8.054000000000000625e+01 1.956793700000000000e+07
8.048000000000000398e+01 1.340274900000000000e+07
8.054999999999999716e+01 2.305689900000000000e+07
8.062999999999999545e+01 1.795538900000000000e+07
8.087999999999999545e+01 2.161367400000000000e+07
8.042000000000000171e+01 2.706988400000000000e+07
8.137000000000000455e+01 4.943799600000000000e+07
7.843999999999999773e+01 2.151230900000000000e+07
7.745999999999999375e+01 2.128531000000000000e+07
7.801000000000000512e+01 1.887405400000000000e+07
7.851000000000000512e+01 1.994359500000000000e+07
7.842499999999999716e+01 1.974942800000000000e+07
7.809999999999999432e+01 2.866302600000000000e+07
7.756000000000000227e+01 2.231131800000000000e+07
7.881000000000000227e+01 1.469199100000000000e+07
7.898999999999999488e+01 2.413635800000000000e+07
7.876999999999999602e+01 2.899900500000000000e+07
8.046500000000000341e+01 2.643025800000000000e+07
8.068000000000000682e+01 2.377534400000000000e+07
8.190999999999999659e+01 2.544603200000000000e+07
8.153000000000000114e+01 2.966035600000000000e+07
8.240999999999999659e+01 7.372808000000000000e+07
8.462999999999999545e+01 4.554796300000000000e+07
8.362000000000000455e+01 2.717185200000000000e+07
8.309000000000000341e+01 2.879676100000000000e+07
8.077500000000000568e+01 2.421498300000000000e+07
8.231000000000000227e+01 1.376968700000000000e+07
8.270499999999999829e+01 2.239094300000000000e+07
8.351500000000000057e+01 1.963417300000000000e+07
8.301000000000000512e+01 2.688309400000000000e+07
8.204000000000000625e+01 1.252973800000000000e+07
8.217000000000000171e+01 1.592728100000000000e+07
8.227500000000000568e+01 1.896673200000000000e+07
8.231999999999999318e+01 1.746704200000000000e+07
8.243999999999999773e+01 1.906293400000000000e+07
8.155500000000000682e+01 1.966405300000000000e+07
8.166500000000000625e+01 2.205816700000000000e+07
8.221500000000000341e+01 1.973427700000000000e+07
8.319499999999999318e+01 2.452768600000000000e+07
8.329999999999999716e+01 1.837258200000000000e+07
8.301000000000000512e+01 3.279480000000000000e+07
8.292000000000000171e+01 3.743614700000000000e+07
8.531000000000000227e+01 3.257652200000000000e+07
8.443000000000000682e+01 2.735733300000000000e+07
8.379999999999999716e+01 4.446632300000000000e+07
8.275000000000000000e+01 4.209952300000000000e+07
8.090999999999999659e+01 3.691244600000000000e+07
7.936499999999999488e+01 2.216996900000000000e+07
7.806999999999999318e+01 1.930540600000000000e+07
7.804999999999999716e+01 1.855729600000000000e+07
7.893000000000000682e+01 1.609331900000000000e+07
7.756999999999999318e+01 2.021570400000000000e+07
7.754999999999999716e+01 2.306705700000000000e+07
7.943999999999999773e+01 1.892509700000000000e+07
8.000499999999999545e+01 2.448858100000000000e+07
8.120999999999999375e+01 2.782573300000000000e+07
8.089499999999999602e+01 2.812668600000000000e+07
7.959999999999999432e+01 1.863497300000000000e+07
7.975000000000000000e+01 2.166253700000000000e+07
7.896999999999999886e+01 3.073919700000000000e+07
8.040999999999999659e+01 3.111189100000000000e+07
7.956000000000000227e+01 2.559380000000000000e+07
7.845000000000000284e+01 1.889713300000000000e+07
7.884000000000000341e+01 2.413905600000000000e+07
7.989499999999999602e+01 3.693169800000000000e+07
7.942000000000000171e+01 4.585117700000000000e+07
7.670999999999999375e+01 2.242642100000000000e+07
7.559999999999999432e+01 2.525440000000000000e+07
7.573999999999999488e+01 1.862186000000000000e+07
7.623000000000000398e+01 1.723497600000000000e+07
7.651000000000000512e+01 2.087742700000000000e+07
7.518999999999999773e+01 1.581134400000000000e+07
7.443999999999999773e+01 1.619432200000000000e+07
7.446999999999999886e+01 2.121099400000000000e+07
7.561499999999999488e+01 1.506257300000000000e+07
7.562999999999999545e+01 2.027736800000000000e+07
7.540000000000000568e+01 2.695771400000000000e+07
7.498999999999999488e+01 4.195525800000000000e+07
7.590999999999999659e+01 4.264949100000000000e+07
7.800000000000000000e+01 6.129346800000000000e+07
7.623999999999999488e+01 5.330642200000000000e+07
7.578000000000000114e+01 2.010997700000000000e+07
7.749500000000000455e+01 1.926082000000000000e+07
7.782999999999999829e+01 1.674650300000000000e+07
7.765000000000000568e+01 1.951945800000000000e+07
7.673999999999999488e+01 2.509673700000000000e+07
7.623999999999999488e+01 2.282161400000000000e+07
7.518000000000000682e+01 2.179152900000000000e+07
7.404999999999999716e+01 3.413397400000000000e+07
7.628000000000000114e+01 2.591856400000000000e+07
7.645000000000000284e+01 2.517956100000000000e+07
7.671999999999999886e+01 1.919019400000000000e+07
7.773999999999999488e+01 2.100410900000000000e+07
7.817499999999999716e+01 2.396095300000000000e+07
7.615000000000000568e+01 2.204533300000000000e+07
7.615000000000000568e+01 2.739928800000000000e+07
7.718999999999999773e+01 2.645219100000000000e+07
7.845000000000000284e+01 1.817747500000000000e+07
7.801999999999999602e+01 2.004043900000000000e+07
7.921999999999999886e+01 1.437076300000000000e+07
8.001999999999999602e+01 1.413466600000000000e+07
8.077500000000000568e+01 1.064738800000000000e+07
8.076999999999999602e+01 7.685481000000000000e+06
8.060999999999999943e+01 1.986582000000000000e+07
8.145000000000000284e+01 3.139577000000000000e+07
7.987999999999999545e+01 4.333499200000000000e+07
7.840000000000000568e+01 3.422208100000000000e+07
7.610999999999999943e+01 2.920390400000000000e+07
7.468999999999999773e+01 3.155459300000000000e+07
7.698999999999999488e+01 2.939653200000000000e+07
7.782999999999999829e+01 2.809161700000000000e+07
7.773000000000000398e+01 3.349266100000000000e+07
7.618000000000000682e+01 3.221053200000000000e+07
7.684000000000000341e+01 2.535858400000000000e+07
7.651999999999999602e+01 2.573385300000000000e+07
7.635999999999999943e+01 2.430644600000000000e+07
7.523999999999999488e+01 1.439052000000000000e+07
7.487999999999999545e+01 1.668985700000000000e+07
7.545999999999999375e+01 1.677388400000000000e+07
7.509999999999999432e+01 3.178986600000000000e+07
7.770000000000000284e+01 1.599203500000000000e+07
7.762000000000000455e+01 3.272158500000000000e+07
7.562999999999999545e+01 3.225020500000000000e+07
7.401000000000000512e+01 2.210383100000000000e+07
7.375000000000000000e+01 2.306038200000000000e+07
7.359999999999999432e+01 1.915486200000000000e+07
7.332999999999999829e+01 2.544116300000000000e+07
7.434000000000000341e+01 2.069664300000000000e+07
7.423999999999999488e+01 2.870119100000000000e+07
7.487999999999999545e+01 1.947687800000000000e+07
7.425000000000000000e+01 2.644845100000000000e+07
7.471999999999999886e+01 2.653660900000000000e+07
7.460999999999999943e+01 1.873512300000000000e+07
7.500000000000000000e+01 2.157512600000000000e+07
7.559999999999999432e+01 2.077438100000000000e+07
7.526000000000000512e+01 2.138319400000000000e+07
7.482999999999999829e+01 3.591258800000000000e+07
7.576000000000000512e+01 3.932647100000000000e+07
7.387999999999999545e+01 4.072733000000000000e+07
7.498999999999999488e+01 4.454432500000000000e+07
7.410999999999999943e+01 8.326955400000000000e+07
7.585999999999999943e+01 1.061195200000000000e+08
8.076999999999999602e+01 7.421176800000000000e+07
8.028000000000000114e+01 3.016892100000000000e+07
8.067000000000000171e+01 3.224752000000000000e+07
8.004000000000000625e+01 3.505580000000000000e+07
7.837000000000000455e+01 4.186239300000000000e+07
7.868999999999999773e+01 3.225240300000000000e+07
7.695000000000000284e+01 3.470126000000000000e+07
7.595000000000000284e+01 7.634163800000000000e+07
7.262999999999999545e+01 5.352945900000000000e+07
7.320999999999999375e+01 6.152831700000000000e+07
7.359000000000000341e+01 5.029928800000000000e+07
7.298999999999999488e+01 4.393763800000000000e+07
7.290999999999999659e+01 5.214616200000000000e+07
7.590999999999999659e+01 3.248717400000000000e+07
7.751999999999999602e+01 3.297551400000000000e+07
7.629000000000000625e+01 2.531748800000000000e+07
7.755500000000000682e+01 2.572919100000000000e+07
7.743999999999999773e+01 2.334017300000000000e+07
7.707999999999999829e+01 3.648761200000000000e+07
7.654999999999999716e+01 5.509015700000000000e+07
7.904000000000000625e+01 3.589944400000000000e+07
7.900000000000000000e+01 3.403063500000000000e+07
7.879000000000000625e+01 2.887201200000000000e+07
7.721999999999999886e+01 3.735497000000000000e+07
7.853499999999999659e+01 3.059654100000000000e+07
7.829000000000000625e+01 3.672100000000000000e+07
7.679999999999999716e+01 3.191770000000000000e+07
7.790999999999999659e+01 7.663860000000000000e+07
7.700000000000000000e+01 2.298330000000000000e+07
7.643000000000000682e+01 2.864720000000000000e+07
7.607999999999999829e+01 3.767260000000000000e+07
7.457999999999999829e+01 4.957690000000000000e+07
7.748000000000000398e+01 2.667680000000000000e+07
7.792000000000000171e+01 3.221900000000000000e+07
7.743000000000000682e+01 2.986400000000000000e+07
7.667000000000000171e+01 2.876930000000000000e+07
7.789000000000000057e+01 2.814930000000000000e+07
7.726000000000000512e+01 2.940730000000000000e+07
7.595000000000000284e+01 2.662550000000000000e+07
7.582999999999999829e+01 3.233020000000000000e+07
7.668000000000000682e+01 3.478580000000000000e+07
7.481999999999999318e+01 2.622430000000000000e+07
7.385500000000000398e+01 2.192280000000000000e+07
7.462999999999999545e+01 3.623870000000000000e+07
7.596009999999999707e+01 2.388610000000000000e+07
7.501999999999999602e+01 1.969110000000000000e+07
7.456999999999999318e+01 2.087460000000000000e+07
7.456999999999999318e+01 2.007590000000000000e+07
7.481000000000000227e+01 2.287800000000000000e+07
7.529000000000000625e+01 2.661860000000000000e+07
7.459000000000000341e+01 2.391320000000000000e+07
7.362999999999999545e+01 3.884660000000000000e+07
7.429600000000000648e+01 2.218280000000000000e+07
7.376999999999999602e+01 2.919850000000000000e+07
7.282999999999999829e+01 2.737440000000000000e+07
7.343999999999999773e+01 2.454410000000000000e+07
7.306000000000000227e+01 2.715570000000000000e+07
7.317000000000000171e+01 3.809340000000000000e+07
7.246999999999999886e+01 3.094020000000000000e+07
7.268999999999999773e+01 3.482040000000000000e+07
7.351000000000000512e+01 3.065690000000000000e+07
7.235999999999999943e+01 4.345640000000000000e+07
7.265000000000000568e+01 4.390920000000000000e+07
7.467700000000000671e+01 3.682300000000000000e+07
7.370999999999999375e+01 4.112690000000000000e+07
7.492000000000000171e+01 4.164000000000000000e+07
7.518999999999999773e+01 4.582310000000000000e+07
7.498000000000000398e+01 1.240069000000000000e+08
7.129000000000000625e+01 7.743590000000000000e+07
6.926999999999999602e+01 4.030180000000000000e+07
6.940000000000000568e+01 4.943160000000000000e+07
6.841989999999999839e+01 4.226220000000000000e+07
6.640989999999999327e+01 3.802420000000000000e+07
6.765999999999999659e+01 2.954160000000000000e+07
6.716500000000000625e+01 4.421320000000000000e+07
6.790000000000000568e+01 3.846800000000000000e+07
6.634000000000000341e+01 3.916780000000000000e+07
6.487250000000000227e+01 4.438820000000000000e+07
6.496999999999999886e+01 5.137800000000000000e+07
6.275999999999999801e+01 6.885560000000000000e+07
6.529000000000000625e+01 2.870710000000000000e+07
6.629000000000000625e+01 2.520320000000000000e+07
6.645000000000000284e+01 4.180590000000000000e+07
6.806000000000000227e+01 3.316610000000000000e+07
6.729000000000000625e+01 2.710280000000000000e+07
6.759999999999999432e+01 4.644430000000000000e+07
6.712999999999999545e+01 4.764670000000000000e+07
6.743999999999999773e+01 4.424550000000000000e+07
6.571999999999999886e+01 5.728410000000000000e+07
6.537000000000000455e+01 3.443400000000000000e+07
6.450000000000000000e+01 4.640790000000000000e+07
6.434149999999999636e+01 3.413380000000000000e+07
6.559999999999999432e+01 3.549320000000000000e+07
6.440000000000000568e+01 2.763650000000000000e+07
6.418999999999999773e+01 3.085680000000000000e+07
6.450000000000000000e+01 2.938380000000000000e+07
6.429009999999999536e+01 5.564280000000000000e+07
6.578100000000000591e+01 4.415830000000000000e+07
6.576999999999999602e+01 6.920690000000000000e+07
6.288000000000000256e+01 3.757360000000000000e+07
6.250000000000000000e+01 4.238630000000000000e+07
6.318599999999999994e+01 4.735200000000000000e+07
6.334000000000000341e+01 3.651400000000000000e+07
6.286999999999999744e+01 3.221700000000000000e+07
6.307999999999999829e+01 3.594740000000000000e+07
6.329999999999999716e+01 4.525350000000000000e+07
6.382999999999999829e+01 4.270000000000000000e+07
6.350999999999999801e+01 4.779500000000000000e+07
6.347999999999999687e+01 5.568200000000000000e+07
6.135099999999999909e+01 3.829400000000000000e+07
6.052000000000000313e+01 5.420000000000000000e+07
6.049000000000000199e+01 5.899200000000000000e+07
5.856000000000000227e+01 5.393100000000000000e+07
5.921000000000000085e+01 4.303400000000000000e+07
5.801989999999999981e+01 4.793300000000000000e+07
5.791899999999999693e+01 5.681400000000000000e+07
5.922999999999999687e+01 4.742900000000000000e+07
5.982999999999999829e+01 4.852500000000000000e+07
5.982999999999999829e+01 4.857500000000000000e+07
5.724000000000000199e+01 5.258400000000000000e+07
5.675999999999999801e+01 6.125100000000000000e+07
5.739000000000000057e+01 7.858700000000000000e+07
5.853000000000000114e+01 5.590100000000000000e+07
6.121999999999999886e+01 4.605700000000000000e+07
6.046000000000000085e+01 5.418900000000000000e+07
6.114999999999999858e+01 8.242900000000000000e+07
5.978000000000000114e+01 7.609300000000000000e+07
5.814999999999999858e+01 7.555700000000000000e+07
5.614000000000000057e+01 1.077580000000000000e+08
5.771000000000000085e+01 9.250200000000000000e+07
6.086999999999999744e+01 1.387690000000000000e+08
6.135999999999999943e+01 9.656500000000000000e+07
6.303009999999999735e+01 6.063100000000000000e+07
6.124000000000000199e+01 6.036400000000000000e+07
5.893999999999999773e+01 8.804000000000000000e+07
5.971999999999999886e+01 7.877400000000000000e+07
5.909000000000000341e+01 1.086230000000000000e+08
5.889000000000000057e+01 7.232500000000000000e+07
5.853000000000000114e+01 9.145200000000000000e+07
5.915999999999999659e+01 1.149880000000000000e+08
6.240999999999999659e+01 1.002150000000000000e+08
5.819010000000000105e+01 7.883600000000000000e+07
5.695000000000000284e+01 1.084880000000000000e+08
5.674900000000000233e+01 1.252144000000000000e+08
5.949000000000000199e+01 8.385900000000000000e+07
6.271999999999999886e+01 6.627700000000000000e+07
6.261999999999999744e+01 5.929100000000000000e+07
6.024000000000000199e+01 5.301100000000000000e+07
6.000999999999999801e+01 6.705200000000000000e+07
6.096999999999999886e+01 1.126500000000000000e+08
6.038499999999999801e+01 9.750390000000000000e+07
6.489000000000000057e+01 6.878600000000000000e+07
6.409999999999999432e+01 8.569600000000000000e+07
6.723999999999999488e+01 5.999990000000000000e+07
6.696999999999999886e+01 4.443900000000000000e+07
6.823999999999999488e+01 4.398100000000000000e+07
6.918999999999999773e+01 4.082700000000000000e+07
6.873990000000000578e+01 5.219700000000000000e+07
6.771999999999999886e+01 4.822700000000000000e+07
6.882999999999999829e+01 5.709100000000000000e+07
7.087990000000000634e+01 4.634050000000000000e+07
7.009999999999999432e+01 5.940830000000000000e+07
7.203000000000000114e+01 5.987160000000000000e+07
6.979999999999999716e+01 3.892700000000000000e+07
7.084000000000000341e+01 4.602650000000000000e+07
7.156999999999999318e+01 7.456770000000000000e+07
6.879999999999999716e+01 4.201350000000000000e+07
6.740999999999999659e+01 5.682410000000000000e+07
6.845999999999999375e+01 6.678370000000000000e+07
6.893999999999999773e+01 4.165370000000000000e+07
6.926000000000000512e+01 5.532270000000000000e+07
6.984999999999999432e+01 5.207700000000000000e+07
7.078000000000000114e+01 7.662030000000000000e+07
6.859000000000000341e+01 7.093240000000000000e+07
6.962999999999999545e+01 1.309289000000000000e+08
6.806000000000000227e+01 6.208710000000000000e+07
6.729999999999999716e+01 4.380990000000000000e+07
6.709000000000000341e+01 3.669490000000000000e+07
6.732999999999999829e+01 6.191170000000000000e+07
6.445000000000000284e+01 4.728210000000000000e+07
6.485099999999999909e+01 4.567560000000000000e+07
6.354800000000000182e+01 4.366610000000000000e+07
6.431999999999999318e+01 6.070430000000000000e+07
6.215999999999999659e+01 4.208650000000000000e+07
6.218999999999999773e+01 5.168510000000000000e+07
6.275000000000000000e+01 4.598550000000000000e+07
6.147999999999999687e+01 7.486660000000000000e+07
6.257000000000000028e+01 8.779460000000000000e+07
6.107999999999999829e+01 1.501789000000000000e+08
5.353000000000000114e+01 9.299560000000000000e+07
5.514000000000000057e+01 4.819120000000000000e+07
5.354999999999999716e+01 7.392410000000000000e+07
5.445000000000000284e+01 5.520070000000000000e+07
5.663000000000000256e+01 4.795180000000000000e+07
5.750999999999999801e+01 6.135290000000000000e+07
5.850999999999999801e+01 4.866920000000000000e+07
5.629999999999999716e+01 4.084920000000000000e+07
5.718999999999999773e+01 3.454180000000000000e+07
5.760000000000000142e+01 3.366340000000000000e+07
5.774000000000000199e+01 3.750360000000000000e+07
5.590999999999999659e+01 6.301090000000000000e+07
5.793999999999999773e+01 4.244950000000000000e+07
5.721999999999999886e+01 9.225330000000000000e+07
5.822999999999999687e+01 5.668240000000000000e+07
5.792000000000000171e+01 7.720740000000000000e+07
5.720000000000000284e+01 6.885260000000000000e+07
5.455700000000000216e+01 3.824620000000000000e+07
5.471000000000000085e+01 4.319550000000000000e+07
5.464900000000000091e+01 4.307620000000000000e+07
5.371000000000000085e+01 6.830700000000000000e+07
5.543999999999999773e+01 6.046600000000000000e+07
5.772999999999999687e+01 5.510100000000000000e+07
5.796000000000000085e+01 4.661780000000000000e+07
5.777000000000000313e+01 9.829700000000000000e+07
5.511999999999999744e+01 2.398240000000000000e+08
5.504999999999999716e+01 8.975320000000000000e+07
5.557000000000000028e+01 7.600300000000000000e+07
5.485999999999999943e+01 7.875100000000000000e+07
5.381000000000000227e+01 8.511900000000000000e+07
5.332000000000000028e+01 8.264100000000000000e+07
5.182999999999999829e+01 9.272300000000000000e+07
4.938000000000000256e+01 6.577600000000000000e+07
5.024499999999999744e+01 6.847900000000000000e+07
4.884000000000000341e+01 3.605600000000000000e+07
4.793999999999999773e+01 4.293800000000000000e+07
4.834000000000000341e+01 4.385500000000000000e+07
4.861999999999999744e+01 6.089000000000000000e+07
4.672999999999999687e+01 3.208600000000000000e+07
4.706000000000000227e+01 5.077400000000000000e+07
4.700999999999999801e+01 2.295390000000000000e+07
4.649000000000000199e+01 4.499300000000000000e+07
4.589000000000000057e+01 8.201600000000000000e+07
4.482000000000000028e+01 8.256500000000000000e+07
4.622999999999999687e+01 4.054500000000000000e+07
4.670000000000000284e+01 3.488600000000000000e+07
4.642999999999999972e+01 5.393300000000000000e+07
4.635999999999999943e+01 7.560200000000000000e+07
4.582999999999999829e+01 8.591000000000000000e+07
4.900999999999999801e+01 4.245300000000000000e+07
4.899000000000000199e+01 7.511700000000000000e+07
4.871000000000000085e+01 7.924500000000000000e+07
4.660499999999999687e+01 6.819600000000000000e+07
4.620000000000000284e+01 8.091000000000000000e+07
4.753000000000000114e+01 7.073100000000000000e+07
4.756000000000000227e+01 9.712800000000000000e+07
4.911999999999999744e+01 6.788900000000000000e+07
5.010499999999999687e+01 7.683500000000000000e+07
4.821999999999999886e+01 8.037100000000000000e+07
4.975000000000000000e+01 9.503300000000000000e+07
5.020499999999999829e+01 2.488090000000000000e+08
4.900999999999999801e+01 1.270730000000000000e+08
4.939500000000000313e+01 1.021430000000000000e+08
5.022899999999999920e+01 7.347200000000000000e+07
5.195000000000000284e+01 4.508500000000000000e+07
5.244500000000000028e+01 4.677500000000000000e+07
5.189999999999999858e+01 5.720700000000000000e+07
5.267499999999999716e+01 8.320400000000000000e+07
5.385000000000000142e+01 5.823500000000000000e+07
5.421999999999999886e+01 8.826000000000000000e+07
5.221000000000000085e+01 7.152200000000000000e+07
5.113499999999999801e+01 6.467800000000000000e+07
4.950000000000000000e+01 8.116700000000000000e+07
4.950999999999999801e+01 6.878100000000000000e+07
4.910999999999999943e+01 5.842800000000000000e+07
4.904999999999999716e+01 9.977400000000000000e+07
4.677000000000000313e+01 1.472970000000000000e+08
4.714000000000000057e+01 1.360810000000000000e+08
5.051500000000000057e+01 5.720400000000000000e+07
5.103999999999999915e+01 7.444700000000000000e+07
4.918299999999999983e+01 8.204500000000000000e+07
5.028000000000000114e+01 6.283400000000000000e+07
5.042000000000000171e+01 9.811400000000000000e+07
5.022999999999999687e+01 1.000950000000000000e+08
5.124000000000000199e+01 8.141050000000000000e+07
5.039000000000000057e+01 9.822010000000000000e+07
4.946000000000000085e+01 8.787970000000000000e+07
4.845000000000000284e+01 1.367161000000000000e+08
4.718999999999999773e+01 7.517700000000000000e+07
4.749000000000000199e+01 1.155084000000000000e+08
4.597999999999999687e+01 6.397240000000000000e+07
4.522999999999999687e+01 7.931700000000000000e+07
4.507000000000000028e+01 9.193460000000000000e+07
4.250999999999999801e+01 7.042420000000000000e+07
4.431000000000000227e+01 5.276530000000000000e+07
4.475000000000000000e+01 6.807230000000000000e+07
4.503999999999999915e+01 7.232830000000000000e+07
4.360000000000000142e+01 5.454030000000000000e+07
4.403999999999999915e+01 7.579470000000000000e+07
4.395000000000000284e+01 1.175357000000000000e+08
4.265999999999999659e+01 5.003540000000000000e+07
4.178000000000000114e+01 4.258190000000000000e+07
4.186999999999999744e+01 4.877490000000000000e+07
4.129399999999999693e+01 6.773510000000000000e+07
4.128000000000000114e+01 5.830340000000000000e+07
4.054800000000000182e+01 5.791820000000000000e+07
3.964000000000000057e+01 7.269510000000000000e+07
4.134000000000000341e+01 9.416240000000000000e+07
4.054999999999999716e+01 8.644230000000000000e+07
3.854999999999999716e+01 2.193120000000000000e+07
3.832000000000000028e+01 4.611690000000000000e+07
3.840999999999999659e+01 5.799520000000000000e+07
3.781000000000000227e+01 5.760960000000000000e+07
3.707999999999999829e+01 4.584080000000000000e+07
3.656000000000000227e+01 5.652110000000000000e+07
3.664999999999999858e+01 4.842390000000000000e+07
3.701899999999999835e+01 6.537920000000000000e+07
3.821999999999999886e+01 3.116100000000000000e+07
3.850000000000000000e+01 4.353230000000000000e+07
3.853999999999999915e+01 4.130100000000000000e+07
3.886999999999999744e+01 6.885480000000000000e+07
3.854999999999999716e+01 6.395080000000000000e+07
3.918900000000000006e+01 7.999480000000000000e+07
3.804999999999999716e+01 7.305850000000000000e+07
3.748899999999999721e+01 1.060665000000000000e+08
3.679999999999999716e+01 1.548287000000000000e+08
3.762700000000000244e+01 1.735828000000000000e+08
3.542999999999999972e+01 1.247188000000000000e+08
3.400999999999999801e+01 1.360289000000000000e+08
3.435900000000000176e+01 3.654579000000000000e+08
2.651000000000000156e+01 8.263560000000000000e+07
2.612999999999999901e+01 2.822160000000000000e+07
2.604500000000000171e+01 2.752630000000000000e+07
2.588100000000000023e+01 4.653970000000000000e+07
2.617999999999999972e+01 2.480690000000000000e+07
2.664999999999999858e+01 2.151850000000000000e+07
2.632000000000000028e+01 3.081760000000000000e+07
2.628000000000000114e+01 2.423400000000000000e+07
2.591000000000000014e+01 1.653790000000000000e+07
2.580999999999999872e+01 2.677740000000000000e+07
2.580000000000000071e+01 2.672180000000000000e+07
2.548000000000000043e+01 3.038790000000000000e+07
2.471000000000000085e+01 2.706460000000000000e+07
2.437000000000000099e+01 2.022950000000000000e+07
2.451999999999999957e+01 1.040440000000000000e+07
2.441000000000000014e+01 1.839410000000000000e+07
2.480999999999999872e+01 2.058220000000000000e+07
2.487999999999999901e+01 9.677890000000000000e+07
2.466000000000000014e+01 3.469410000000000000e+07
2.416000000000000014e+01 2.989030000000000000e+07
2.425000000000000000e+01 2.471320000000000000e+07
2.393499999999999872e+01 4.062600000000000000e+07
2.453000000000000114e+01 4.583390000000000000e+07
2.389999999999999858e+01 4.276560000000000000e+07
2.430900000000000105e+01 3.179060000000000000e+07
2.421000000000000085e+01 3.670910000000000000e+07
2.402199999999999847e+01 3.366450000000000000e+07
2.362999999999999901e+01 3.067710000000000000e+07
2.373000000000000043e+01 3.118930000000000000e+07
2.376999999999999957e+01 2.644580000000000000e+07
2.403000000000000114e+01 2.988590000000000000e+07
2.432999999999999829e+01 5.839300000000000000e+07
2.329100000000000037e+01 3.869920000000000000e+07
2.296999999999999886e+01 3.126070000000000000e+07
2.289900000000000091e+01 5.381970000000000000e+07
2.351999999999999957e+01 3.476080000000000000e+07
2.384799999999999898e+01 3.573380000000000000e+07
2.434799999999999898e+01 3.592500000000000000e+07
2.455000000000000071e+01 6.073320000000000000e+07
2.332000000000000028e+01 6.423780000000000000e+07
2.410000000000000142e+01 5.007970000000000000e+07
2.431250000000000000e+01 5.872790000000000000e+07
2.505999999999999872e+01 3.766310000000000000e+07
2.515899999999999892e+01 4.531450000000000000e+07
2.566000000000000014e+01 2.626130000000000000e+07
2.575900000000000034e+01 4.240290000000000000e+07
2.625000000000000000e+01 2.946270000000000000e+07
2.612999999999999901e+01 3.549910000000000000e+07
2.660000000000000142e+01 3.029980000000000000e+07
2.707000000000000028e+01 2.493030000000000000e+07
2.682000000000000028e+01 2.906880000000000000e+07
2.667999999999999972e+01 3.084710000000000000e+07
2.703999999999999915e+01 3.345720000000000000e+07
2.712000000000000099e+01 3.465490000000000000e+07
2.688899999999999935e+01 4.125910000000000000e+07
2.757000000000000028e+01 4.393940000000000000e+07
2.831099999999999994e+01 5.850640000000000000e+07
2.896999999999999886e+01 1.042570000000000000e+08
2.742999999999999972e+01 6.456760000000000000e+07
2.776899999999999835e+01 3.624570000000000000e+07
2.698000000000000043e+01 2.920110000000000000e+07
2.685000000000000142e+01 3.301800000000000000e+07
2.614000000000000057e+01 1.715000000000000000e+07
2.610999999999999943e+01 1.972990000000000000e+07
2.598000000000000043e+01 2.519150000000000000e+07
2.596999999999999886e+01 2.568760000000000000e+07
2.573000000000000043e+01 2.038090000000000000e+07
2.569000000000000128e+01 3.905900000000000000e+07
2.662500000000000000e+01 2.644060000000000000e+07
2.692000000000000171e+01 2.736590000000000000e+07
2.651999999999999957e+01 3.027540000000000000e+07
2.739999999999999858e+01 2.869740000000000000e+07
2.801749999999999829e+01 3.336850000000000000e+07
2.757000000000000028e+01 4.594940000000000000e+07
2.658999999999999986e+01 2.131110000000000000e+07
2.684900000000000020e+01 2.725600000000000000e+07
2.739000000000000057e+01 6.456660000000000000e+07
2.707250000000000156e+01 8.201680000000000000e+07
2.625000000000000000e+01 4.819520000000000000e+07
2.542000000000000171e+01 3.515330000000000000e+07
2.553000000000000114e+01 2.224930000000000000e+07
2.557999999999999829e+01 2.858570000000000000e+07
2.608999999999999986e+01 5.229740000000000000e+07
2.520499999999999829e+01 2.695720000000000000e+07
2.513100000000000023e+01 3.919900000000000000e+07
2.573000000000000043e+01 1.845630000000000000e+07
2.573999999999999844e+01 2.433610000000000000e+07
2.585999999999999943e+01 4.400650000000000000e+07
2.655000000000000071e+01 2.525420000000000000e+07
2.648999999999999844e+01 2.665370000000000000e+07
2.664499999999999957e+01 3.159740000000000000e+07
2.703999999999999915e+01 2.764640000000000000e+07
2.707999999999999829e+01 3.961950000000000000e+07
2.782999999999999829e+01 2.756960000000000000e+07
2.814000000000000057e+01 3.564210000000000000e+07
2.796000000000000085e+01 4.419890000000000000e+07
2.857799999999999940e+01 7.454020000000000000e+07
2.745250000000000057e+01 3.353260000000000000e+07
2.751999999999999957e+01 4.062220000000000000e+07
2.771999999999999886e+01 3.240070000000000000e+07
2.778000000000000114e+01 5.406480000000000000e+07
2.725000000000000000e+01 8.302780000000000000e+07
2.687000000000000099e+01 4.431970000000000000e+07
2.739000000000000057e+01 3.161170000000000000e+07
2.726999999999999957e+01 3.465200000000000000e+07
2.712999999999999901e+01 3.635020000000000000e+07
2.728300000000000125e+01 4.964230000000000000e+07
2.846199999999999974e+01 4.209820000000000000e+07
2.892999999999999972e+01 4.939640000000000000e+07
2.832000000000000028e+01 3.310930000000000000e+07
2.850000000000000000e+01 3.561580000000000000e+07
2.790749999999999886e+01 5.016400000000000000e+07
2.737000000000000099e+01 9.349870000000000000e+07
2.826000000000000156e+01 3.736180000000000000e+07
2.854500000000000171e+01 3.770880000000000000e+07
2.864999999999999858e+01 3.454010000000000000e+07
2.905000000000000071e+01 3.837590000000000000e+07
2.864000000000000057e+01 4.794820000000000000e+07
2.810900000000000176e+01 9.236220000000000000e+07
2.973000000000000043e+01 8.585670000000000000e+07
3.098100000000000165e+01 1.907449000000000000e+08
3.123999999999999844e+01 8.768210000000000000e+07
3.078999999999999915e+01 7.297650000000000000e+07
3.246900000000000119e+01 5.968250000000000000e+07
3.153999999999999915e+01 5.436360000000000000e+07
3.107999999999999829e+01 4.384510000000000000e+07
3.082000000000000028e+01 4.889980000000000000e+07
3.072899999999999920e+01 5.524330000000000000e+07
2.966000000000000014e+01 4.963150000000000000e+07
3.014000000000000057e+01 4.025670000000000000e+07
2.985000000000000142e+01 7.533270000000000000e+07
3.010000000000000142e+01 1.732426000000000000e+08
3.094750000000000156e+01 9.889280000000000000e+07
3.171999999999999886e+01 8.959800000000000000e+07
3.130000000000000071e+01 9.531640000000000000e+07
3.058999999999999986e+01 1.047877000000000000e+08
2.906070000000000064e+01 4.587130000000000000e+07
2.942129999999999868e+01 8.378180000000000000e+07
2.876000000000000156e+01 7.271540000000000000e+07
2.776999999999999957e+01 6.314060000000000000e+07
2.800000000000000000e+01 6.984640000000000000e+07
2.661970000000000169e+01 6.037450000000000000e+07
2.591120000000000090e+01 5.657480000000000000e+07
2.605000000000000071e+01 4.348170000000000000e+07
2.651000000000000156e+01 3.317540000000000000e+07
2.692999999999999972e+01 2.823010000000000000e+07
2.626000000000000156e+01 5.455520000000000000e+07
2.735999999999999943e+01 3.557480000000000000e+07
2.741000000000000014e+01 6.139030000000000000e+07
2.771000000000000085e+01 6.051290000000000000e+07
2.675000000000000000e+01 5.774250000000000000e+07
2.681200000000000117e+01 9.163160000000000000e+07
2.823999999999999844e+01 8.105160000000000000e+07
2.758010000000000161e+01 4.670420000000000000e+07
2.798000000000000043e+01 7.709910000000000000e+07
2.783999999999999986e+01 5.060850000000000000e+07
2.748499999999999943e+01 5.175190000000000000e+07
2.696999999999999886e+01 4.600150000000000000e+07
2.771000000000000085e+01 5.897630000000000000e+07
2.746000000000000085e+01 7.286920000000000000e+07
2.703999999999999915e+01 1.235261000000000000e+08
2.800000000000000000e+01 1.270496000000000000e+08
2.732000000000000028e+01 8.875970000000000000e+07
2.635999999999999943e+01 4.920560000000000000e+07
2.614999999999999858e+01 8.576060000000000000e+07
2.594000000000000128e+01 1.238650000000000000e+08
2.399800000000000111e+01 2.952090000000000000e+07
2.432000000000000028e+01 8.986240000000000000e+07
2.310000000000000142e+01 4.665530000000000000e+07
2.292000000000000171e+01 8.502130000000000000e+07
2.356070000000000064e+01 1.071822000000000000e+08
2.217000000000000171e+01 7.885770000000000000e+07
2.235999999999999943e+01 2.297510000000000000e+08
1.985999999999999943e+01 7.177510000000000000e+07
2.007000000000000028e+01 6.734920000000000000e+07
1.921000000000000085e+01 4.229550000000000000e+07
1.998999999999999844e+01 3.425460000000000000e+07
2.046999999999999886e+01 3.339680000000000000e+07
2.117119999999999891e+01 2.906270000000000000e+07
2.125000000000000000e+01 3.180670000000000000e+07
2.117999999999999972e+01 3.834440000000000000e+07
2.121000000000000085e+01 3.771390000000000000e+07
2.110999999999999943e+01 9.937820000000000000e+07
2.194249999999999901e+01 7.317580000000000000e+07
2.255999999999999872e+01 7.614200000000000000e+07
2.322990000000000066e+01 2.289499000000000000e+08
1.950000000000000000e+01 7.838120000000000000e+07
1.932100000000000151e+01 3.244730000000000000e+07
1.900000000000000000e+01 3.483500000000000000e+07
1.897500000000000142e+01 5.215740000000000000e+07
1.987999999999999901e+01 4.407450000000000000e+07
1.948000000000000043e+01 2.183470000000000000e+07
1.951999999999999957e+01 2.018970000000000000e+07
1.951810000000000045e+01 1.880940000000000000e+07
1.975000000000000000e+01 2.181730000000000000e+07
1.964000000000000057e+01 3.932180000000000000e+07
2.022700000000000031e+01 2.716180000000000000e+07
2.039999999999999858e+01 3.223670000000000000e+07
2.091000000000000014e+01 4.052930000000000000e+07
2.194750000000000156e+01 4.689210000000000000e+07
2.182999999999999829e+01 3.200010000000000000e+07
2.226999999999999957e+01 2.934140000000000000e+07
2.198999999999999844e+01 5.126270000000000000e+07
2.166000000000000014e+01 6.548600000000000000e+07
2.032000000000000028e+01 3.021590000000000000e+07
2.062000000000000099e+01 3.827190000000000000e+07
2.028000000000000114e+01 4.629170000000000000e+07
2.078999999999999915e+01 7.910650000000000000e+07
2.285999999999999943e+01 5.121810000000000000e+07
2.258999999999999986e+01 5.724890000000000000e+07
2.328999999999999915e+01 7.878280000000000000e+07
2.187000000000000099e+01 3.676050000000000000e+07
2.151999999999999957e+01 5.066760000000000000e+07
2.200000000000000000e+01 7.281980000000000000e+07
2.071300000000000097e+01 6.504160000000000000e+07
2.093100000000000094e+01 1.215840000000000000e+08
1.942999999999999972e+01 5.050820000000000000e+07
1.880999999999999872e+01 2.479780000000000000e+07
1.898000000000000043e+01 3.637170000000000000e+07
1.896000000000000085e+01 4.606650000000000000e+07
1.857999999999999829e+01 6.078180000000000000e+07
1.772899999999999920e+01 4.662240000000000000e+07
1.805799999999999983e+01 5.876420000000000000e+07
1.908849999999999980e+01 3.064750000000000000e+07
1.910000000000000142e+01 1.612470000000000000e+07
1.933999999999999986e+01 2.541700000000000000e+07
1.914999999999999858e+01 2.070400000000000000e+07
1.940899999999999892e+01 2.962220000000000000e+07
1.944000000000000128e+01 3.281370000000000000e+07
1.943900000000000006e+01 4.989220000000000000e+07
1.915899999999999892e+01 7.064060000000000000e+07
2.001099999999999923e+01 1.011866000000000000e+08
1.905000000000000071e+01 1.292934000000000000e+08
1.987000000000000099e+01 1.575653000000000000e+08
2.119999999999999929e+01 4.786110000000000000e+07
2.037999999999999901e+01 3.930880000000000000e+07
2.160000000000000142e+01 2.497310000000000000e+07
2.180699999999999861e+01 2.579470000000000000e+07
2.101000000000000156e+01 1.561070000000000000e+07
2.071999999999999886e+01 2.953740000000000000e+07
2.071999999999999886e+01 3.678290000000000000e+07
2.192000000000000171e+01 2.777890000000000000e+07
2.108999999999999986e+01 8.064700000000000000e+07
2.003999999999999915e+01 5.637450000000000000e+07
2.087999999999999901e+01 4.460440000000000000e+07
2.171000000000000085e+01 5.617940000000000000e+07
2.314999999999999858e+01 2.928590000000000000e+07
2.370499999999999829e+01 1.231023000000000000e+08
2.684499999999999886e+01 6.459740000000000000e+07
2.933999999999999986e+01 1.723020000000000000e+07
2.844999999999999929e+01 1.153980000000000000e+07
2.875000000000000000e+01 1.239070000000000000e+07
2.876000000000000156e+01 1.186910000000000000e+07
2.900000000000000000e+01 1.368510000000000000e+07
2.910999999999999943e+01 1.684180000000000000e+07
2.808999999999999986e+01 3.043860000000000000e+07
2.824500000000000099e+01 2.467210000000000000e+07
3.071999999999999886e+01 8.108300000000000000e+06
3.080999999999999872e+01 1.130070000000000000e+07
3.096999999999999886e+01 1.303030000000000000e+07
3.146999999999999886e+01 1.426950000000000000e+07
3.217000000000000171e+01 1.778520000000000000e+07
3.173000000000000043e+01 1.094560000000000000e+07
3.146999999999999886e+01 1.003210000000000000e+07
3.119999999999999929e+01 8.763600000000000000e+06
3.077100000000000080e+01 1.412200000000000000e+07
3.109499999999999886e+01 1.952690000000000000e+07
3.135999999999999943e+01 1.771330000000000000e+07
3.222999999999999687e+01 2.856800000000000000e+07
3.310000000000000142e+01 2.485870000000000000e+07
3.206000000000000227e+01 2.435290000000000000e+07
3.304999999999999716e+01 7.483400000000000000e+07
3.183999999999999986e+01 2.187530000000000000e+07
3.160000000000000142e+01 1.555360000000000000e+07
3.191100000000000136e+01 3.084900000000000000e+07
3.141000000000000014e+01 4.297890000000000000e+07
3.001399999999999935e+01 4.356380000000000000e+07
2.828999999999999915e+01 1.685500000000000000e+07
2.726999999999999957e+01 1.710280000000000000e+07
2.739999999999999858e+01 1.581680000000000000e+07
2.700499999999999901e+01 2.821960000000000000e+07
2.710000000000000142e+01 3.803400000000000000e+07
2.630999999999999872e+01 2.615950000000000000e+07
2.680999999999999872e+01 6.148920000000000000e+07
2.586899999999999977e+01 4.247340000000000000e+07
2.689999999999999858e+01 3.523030000000000000e+07
2.771999999999999886e+01 4.185550000000000000e+07
2.960000000000000142e+01 1.116392000000000000e+08
2.819000000000000128e+01 5.726790000000000000e+07
2.883999999999999986e+01 7.806340000000000000e+07
3.191000000000000014e+01 3.714980000000000000e+07
3.303000000000000114e+01 5.023720000000000000e+07
3.200000000000000000e+01 7.360000000000000000e+07
3.100000000000000000e+01 1.017866000000000000e+08
3.403000000000000114e+01 1.681927000000000000e+08
3.823179999999999978e+01 5.735764000000000000e+08
