2.183999999999999986e+01 2.470906000000000000e+06
2.156500000000000128e+01 1.584697000000000000e+06
2.287999999999999901e+01 2.087611000000000000e+06
2.376999999999999957e+01 1.574965000000000000e+06
2.203999999999999915e+01 1.979843000000000000e+06
2.460000000000000142e+01 2.435400000000000000e+06
2.333999999999999986e+01 3.077522000000000000e+06
2.164999999999999858e+01 2.434903000000000000e+06
1.980999999999999872e+01 2.577625000000000000e+06
2.005000000000000071e+01 3.236809000000000000e+06
2.194000000000000128e+01 2.025502000000000000e+06
2.141000000000000014e+01 3.443461000000000000e+06
2.378999999999999915e+01 3.156972000000000000e+06
2.319000000000000128e+01 3.320633000000000000e+06
2.537999999999999901e+01 2.710384000000000000e+06
2.555999999999999872e+01 3.106716000000000000e+06
2.751999999999999957e+01 3.077697000000000000e+06
2.876000000000000156e+01 3.554906000000000000e+06
2.712999999999999901e+01 4.129752000000000000e+06
2.851999999999999957e+01 2.821346000000000000e+06
2.912000000000000099e+01 2.206325000000000000e+06
3.067000000000000171e+01 2.778676000000000000e+06
3.071000000000000085e+01 4.065571000000000000e+06
3.155369999999999919e+01 2.871340000000000000e+06
3.022360000000000113e+01 3.917379000000000000e+06
3.075959999999999894e+01 2.763464000000000000e+06
3.215910000000000224e+01 2.761161000000000000e+06
3.258599999999999852e+01 1.922764000000000000e+06
3.401520000000000010e+01 1.503855000000000000e+06
3.523610000000000042e+01 1.593492000000000000e+06
3.626839999999999975e+01 1.605168000000000000e+06
3.725099999999999767e+01 6.741700000000000000e+05
3.694330000000000069e+01 9.655820000000000000e+05
3.703260000000000218e+01 7.505380000000000000e+05
3.724110000000000298e+01 1.059421000000000000e+06
3.688380000000000081e+01 9.077380000000000000e+05
3.633789999999999765e+01 9.268930000000000000e+05
3.650659999999999883e+01 1.441973000000000000e+06
3.609960000000000235e+01 1.047945000000000000e+06
3.622870000000000346e+01 2.530226000000000000e+06
3.764800000000000324e+01 1.984727000000000000e+06
3.712199999999999989e+01 1.072480000000000000e+06
3.655619999999999692e+01 1.084722000000000000e+06
3.605989999999999895e+01 1.604331000000000000e+06
3.618900000000000006e+01 9.784980000000000000e+05
3.572249999999999659e+01 8.760590000000000000e+05
3.634779999999999944e+01 1.353070000000000000e+06
3.609960000000000235e+01 1.838808000000000000e+06
3.577210000000000178e+01 2.762270000000000000e+06
3.662570000000000192e+01 2.407370000000000000e+06
3.811449999999999960e+01 1.321156000000000000e+06
3.812449999999999761e+01 1.416727000000000000e+06
3.828820000000000334e+01 1.662667000000000000e+06
3.794579999999999842e+01 1.835130000000000000e+06
3.651650000000000063e+01 8.895940000000000000e+05
3.626839999999999975e+01 1.441545000000000000e+06
3.603020000000000067e+01 1.206957000000000000e+06
3.581680000000000064e+01 1.067149000000000000e+06
3.622870000000000346e+01 8.509820000000000000e+05
3.614929999999999666e+01 1.799546000000000000e+06
3.619890000000000185e+01 9.557220000000000000e+05
3.574730000000000274e+01 7.933220000000000000e+05
3.583160000000000167e+01 9.402670000000000000e+05
3.618900000000000006e+01 1.142526000000000000e+06
3.612939999999999685e+01 9.884350000000000000e+05
3.616910000000000025e+01 8.939710000000000000e+05
3.645199999999999818e+01 8.327900000000000000e+05
3.652640000000000242e+01 6.967080000000000000e+05
3.622870000000000346e+01 3.471050000000000000e+05
3.635770000000000124e+01 1.149180000000000000e+06
3.595069999999999766e+01 2.579024000000000000e+06
3.578199999999999648e+01 1.098569000000000000e+06
3.573239999999999839e+01 1.880818000000000000e+06
3.597059999999999746e+01 1.019306000000000000e+06
3.562319999999999709e+01 1.097758000000000000e+06
3.559340000000000259e+01 1.363637000000000000e+06
3.569270000000000209e+01 1.350806000000000000e+06
3.502770000000000294e+01 1.647272000000000000e+06
3.466040000000000276e+01 1.210663000000000000e+06
3.453139999999999787e+01 1.068321000000000000e+06
3.434279999999999688e+01 8.928800000000000000e+05
3.437749999999999773e+01 1.203137000000000000e+06
3.438250000000000028e+01 1.198067000000000000e+06
3.409470000000000312e+01 1.087081000000000000e+06
3.455619999999999692e+01 1.014358000000000000e+06
3.471999999999999886e+01 5.287280000000000000e+05
3.476959999999999695e+01 7.572500000000000000e+05
3.492840000000000344e+01 1.485605000000000000e+06
3.459089999999999776e+01 1.108775000000000000e+06
3.461569999999999681e+01 1.140024000000000000e+06
3.452150000000000318e+01 9.921100000000000000e+05
3.473490000000000322e+01 1.548949000000000000e+06
3.516660000000000252e+01 1.301555000000000000e+06
3.420380000000000109e+01 1.344346000000000000e+06
3.334530000000000172e+01 1.682434000000000000e+06
3.320130000000000337e+01 1.251312000000000000e+06
3.332039999999999935e+01 9.948820000000000000e+05
3.355870000000000175e+01 9.958920000000000000e+05
3.396560000000000201e+01 7.688240000000000000e+05
3.417410000000000281e+01 1.551508000000000000e+06
3.399539999999999651e+01 2.731812000000000000e+06
3.208970000000000056e+01 1.430337000000000000e+06
3.191100000000000136e+01 2.289616000000000000e+06
3.166290000000000049e+01 1.476123000000000000e+06
3.162320000000000064e+01 2.996985000000000000e+06
3.100779999999999959e+01 1.531716000000000000e+06
3.112689999999999912e+01 1.198136000000000000e+06
3.181169999999999831e+01 1.129562000000000000e+06
3.197060000000000102e+01 2.133576000000000000e+06
3.146440000000000126e+01 1.282118000000000000e+06
3.136510000000000176e+01 1.456268000000000000e+06
3.236760000000000304e+01 9.050600000000000000e+05
3.252640000000000242e+01 1.523424000000000000e+06
3.185150000000000148e+01 1.581784000000000000e+06
3.129070000000000107e+01 2.453810000000000000e+06
3.125590000000000046e+01 2.047636000000000000e+06
3.135020000000000095e+01 1.160056000000000000e+06
3.120629999999999882e+01 1.148910000000000000e+06
3.077949999999999875e+01 1.178758000000000000e+06
3.092839999999999989e+01 1.571702000000000000e+06
3.019879999999999853e+01 1.167354000000000000e+06
3.003509999999999991e+01 1.147602000000000000e+06
2.981169999999999831e+01 1.234910000000000000e+06
3.026330000000000098e+01 9.625610000000000000e+05
3.025840000000000174e+01 9.989780000000000000e+05
3.016410000000000124e+01 1.074102000000000000e+06
3.008470000000000155e+01 1.123876000000000000e+06
3.094819999999999993e+01 8.807230000000000000e+05
3.130549999999999855e+01 7.120920000000000000e+05
3.124599999999999866e+01 8.707450000000000000e+05
3.123610000000000042e+01 1.318245000000000000e+06
3.176210000000000022e+01 1.459454000000000000e+06
3.129560000000000031e+01 1.208646000000000000e+06
3.194079999999999941e+01 8.550460000000000000e+05
3.184149999999999991e+01 1.598772000000000000e+06
3.173229999999999862e+01 6.352270000000000000e+05
3.225840000000000174e+01 1.212803000000000000e+06
3.257600000000000051e+01 8.906410000000000000e+05
3.324099999999999966e+01 6.530620000000000000e+05
3.345940000000000225e+01 9.387820000000000000e+05
3.344950000000000045e+01 1.159707000000000000e+06
3.371750000000000114e+01 1.073821000000000000e+06
3.396560000000000201e+01 1.421815000000000000e+06
3.373729999999999762e+01 7.925340000000000000e+05
3.361820000000000164e+01 8.751450000000000000e+05
3.365789999999999793e+01 9.653020000000000000e+05
3.296309999999999718e+01 9.710590000000000000e+05
3.218889999999999674e+01 9.864310000000000000e+05
3.232690000000000197e+01 1.295528000000000000e+06
3.198199999999999932e+01 1.727754000000000000e+06
3.110480000000000089e+01 1.001974000000000000e+06
3.116390000000000171e+01 1.763496000000000000e+06
3.125260000000000105e+01 1.508608000000000000e+06
3.098649999999999949e+01 1.475591000000000000e+06
3.234660000000000224e+01 1.438751000000000000e+06
3.267190000000000083e+01 1.408738000000000000e+06
3.287879999999999825e+01 1.711158000000000000e+06
3.311540000000000106e+01 1.633531000000000000e+06
3.253390000000000271e+01 1.410314000000000000e+06
3.233679999999999666e+01 2.016945000000000000e+06
3.317450000000000188e+01 1.372250000000000000e+06
3.449519999999999698e+01 1.716149000000000000e+06
3.430789999999999651e+01 1.335099000000000000e+06
3.485979999999999990e+01 1.337114000000000000e+06
3.449519999999999698e+01 3.361133000000000000e+06
3.625939999999999941e+01 1.784859000000000000e+06
3.587500000000000000e+01 1.536308000000000000e+06
3.548069999999999879e+01 2.043727000000000000e+06
3.603269999999999840e+01 1.113369000000000000e+06
3.630859999999999843e+01 1.757944000000000000e+06
3.666340000000000288e+01 1.831333000000000000e+06
3.730409999999999826e+01 1.825475000000000000e+06
3.714639999999999986e+01 8.857550000000000000e+05
3.694930000000000092e+01 9.155890000000000000e+05
3.689009999999999678e+01 1.411803000000000000e+06
3.635790000000000077e+01 1.233524000000000000e+06
3.598340000000000316e+01 2.003214000000000000e+06
3.579610000000000269e+01 1.557766000000000000e+06
3.592430000000000234e+01 1.934281000000000000e+06
3.608200000000000074e+01 3.015699000000000000e+06
3.564829999999999899e+01 1.892152000000000000e+06
3.616080000000000183e+01 1.613120000000000000e+06
3.650569999999999737e+01 1.344926000000000000e+06
3.642690000000000339e+01 1.582893000000000000e+06
3.578629999999999711e+01 1.206502000000000000e+06
3.561869999999999692e+01 1.177618000000000000e+06
3.549060000000000059e+01 1.661275000000000000e+06
3.560889999999999844e+01 9.107420000000000000e+05
3.603269999999999840e+01 1.190558000000000000e+06
3.582569999999999766e+01 9.188800000000000000e+05
3.600310000000000343e+01 1.431153000000000000e+06
3.544129999999999825e+01 2.691314000000000000e+06
3.600310000000000343e+01 4.921105000000000000e+06
3.523440000000000083e+01 2.880867000000000000e+06
3.480069999999999908e+01 2.271879000000000000e+06
3.468240000000000123e+01 1.853675000000000000e+06
3.502740000000000009e+01 1.621068000000000000e+06
3.536249999999999716e+01 4.338334000000000000e+06
3.484009999999999962e+01 1.879719000000000000e+06
3.522449999999999903e+01 2.011514000000000000e+06
3.531320000000000192e+01 2.680862000000000000e+06
3.528359999999999985e+01 2.287969000000000000e+06
3.445570000000000022e+01 2.414743000000000000e+06
3.443599999999999994e+01 1.315426000000000000e+06
3.419950000000000045e+01 2.240306000000000000e+06
3.334199999999999875e+01 1.201832000000000000e+06
3.325330000000000297e+01 1.142811000000000000e+06
3.319420000000000215e+01 9.251300000000000000e+05
3.325330000000000297e+01 1.209050000000000000e+06
3.352929999999999922e+01 1.346948000000000000e+06
3.359830000000000183e+01 2.276227000000000000e+06
3.329279999999999973e+01 2.219530000000000000e+06
3.420940000000000225e+01 1.736450000000000000e+06
3.430789999999999651e+01 1.079668000000000000e+06
3.479079999999999728e+01 1.437579000000000000e+06
3.563839999999999719e+01 2.384643000000000000e+06
3.592430000000000234e+01 8.281410000000000000e+05
3.598340000000000316e+01 1.860127000000000000e+06
3.614110000000000156e+01 8.302290000000000000e+05
3.664370000000000260e+01 1.272400000000000000e+06
3.615090000000000003e+01 9.963540000000000000e+05
3.629879999999999995e+01 1.084397000000000000e+06
3.557399999999999807e+01 2.679971000000000000e+06
3.646529999999999916e+01 8.738720000000000000e+05
3.671020000000000039e+01 1.663135000000000000e+06
3.672970000000000113e+01 1.598369000000000000e+06
3.726839999999999975e+01 1.633502000000000000e+06
3.719010000000000105e+01 3.458170000000000000e+06
3.606369999999999720e+01 2.108681000000000000e+06
3.594619999999999749e+01 1.412324000000000000e+06
3.654359999999999786e+01 1.534153000000000000e+06
3.625959999999999894e+01 1.229683000000000000e+06
3.608330000000000126e+01 2.627742000000000000e+06
3.794429999999999836e+01 1.474972000000000000e+06
3.770920000000000272e+01 1.809965000000000000e+06
3.793449999999999989e+01 1.716829000000000000e+06
3.713130000000000308e+01 2.505690000000000000e+06
3.686690000000000111e+01 1.422924000000000000e+06
3.668079999999999785e+01 1.230821000000000000e+06
3.682770000000000010e+01 5.455096000000000000e+06
3.647509999999999764e+01 1.665002000000000000e+06
3.714110000000000156e+01 2.315174000000000000e+06
3.742519999999999669e+01 2.122111000000000000e+06
3.644570000000000221e+01 1.869325000000000000e+06
3.622039999999999793e+01 8.912200000000000000e+05
3.619100000000000250e+01 3.175196000000000000e+06
3.566210000000000235e+01 9.782110000000000000e+05
3.519200000000000017e+01 8.436360000000000000e+05
3.613230000000000075e+01 1.793850000000000000e+06
3.609309999999999974e+01 1.928972000000000000e+06
3.622039999999999793e+01 2.116209000000000000e+06
3.528990000000000293e+01 2.223200000000000000e+06
3.477080000000000126e+01 2.831551000000000000e+06
3.496670000000000300e+01 1.491180000000000000e+06
3.540749999999999886e+01 4.338366000000000000e+06
3.514300000000000068e+01 2.679171000000000000e+06
3.493730000000000047e+01 2.220583000000000000e+06
3.545640000000000214e+01 2.871305000000000000e+06
3.595600000000000307e+01 3.350854000000000000e+06
3.570130000000000337e+01 4.035118000000000000e+06
3.669060000000000343e+01 4.902540000000000000e+06
3.808140000000000214e+01 8.865546000000000000e+06
3.682770000000000010e+01 5.147908000000000000e+06
3.873760000000000048e+01 2.540234000000000000e+06
4.002069999999999794e+01 5.817170000000000000e+05
4.017739999999999867e+01 1.641770000000000000e+05
3.913920000000000243e+01 2.796850000000000000e+05
3.839479999999999649e+01 3.059850000000000000e+05
