2.267000000000000171e+01 4.944255000000000000e+06
2.233999999999999986e+01 4.556222000000000000e+06
2.362999999999999901e+01 5.594115000000000000e+06
2.430999999999999872e+01 5.909893000000000000e+06
2.251000000000000156e+01 6.134517000000000000e+06
2.496999999999999886e+01 5.185752000000000000e+06
2.414000000000000057e+01 7.525641000000000000e+06
2.228999999999999915e+01 6.343607000000000000e+06
2.019999999999999929e+01 8.091687000000000000e+06
2.098999999999999844e+01 8.498759000000000000e+06
2.282000000000000028e+01 6.085350000000000000e+06
2.233999999999999986e+01 7.119280000000000000e+06
2.514000000000000057e+01 7.751245000000000000e+06
2.401000000000000156e+01 9.605841000000000000e+06
2.614999999999999858e+01 6.759921000000000000e+06
2.621999999999999886e+01 7.766051000000000000e+06
2.778000000000000114e+01 5.405485000000000000e+06
2.910999999999999943e+01 4.608524000000000000e+06
2.748000000000000043e+01 6.989032000000000000e+06
2.883999999999999986e+01 8.403629000000000000e+06
2.944000000000000128e+01 5.392186000000000000e+06
3.092999999999999972e+01 4.338437000000000000e+06
3.098999999999999844e+01 4.869495000000000000e+06
3.187340000000000018e+01 7.503770000000000000e+06
3.051350000000000051e+01 7.567114000000000000e+06
3.110910000000000153e+01 7.440242000000000000e+06
3.254840000000000089e+01 5.632557000000000000e+06
3.296529999999999916e+01 5.241255000000000000e+06
3.443439999999999657e+01 5.577610000000000000e+06
3.572489999999999810e+01 5.024178000000000000e+06
3.675719999999999743e+01 5.305658000000000000e+06
3.774980000000000047e+01 1.839277000000000000e+06
3.750169999999999959e+01 2.065392000000000000e+06
3.752150000000000318e+01 2.349557000000000000e+06
3.772010000000000218e+01 2.034790000000000000e+06
3.739249999999999829e+01 3.303320000000000000e+06
3.685649999999999693e+01 2.550303000000000000e+06
3.702519999999999811e+01 3.212900000000000000e+06
3.672740000000000293e+01 3.634298000000000000e+06
3.683659999999999712e+01 9.336502000000000000e+06
3.838510000000000133e+01 6.334956000000000000e+06
3.774980000000000047e+01 3.330975000000000000e+06
3.731309999999999860e+01 3.371357000000000000e+06
3.680680000000000263e+01 5.283881000000000000e+06
3.675719999999999743e+01 2.956940000000000000e+06
3.631049999999999756e+01 2.596049000000000000e+06
3.686639999999999873e+01 3.268085000000000000e+06
3.660829999999999984e+01 9.909349000000000000e+06
3.634029999999999916e+01 9.289663000000000000e+06
3.721379999999999910e+01 5.845476000000000000e+06
3.879209999999999781e+01 3.920952000000000000e+06
3.881190000000000140e+01 4.104815000000000000e+06
3.905019999999999669e+01 4.785892000000000000e+06
3.882189999999999941e+01 7.362807000000000000e+06
3.720389999999999731e+01 6.165154000000000000e+06
3.698550000000000182e+01 4.530938000000000000e+06
3.671750000000000114e+01 2.674370000000000000e+06
3.644950000000000045e+01 2.663984000000000000e+06
3.690610000000000213e+01 3.621876000000000000e+06
3.683659999999999712e+01 3.709661000000000000e+06
3.679690000000000083e+01 3.253951000000000000e+06
3.630060000000000286e+01 2.434614000000000000e+06
3.639489999999999981e+01 4.035801000000000000e+06
3.679690000000000083e+01 4.500697000000000000e+06
3.679690000000000083e+01 2.315456000000000000e+06
3.680680000000000263e+01 3.039584000000000000e+06
3.713439999999999941e+01 1.969014000000000000e+06
3.729319999999999879e+01 3.699187000000000000e+06
3.702519999999999811e+01 1.940663000000000000e+06
3.717909999999999826e+01 3.712114000000000000e+06
3.689620000000000033e+01 6.211696000000000000e+06
3.672740000000000293e+01 2.629295000000000000e+06
3.665789999999999793e+01 3.392546000000000000e+06
3.688620000000000232e+01 4.143125000000000000e+06
3.653880000000000194e+01 4.273548000000000000e+06
3.649909999999999854e+01 5.970920000000000000e+06
3.657849999999999824e+01 5.796430000000000000e+06
3.589359999999999928e+01 5.668715000000000000e+06
3.554619999999999891e+01 5.996830000000000000e+06
3.535759999999999792e+01 2.849287000000000000e+06
3.515910000000000224e+01 1.733518000000000000e+06
3.523850000000000193e+01 2.921919000000000000e+06
3.523850000000000193e+01 3.768434000000000000e+06
3.493079999999999785e+01 4.207502000000000000e+06
3.533769999999999811e+01 2.599436000000000000e+06
3.549660000000000082e+01 1.704919000000000000e+06
3.551639999999999731e+01 2.455892000000000000e+06
3.566530000000000200e+01 3.086318000000000000e+06
3.541709999999999781e+01 4.908094000000000000e+06
3.539730000000000132e+01 4.408152000000000000e+06
3.543699999999999761e+01 2.861622000000000000e+06
3.562559999999999860e+01 4.320510000000000000e+06
3.599289999999999878e+01 6.334172000000000000e+06
3.493079999999999785e+01 5.690353000000000000e+06
3.401749999999999829e+01 4.517722000000000000e+06
3.396790000000000020e+01 4.022379000000000000e+06
3.400759999999999650e+01 4.559697000000000000e+06
3.423089999999999833e+01 3.906077000000000000e+06
3.473219999999999885e+01 3.280165000000000000e+06
3.488110000000000355e+01 4.979803000000000000e+06
3.468260000000000076e+01 9.056842000000000000e+06
3.285609999999999786e+01 5.681566000000000000e+06
3.259309999999999974e+01 3.198689000000000000e+06
3.231020000000000181e+01 2.611960000000000000e+06
3.215140000000000242e+01 3.813529000000000000e+06
3.180399999999999849e+01 5.063534000000000000e+06
3.184369999999999834e+01 4.364431000000000000e+06
3.259810000000000230e+01 3.558558000000000000e+06
3.274699999999999989e+01 8.672271000000000000e+06
3.217119999999999891e+01 5.450286000000000000e+06
3.206199999999999761e+01 9.058087000000000000e+06
3.299510000000000076e+01 7.091867000000000000e+06
3.320360000000000156e+01 5.526827000000000000e+06
3.249880000000000280e+01 5.158685000000000000e+06
3.197269999999999968e+01 8.890325000000000000e+06
3.174439999999999884e+01 9.074193000000000000e+06
3.175430000000000064e+01 4.385645000000000000e+06
3.146649999999999991e+01 3.758858000000000000e+06
3.115869999999999962e+01 2.998509000000000000e+06
3.122820000000000107e+01 4.444553000000000000e+06
3.029520000000000124e+01 3.497847000000000000e+06
3.000730000000000075e+01 3.538928000000000000e+06
2.983360000000000056e+01 3.832717000000000000e+06
3.037460000000000093e+01 4.868461000000000000e+06
3.034479999999999933e+01 2.858374000000000000e+06
3.023560000000000159e+01 7.187910000000000000e+06
3.019590000000000174e+01 4.879846000000000000e+06
3.100989999999999824e+01 2.703381000000000000e+06
3.130270000000000152e+01 3.168442000000000000e+06
3.120840000000000103e+01 4.267095000000000000e+06
3.121829999999999927e+01 5.965705000000000000e+06
3.177420000000000044e+01 4.390022000000000000e+06
3.135729999999999862e+01 5.844940000000000000e+06
3.203229999999999933e+01 3.488279000000000000e+06
3.203229999999999933e+01 8.191229000000000000e+06
3.180399999999999849e+01 4.925050000000000000e+06
3.239950000000000330e+01 5.597093000000000000e+06
3.261789999999999878e+01 6.702742000000000000e+06
3.335249999999999915e+01 2.175629000000000000e+06
3.358080000000000354e+01 4.606058000000000000e+06
3.354110000000000014e+01 4.290524000000000000e+06
3.374949999999999761e+01 3.287051000000000000e+06
3.404729999999999990e+01 3.198116000000000000e+06
3.404729999999999990e+01 2.659833000000000000e+06
3.397780000000000200e+01 2.514623000000000000e+06
3.399770000000000181e+01 3.946927000000000000e+06
3.331280000000000285e+01 2.282398000000000000e+06
3.252859999999999729e+01 2.092384000000000000e+06
3.269619999999999749e+01 2.926088000000000000e+06
3.227230000000000132e+01 3.687745000000000000e+06
3.133589999999999876e+01 3.567237000000000000e+06
3.147390000000000043e+01 3.449444000000000000e+06
3.162170000000000059e+01 3.235649000000000000e+06
3.129639999999999844e+01 3.868329000000000000e+06
3.257789999999999964e+01 3.725374000000000000e+06
3.293269999999999698e+01 3.050409000000000000e+06
3.311019999999999897e+01 2.810834000000000000e+06
3.338620000000000232e+01 3.915125000000000000e+06
3.251870000000000260e+01 3.256831000000000000e+06
3.228220000000000312e+01 7.043951000000000000e+06
3.320870000000000033e+01 7.489849000000000000e+06
3.455919999999999703e+01 2.940835000000000000e+06
3.445069999999999766e+01 4.172864000000000000e+06
3.489430000000000121e+01 4.234434000000000000e+06
3.462819999999999965e+01 9.539872000000000000e+06
3.651089999999999947e+01 4.657381000000000000e+06
3.592929999999999779e+01 3.366690000000000000e+06
3.553499999999999659e+01 4.517227000000000000e+06
3.610669999999999646e+01 2.419011000000000000e+06
3.636299999999999955e+01 3.280662000000000000e+06
3.678690000000000282e+01 5.280629000000000000e+06
3.727969999999999828e+01 2.971835000000000000e+06
3.697420000000000329e+01 2.130637000000000000e+06
3.667840000000000344e+01 2.669100000000000000e+06
3.663900000000000290e+01 3.251722000000000000e+06
3.607719999999999771e+01 5.980591000000000000e+06
3.570259999999999678e+01 5.573558000000000000e+06
3.558429999999999893e+01 7.865704000000000000e+06
3.590959999999999752e+01 4.402023000000000000e+06
3.602790000000000248e+01 5.313845000000000000e+06
3.565330000000000155e+01 5.740483000000000000e+06
3.616590000000000060e+01 2.721520000000000000e+06
3.648129999999999740e+01 2.861593000000000000e+06
3.643200000000000216e+01 2.755739000000000000e+06
3.577159999999999940e+01 2.986996000000000000e+06
3.562369999999999948e+01 2.400697000000000000e+06
3.550540000000000163e+01 2.379561000000000000e+06
3.561390000000000100e+01 1.644620000000000000e+06
3.607719999999999771e+01 1.981977000000000000e+06
3.583070000000000022e+01 3.160332000000000000e+06
3.606730000000000302e+01 3.599546000000000000e+06
3.540690000000000026e+01 6.407228000000000000e+06
3.611659999999999826e+01 1.093013800000000000e+07
3.547590000000000288e+01 5.083896000000000000e+06
3.496329999999999671e+01 4.297292000000000000e+06
3.483520000000000039e+01 7.204375000000000000e+06
3.528860000000000241e+01 5.280111000000000000e+06
3.566320000000000334e+01 1.140219100000000000e+07
3.507169999999999987e+01 5.916524000000000000e+06
3.547590000000000288e+01 4.790143000000000000e+06
3.567300000000000182e+01 4.938850000000000000e+06
3.561390000000000100e+01 7.195391000000000000e+06
3.473660000000000281e+01 4.362353000000000000e+06
3.478589999999999804e+01 4.384777000000000000e+06
3.454930000000000234e+01 4.426934000000000000e+06
3.369169999999999732e+01 3.166916000000000000e+06
3.354390000000000072e+01 5.620499000000000000e+06
3.352420000000000044e+01 4.226794000000000000e+06
3.363259999999999650e+01 5.288296000000000000e+06
3.386919999999999931e+01 6.240649000000000000e+06
3.398740000000000094e+01 8.058934000000000000e+06
3.375090000000000146e+01 7.665044000000000000e+06
3.472670000000000101e+01 6.706125000000000000e+06
3.471690000000000254e+01 4.730387000000000000e+06
3.527870000000000061e+01 3.691294000000000000e+06
3.611659999999999826e+01 4.380381000000000000e+06
3.639260000000000161e+01 2.878988000000000000e+06
3.638269999999999982e+01 4.431862000000000000e+06
3.658970000000000056e+01 3.431178000000000000e+06
3.715160000000000196e+01 4.668608000000000000e+06
3.660940000000000083e+01 3.670004000000000000e+06
3.678690000000000282e+01 5.507954000000000000e+06
3.599329999999999785e+01 8.705008000000000000e+06
3.694360000000000355e+01 2.975433000000000000e+06
3.711999999999999744e+01 6.198619000000000000e+06
3.719830000000000325e+01 5.604035000000000000e+06
3.774699999999999989e+01 6.742528000000000000e+06
3.771759999999999735e+01 1.521015200000000000e+07
3.665950000000000131e+01 8.635285000000000000e+06
3.650280000000000058e+01 6.053297000000000000e+06
3.714929999999999666e+01 4.801609000000000000e+06
3.670850000000000080e+01 4.809763000000000000e+06
3.652239999999999753e+01 1.149585500000000000e+07
3.859929999999999950e+01 5.149829000000000000e+06
3.819760000000000133e+01 5.044352000000000000e+06
3.840330000000000155e+01 6.885177000000000000e+06
3.769800000000000040e+01 5.297417000000000000e+06
3.737469999999999715e+01 5.309675000000000000e+06
3.718849999999999767e+01 5.323550000000000000e+06
3.730610000000000070e+01 6.328827000000000000e+06
3.693379999999999797e+01 7.675316000000000000e+06
3.765879999999999939e+01 4.737418000000000000e+06
3.805069999999999908e+01 7.603795000000000000e+06
3.698279999999999745e+01 5.721982000000000000e+06
3.676729999999999876e+01 3.927062000000000000e+06
3.676729999999999876e+01 6.368477000000000000e+06
3.633619999999999806e+01 4.791432000000000000e+06
3.573859999999999815e+01 4.828362000000000000e+06
3.655169999999999675e+01 5.725894000000000000e+06
3.670850000000000080e+01 3.393260000000000000e+06
3.691420000000000101e+01 7.344894000000000000e+06
3.601290000000000191e+01 4.908406000000000000e+06
3.534669999999999845e+01 8.393708000000000000e+06
3.554270000000000351e+01 6.704831000000000000e+06
3.610110000000000241e+01 5.311201000000000000e+06
3.596390000000000242e+01 5.895347000000000000e+06
3.566020000000000323e+01 5.326238000000000000e+06
3.616969999999999885e+01 5.578118000000000000e+06
3.677709999999999724e+01 6.287100000000000000e+06
3.667909999999999826e+01 9.338926000000000000e+06
3.793310000000000315e+01 1.089799400000000000e+07
3.920669999999999789e+01 1.275173200000000000e+07
3.783509999999999707e+01 1.568323800000000000e+07
3.952020000000000266e+01 1.011847200000000000e+07
4.085249999999999915e+01 4.020942000000000000e+06
4.085249999999999915e+01 7.107258000000000000e+06
3.982390000000000185e+01 6.248563000000000000e+06
3.894219999999999970e+01 2.047736400000000000e+07
3.722769999999999868e+01 1.000000000000000000e+04
