5.604500000000000171e+01 1.638580000000000000e+06
5.496999999999999886e+01 3.819138000000000000e+06
5.518999999999999773e+01 3.168348000000000000e+06
5.210000000000000142e+01 3.703714000000000000e+06
4.964999999999999858e+01 3.945328000000000000e+06
5.167000000000000171e+01 3.996150000000000000e+06
4.989000000000000057e+01 3.886163000000000000e+06
4.992000000000000171e+01 3.345496000000000000e+06
4.200999999999999801e+01 3.676950000000000000e+06
4.557999999999999829e+01 4.091270000000000000e+06
4.604999999999999716e+01 4.527099000000000000e+06
4.506000000000000227e+01 5.951041000000000000e+06
5.265999999999999659e+01 3.610155000000000000e+06
5.184000000000000341e+01 3.044099000000000000e+06
5.972999999999999687e+01 3.306078000000000000e+06
5.572999999999999687e+01 5.197277000000000000e+06
5.942999999999999972e+01 3.531866000000000000e+06
6.246000000000000085e+01 5.852230000000000000e+06
6.210999999999999943e+01 3.300985000000000000e+06
6.681000000000000227e+01 2.727327000000000000e+06
6.815999999999999659e+01 2.517858000000000000e+06
7.206999999999999318e+01 5.390066000000000000e+06
6.937999999999999545e+01 2.231281000000000000e+06
7.065000000000000568e+01 2.525917000000000000e+06
6.915999999999999659e+01 3.845734000000000000e+06
7.029000000000000625e+01 4.059902000000000000e+06
7.067959999999999354e+01 3.169808000000000000e+06
7.021009999999999707e+01 2.618190000000000000e+06
7.247780000000000200e+01 1.808332000000000000e+06
7.573460000000000036e+01 1.128422000000000000e+06
7.671359999999999957e+01 1.417372000000000000e+06
7.678350000000000364e+01 1.326461000000000000e+06
7.757269999999999754e+01 1.110030000000000000e+06
7.773260000000000502e+01 1.168720000000000000e+06
7.716320000000000334e+01 2.093500000000000000e+06
7.892140000000000555e+01 1.746467000000000000e+06
7.932099999999999795e+01 1.839748000000000000e+06
7.926109999999999900e+01 1.514856000000000000e+06
7.894140000000000157e+01 3.676930000000000000e+06
7.775260000000000105e+01 1.979237000000000000e+06
7.748279999999999745e+01 1.165244000000000000e+06
7.641389999999999816e+01 2.095071000000000000e+06
7.470560000000000400e+01 1.607567000000000000e+06
7.485550000000000637e+01 2.004536000000000000e+06
7.612420000000000186e+01 1.608058000000000000e+06
7.523510000000000275e+01 1.396454000000000000e+06
7.495539999999999736e+01 1.679747000000000000e+06
7.454579999999999984e+01 1.397715000000000000e+06
7.683350000000000080e+01 1.153460000000000000e+06
7.751279999999999859e+01 9.369100000000000000e+05
7.758270000000000266e+01 1.403236000000000000e+06
7.810219999999999629e+01 1.480273000000000000e+06
7.870159999999999911e+01 1.451226000000000000e+06
7.818210000000000548e+01 1.074533000000000000e+06
7.792239999999999611e+01 1.192687000000000000e+06
7.826210000000000377e+01 1.917092000000000000e+06
7.872159999999999513e+01 2.350599000000000000e+06
7.792239999999999611e+01 2.112049000000000000e+06
7.790240000000000009e+01 2.785066000000000000e+06
7.693340000000000600e+01 2.287166000000000000e+06
7.700329999999999586e+01 1.695420000000000000e+06
7.675360000000000582e+01 1.986096000000000000e+06
7.715319999999999823e+01 1.143496000000000000e+06
7.747280000000000655e+01 1.622628000000000000e+06
7.631399999999999295e+01 8.654940000000000000e+05
7.620409999999999684e+01 6.468900000000000000e+05
7.650379999999999825e+01 7.813180000000000000e+05
7.621410000000000196e+01 8.305870000000000000e+05
7.631399999999999295e+01 2.701010000000000000e+05
7.677349999999999852e+01 1.503796000000000000e+06
7.566459999999999297e+01 3.584949000000000000e+06
7.657370000000000232e+01 1.586514000000000000e+06
7.656380000000000052e+01 1.954730000000000000e+06
7.666370000000000573e+01 1.722694000000000000e+06
7.608419999999999561e+01 1.824232000000000000e+06
7.511520000000000152e+01 1.537006000000000000e+06
7.609420000000000073e+01 2.222038000000000000e+06
7.489539999999999509e+01 2.529312000000000000e+06
7.376649999999999352e+01 1.776079000000000000e+06
7.406619999999999493e+01 2.938739000000000000e+06
7.279749999999999943e+01 1.741125000000000000e+06
7.222809999999999775e+01 1.997682000000000000e+06
7.133899999999999864e+01 2.008417000000000000e+06
7.103929999999999723e+01 2.011223000000000000e+06
7.170860000000000412e+01 1.980225000000000000e+06
7.209820000000000562e+01 7.620450000000000000e+05
7.228799999999999670e+01 9.683970000000000000e+05
7.200860000000000127e+01 1.111139000000000000e+06
7.133990000000000009e+01 1.839750000000000000e+06
7.056140000000000612e+01 1.326861000000000000e+06
7.079099999999999682e+01 1.826878000000000000e+06
6.996259999999999479e+01 2.629796000000000000e+06
7.096059999999999945e+01 1.669794000000000000e+06
7.101049999999999329e+01 1.242284000000000000e+06
7.148959999999999582e+01 1.926100000000000000e+06
7.099060000000000059e+01 1.440538000000000000e+06
7.084090000000000487e+01 1.310897000000000000e+06
7.195869999999999322e+01 1.575949000000000000e+06
7.193869999999999720e+01 1.254493000000000000e+06
7.273709999999999809e+01 8.607750000000000000e+05
7.214830000000000609e+01 1.430482000000000000e+06
7.304649999999999466e+01 1.357063000000000000e+06
7.336589999999999634e+01 1.652657000000000000e+06
7.358549999999999613e+01 2.568088000000000000e+06
7.165919999999999845e+01 2.151762000000000000e+06
6.886469999999999914e+01 1.356015000000000000e+06
6.928390000000000271e+01 1.767797000000000000e+06
6.835569999999999879e+01 4.505084000000000000e+06
6.850539999999999452e+01 3.168215000000000000e+06
6.822599999999999909e+01 4.259047000000000000e+06
7.136979999999999791e+01 2.201339000000000000e+06
7.219819999999999993e+01 1.507992000000000000e+06
7.211830000000000496e+01 1.370929000000000000e+06
7.177899999999999636e+01 1.796053000000000000e+06
7.080089999999999861e+01 1.680739000000000000e+06
7.077100000000000080e+01 1.696271000000000000e+06
6.921399999999999864e+01 2.121960000000000000e+06
6.937369999999999948e+01 2.317966000000000000e+06
6.782680000000000575e+01 1.537514000000000000e+06
6.781680000000000064e+01 3.218570000000000000e+06
6.530169999999999675e+01 1.283747000000000000e+06
6.474280000000000257e+01 1.671815000000000000e+06
6.411409999999999343e+01 1.494976000000000000e+06
6.551130000000000564e+01 1.424351000000000000e+06
6.636960000000000548e+01 1.440610000000000000e+06
6.555119999999999436e+01 2.463748000000000000e+06
6.430370000000000630e+01 4.372385000000000000e+06
6.615009999999999479e+01 3.189564000000000000e+06
6.842560000000000286e+01 2.233334000000000000e+06
6.846550000000000580e+01 2.148223000000000000e+06
6.784669999999999845e+01 2.477509000000000000e+06
6.770699999999999363e+01 2.335233000000000000e+06
6.680880000000000507e+01 3.027910000000000000e+06
6.781680000000000064e+01 1.991374000000000000e+06
6.804630000000000223e+01 5.994431000000000000e+06
6.865510000000000446e+01 1.580286000000000000e+06
6.955339999999999634e+01 1.724139000000000000e+06
6.892459999999999809e+01 1.357698000000000000e+06
6.936379999999999768e+01 1.488768000000000000e+06
6.988269999999999982e+01 1.555980000000000000e+06
6.984279999999999688e+01 1.593303000000000000e+06
7.045159999999999911e+01 2.228969000000000000e+06
6.847549999999999670e+01 2.494146000000000000e+06
6.787669999999999959e+01 3.331598000000000000e+06
6.833580000000000609e+01 3.035801000000000000e+06
6.796649999999999636e+01 4.264788000000000000e+06
6.682869999999999777e+01 7.385761000000000000e+06
6.888469999999999516e+01 1.485261000000000000e+06
7.076099999999999568e+01 1.614361000000000000e+06
7.055140000000000100e+01 1.079912000000000000e+06
6.943470000000000653e+01 1.494701000000000000e+06
6.882649999999999579e+01 1.184688000000000000e+06
6.893619999999999948e+01 2.003219000000000000e+06
6.816849999999999454e+01 1.643591000000000000e+06
6.954439999999999600e+01 1.159019000000000000e+06
7.004290000000000305e+01 1.321450000000000000e+06
6.980360000000000298e+01 1.800754000000000000e+06
6.987340000000000373e+01 1.081095000000000000e+06
6.872679999999999723e+01 2.405392000000000000e+06
6.713150000000000261e+01 1.353395000000000000e+06
6.713150000000000261e+01 2.245868000000000000e+06
6.980360000000000298e+01 1.158168000000000000e+06
6.886639999999999873e+01 1.953193000000000000e+06
7.029219999999999402e+01 1.322591000000000000e+06
7.162820000000000675e+01 1.463795000000000000e+06
7.093030000000000257e+01 1.942387000000000000e+06
7.120950000000000557e+01 1.976463000000000000e+06
7.020250000000000057e+01 2.497199000000000000e+06
7.342289999999999850e+01 2.103317000000000000e+06
7.353260000000000218e+01 1.995019000000000000e+06
7.582580000000000098e+01 2.104298000000000000e+06
7.657359999999999900e+01 1.842232000000000000e+06
7.660349999999999682e+01 3.040301000000000000e+06
7.821880000000000166e+01 5.223877000000000000e+06
8.155889999999999418e+01 1.651393000000000000e+06
8.200759999999999650e+01 1.311963000000000000e+06
8.118999999999999773e+01 1.820956000000000000e+06
7.875719999999999743e+01 1.514167000000000000e+06
7.827859999999999729e+01 2.866001000000000000e+06
7.886679999999999779e+01 1.879620000000000000e+06
7.946510000000000673e+01 1.169204000000000000e+06
8.117000000000000171e+01 9.568070000000000000e+05
8.051200000000000045e+01 7.688710000000000000e+05
8.107030000000000314e+01 8.520010000000000000e+05
7.946510000000000673e+01 1.594055000000000000e+06
7.915600000000000591e+01 1.094000000000000000e+06
8.003340000000000032e+01 1.403642000000000000e+06
8.021290000000000475e+01 1.106109000000000000e+06
8.074129999999999541e+01 1.058039000000000000e+06
8.233660000000000423e+01 8.264920000000000000e+05
8.171840000000000259e+01 9.358560000000000000e+05
8.242629999999999768e+01 1.468563000000000000e+06
8.127970000000000539e+01 4.831402000000000000e+06
8.015300000000000580e+01 1.708486000000000000e+06
7.962460000000000093e+01 2.125980000000000000e+06
8.039230000000000587e+01 1.806132000000000000e+06
8.042220000000000368e+01 1.001857000000000000e+06
8.018290000000000362e+01 1.971169000000000000e+06
8.058180000000000121e+01 1.260551000000000000e+06
7.860760000000000502e+01 1.380776000000000000e+06
7.810909999999999798e+01 1.771180000000000000e+06
7.642409999999999570e+01 1.600571000000000000e+06
7.710209999999999297e+01 1.651132000000000000e+06
7.827859999999999729e+01 1.010018000000000000e+06
7.794950000000000045e+01 1.143748000000000000e+06
7.892669999999999675e+01 1.306014000000000000e+06
7.868739999999999668e+01 1.126001000000000000e+06
7.873720000000000141e+01 1.102126000000000000e+06
7.914600000000000080e+01 1.078728000000000000e+06
7.859759999999999991e+01 1.661475000000000000e+06
7.754080000000000439e+01 1.952130000000000000e+06
7.553669999999999618e+01 2.567045000000000000e+06
7.592549999999999955e+01 1.993057000000000000e+06
7.661350000000000193e+01 2.324788000000000000e+06
7.630469999999999686e+01 2.756074000000000000e+06
7.650390000000000157e+01 1.611656000000000000e+06
7.773909999999999343e+01 1.154814000000000000e+06
7.819740000000000180e+01 1.777463000000000000e+06
7.928319999999999368e+01 1.725252000000000000e+06
7.959199999999999875e+01 1.108415000000000000e+06
7.903409999999999513e+01 1.278736000000000000e+06
8.020959999999999468e+01 1.335052000000000000e+06
8.103640000000000043e+01 1.042070000000000000e+06
8.104630000000000223e+01 1.013842000000000000e+06
8.019960000000000377e+01 1.372741000000000000e+06
8.018970000000000198e+01 2.065181000000000000e+06
8.231140000000000612e+01 9.380540000000000000e+05
8.194289999999999452e+01 9.988100000000000000e+05
8.216200000000000614e+01 2.002641000000000000e+06
8.315819999999999368e+01 1.557768000000000000e+06
8.461249999999999716e+01 9.818170000000000000e+05
8.623629999999999995e+01 6.841400000000000000e+05
8.549909999999999854e+01 8.237060000000000000e+05
8.505079999999999529e+01 9.983070000000000000e+05
8.600709999999999411e+01 1.667114000000000000e+06
8.551900000000000546e+01 2.122307000000000000e+06
8.490139999999999532e+01 3.262937000000000000e+06
8.745159999999999911e+01 2.097599000000000000e+06
8.871670000000000300e+01 1.038140000000000000e+06
8.861700000000000443e+01 1.030584000000000000e+06
8.801940000000000452e+01 1.229624000000000000e+06
8.815879999999999939e+01 1.468056000000000000e+06
8.727219999999999800e+01 1.012856000000000000e+06
8.730209999999999582e+01 1.040260000000000000e+06
8.748139999999999361e+01 7.262850000000000000e+05
8.732210000000000605e+01 9.058610000000000000e+05
8.651519999999999300e+01 1.925651000000000000e+06
8.569830000000000325e+01 1.445347000000000000e+06
8.578799999999999670e+01 7.487350000000000000e+05
8.659489999999999554e+01 1.325301000000000000e+06
8.639560000000000173e+01 1.583414000000000000e+06
8.596729999999999450e+01 9.089500000000000000e+05
8.618649999999999523e+01 8.968190000000000000e+05
8.534969999999999857e+01 7.557800000000000000e+05
8.474200000000000443e+01 1.166949000000000000e+06
8.356659999999999400e+01 1.248216000000000000e+06
8.262030000000000030e+01 1.209646000000000000e+06
8.202259999999999707e+01 1.293913000000000000e+06
8.325780000000000314e+01 1.422529000000000000e+06
8.228159999999999741e+01 6.611970000000000000e+05
8.191299999999999670e+01 1.137302000000000000e+06
8.389530000000000598e+01 9.083180000000000000e+05
8.267010000000000502e+01 1.380191000000000000e+06
8.272979999999999734e+01 1.689945000000000000e+06
8.308839999999999293e+01 1.032321000000000000e+06
8.222180000000000177e+01 1.849362000000000000e+06
8.232139999999999702e+01 1.339277000000000000e+06
8.285930000000000462e+01 1.540410000000000000e+06
8.180339999999999634e+01 1.397332000000000000e+06
8.186320000000000618e+01 1.472684000000000000e+06
8.009000000000000341e+01 1.544155000000000000e+06
8.074750000000000227e+01 1.539629000000000000e+06
8.172369999999999379e+01 1.051076000000000000e+06
8.193290000000000362e+01 1.083364000000000000e+06
8.226160000000000139e+01 1.759982000000000000e+06
8.224169999999999447e+01 1.306543000000000000e+06
8.125549999999999784e+01 1.909139000000000000e+06
8.139499999999999602e+01 1.207439000000000000e+06
8.142489999999999384e+01 1.816182000000000000e+06
8.128539999999999566e+01 1.765009000000000000e+06
8.105629999999999313e+01 9.013760000000000000e+05
8.029919999999999902e+01 1.783333000000000000e+06
8.067740000000000578e+01 2.979327000000000000e+06
8.010020000000000095e+01 2.222516000000000000e+06
8.141389999999999816e+01 1.852182000000000000e+06
8.007030000000000314e+01 2.127878000000000000e+06
8.006040000000000134e+01 2.688505000000000000e+06
7.844799999999999329e+01 2.188592000000000000e+06
7.679579999999999984e+01 2.031930000000000000e+06
7.645749999999999602e+01 3.042064000000000000e+06
7.406879999999999598e+01 1.939521000000000000e+06
7.459629999999999939e+01 1.699352000000000000e+06
7.417829999999999302e+01 2.240876000000000000e+06
7.394929999999999382e+01 1.686563000000000000e+06
7.397920000000000584e+01 1.285254000000000000e+06
7.463609999999999900e+01 1.102904000000000000e+06
7.437730000000000530e+01 1.047582000000000000e+06
7.334220000000000539e+01 1.788591000000000000e+06
7.155070000000000618e+01 8.409220000000000000e+05
7.190900000000000603e+01 1.464206000000000000e+06
7.065500000000000114e+01 1.179213000000000000e+06
7.080429999999999779e+01 1.046297000000000000e+06
7.133180000000000121e+01 1.194984000000000000e+06
7.268529999999999802e+01 1.811713000000000000e+06
7.104309999999999548e+01 1.151680000000000000e+06
6.968949999999999534e+01 1.137016000000000000e+06
6.965970000000000084e+01 1.225641000000000000e+06
6.930140000000000100e+01 1.123933000000000000e+06
6.918200000000000216e+01 1.102678000000000000e+06
6.955020000000000380e+01 1.203713000000000000e+06
6.890330000000000155e+01 1.400626000000000000e+06
6.778860000000000241e+01 1.521657000000000000e+06
6.748000000000000398e+01 1.556431000000000000e+06
6.714159999999999684e+01 1.651856000000000000e+06
6.432500000000000284e+01 1.926783000000000000e+06
6.703209999999999980e+01 1.161249000000000000e+06
6.734069999999999823e+01 1.222015000000000000e+06
6.638519999999999754e+01 1.450387000000000000e+06
6.657429999999999382e+01 1.288389000000000000e+06
6.538989999999999725e+01 1.574830000000000000e+06
6.333970000000000056e+01 1.527761000000000000e+06
6.519089999999999918e+01 6.031436000000000000e+06
6.485250000000000625e+01 2.955121000000000000e+06
6.626579999999999870e+01 1.990912000000000000e+06
6.777859999999999729e+01 2.502006000000000000e+06
6.762930000000000064e+01 3.170164000000000000e+06
6.853499999999999659e+01 1.531896000000000000e+06
6.961990000000000123e+01 1.575150000000000000e+06
7.043600000000000705e+01 1.398268000000000000e+06
6.972939999999999827e+01 1.299712000000000000e+06
7.038620000000000232e+01 2.044226000000000000e+06
6.960989999999999611e+01 2.329719000000000000e+06
7.179949999999999477e+01 2.980618000000000000e+06
7.250620000000000687e+01 3.309767000000000000e+06
7.560150000000000148e+01 2.061299000000000000e+06
7.571099999999999852e+01 3.020135000000000000e+06
7.378010000000000446e+01 1.980118000000000000e+06
7.456570000000000675e+01 1.772470000000000000e+06
7.334260000000000446e+01 1.945703000000000000e+06
7.278579999999999472e+01 2.016226000000000000e+06
7.238809999999999434e+01 9.071070000000000000e+05
7.344209999999999638e+01 1.378928000000000000e+06
7.217929999999999779e+01 1.400930000000000000e+06
7.334260000000000446e+01 1.381504000000000000e+06
7.502309999999999945e+01 1.918820000000000000e+06
7.530150000000000432e+01 2.344371000000000000e+06
7.318349999999999511e+01 2.338343000000000000e+06
7.478440000000000509e+01 2.033399000000000000e+06
7.453579999999999472e+01 1.523364000000000000e+06
7.479439999999999600e+01 1.468737000000000000e+06
7.645489999999999498e+01 1.735793000000000000e+06
7.569920000000000471e+01 1.394877000000000000e+06
7.545059999999999434e+01 1.274904000000000000e+06
7.467510000000000048e+01 1.436276000000000000e+06
7.443640000000000612e+01 1.791430000000000000e+06
7.438670000000000471e+01 2.094937000000000000e+06
7.382989999999999498e+01 3.466591000000000000e+06
7.127439999999999998e+01 5.129506000000000000e+06
7.179149999999999920e+01 5.514513000000000000e+06
7.264660000000000650e+01 1.032020000000000000e+07
7.589809999999999945e+01 4.050454000000000000e+06
7.366079999999999472e+01 2.804428000000000000e+06
7.661400000000000432e+01 2.836042000000000000e+06
7.725039999999999907e+01 3.557634000000000000e+06
7.933849999999999625e+01 3.728852000000000000e+06
7.957720000000000482e+01 2.617962000000000000e+06
7.976609999999999445e+01 2.620810000000000000e+06
7.932859999999999445e+01 2.516441000000000000e+06
7.849330000000000496e+01 1.948954000000000000e+06
7.875190000000000623e+01 2.263916000000000000e+06
7.813540000000000418e+01 5.227518000000000000e+06
7.976609999999999445e+01 5.049313000000000000e+06
8.173489999999999611e+01 5.700674000000000000e+06
8.317669999999999675e+01 4.388133000000000000e+06
8.350480000000000302e+01 5.873809000000000000e+06
8.347499999999999432e+01 6.543913000000000000e+06
8.326619999999999777e+01 5.831555000000000000e+06
8.314679999999999893e+01 2.599176300000000000e+07
8.395229999999999393e+01 1.812333000000000000e+07
8.372360000000000468e+01 5.018139000000000000e+06
8.416110000000000468e+01 3.841857000000000000e+06
8.454890000000000327e+01 3.614767900000000000e+07
8.551340000000000430e+01 1.594089100000000000e+07
8.584149999999999636e+01 1.776407900000000000e+07
8.648779999999999291e+01 3.967181500000000000e+07
8.687560000000000571e+01 1.793746300000000000e+07
8.550339999999999918e+01 1.562824600000000000e+07
8.688559999999999661e+01 1.324737600000000000e+07
8.662699999999999534e+01 1.334098300000000000e+07
8.648779999999999291e+01 1.172427000000000000e+07
8.601049999999999329e+01 5.916934000000000000e+06
8.482729999999999393e+01 6.033847000000000000e+06
8.453889999999999816e+01 6.992599000000000000e+06
8.421080000000000609e+01 5.034154000000000000e+06
8.411140000000000327e+01 3.740051000000000000e+06
8.368380000000000507e+01 4.013905000000000000e+06
8.386279999999999291e+01 6.595480000000000000e+06
8.298779999999999291e+01 4.994192000000000000e+06
8.350480000000000302e+01 3.626484000000000000e+06
8.326619999999999777e+01 3.470075000000000000e+06
8.333570000000000277e+01 4.713192000000000000e+06
8.153749999999999432e+01 3.927612000000000000e+06
8.115000000000000568e+01 2.082768000000000000e+06
7.960999999999999943e+01 6.779680000000000000e+05
7.950079999999999814e+01 1.317554000000000000e+06
7.940139999999999532e+01 1.029661000000000000e+06
7.986839999999999407e+01 1.625429000000000000e+06
8.007699999999999818e+01 1.815360000000000000e+06
7.972929999999999495e+01 2.439392000000000000e+06
7.981870000000000687e+01 1.278865000000000000e+06
7.917289999999999850e+01 1.307767000000000000e+06
7.904370000000000118e+01 1.089070000000000000e+06
7.879540000000000077e+01 1.497435000000000000e+06
7.918280000000000030e+01 1.983412000000000000e+06
7.971930000000000405e+01 7.469020000000000000e+05
8.025579999999999359e+01 8.982330000000000000e+05
8.075260000000000105e+01 8.327970000000000000e+05
8.043470000000000653e+01 1.286050000000000000e+06
8.068300000000000693e+01 1.010550000000000000e+06
8.040489999999999782e+01 1.486353000000000000e+06
8.041479999999999961e+01 2.233250000000000000e+06
8.154739999999999611e+01 2.756895000000000000e+06
7.923250000000000171e+01 2.577646000000000000e+06
7.929210000000000491e+01 2.233563000000000000e+06
8.068300000000000693e+01 2.990390000000000000e+06
7.851720000000000255e+01 2.121867000000000000e+06
7.690770000000000550e+01 2.075507000000000000e+06
7.568569999999999709e+01 1.443217000000000000e+06
7.713620000000000232e+01 1.872976000000000000e+06
7.711629999999999541e+01 1.307458000000000000e+06
7.701699999999999591e+01 1.381959000000000000e+06
7.706669999999999732e+01 9.635220000000000000e+05
7.596389999999999532e+01 1.069574000000000000e+06
7.671890000000000498e+01 1.005514000000000000e+06
7.645069999999999766e+01 1.589021000000000000e+06
7.574530000000000030e+01 1.286525000000000000e+06
7.656000000000000227e+01 1.227903000000000000e+06
7.739449999999999363e+01 1.723276000000000000e+06
7.671890000000000498e+01 9.210400000000000000e+05
7.663939999999999486e+01 1.343560000000000000e+06
7.604330000000000211e+01 7.979990000000000000e+05
7.626189999999999714e+01 1.477122000000000000e+06
7.660960000000000036e+01 3.436976000000000000e+06
7.530809999999999604e+01 3.478275000000000000e+06
7.430469999999999686e+01 5.353717000000000000e+06
7.471200000000000330e+01 6.011387000000000000e+06
7.712630000000000052e+01 1.902068000000000000e+06
7.733490000000000464e+01 2.185389000000000000e+06
7.759319999999999595e+01 1.268103000000000000e+06
7.828870000000000573e+01 1.123108000000000000e+06
7.849729999999999563e+01 1.870799000000000000e+06
7.984850000000000136e+01 1.939034000000000000e+06
8.054389999999999361e+01 3.365099000000000000e+06
7.960999999999999943e+01 2.549491000000000000e+06
7.758329999999999416e+01 1.153673000000000000e+06
7.778199999999999648e+01 1.080832000000000000e+06
7.786150000000000659e+01 1.100420000000000000e+06
7.769259999999999877e+01 1.447817000000000000e+06
7.747400000000000375e+01 2.649446000000000000e+06
7.447360000000000468e+01 1.345712000000000000e+06
7.381789999999999452e+01 8.566560000000000000e+05
7.376819999999999311e+01 1.600252000000000000e+06
7.333110000000000639e+01 1.183307000000000000e+06
7.221829999999999927e+01 2.276951000000000000e+06
7.370860000000000412e+01 1.310697000000000000e+06
7.353969999999999629e+01 1.511124000000000000e+06
7.501999999999999602e+01 8.175990000000000000e+05
7.566580000000000439e+01 1.459533000000000000e+06
7.561620000000000630e+01 1.225948000000000000e+06
7.554670000000000130e+01 1.554973000000000000e+06
7.703560000000000230e+01 1.185253000000000000e+06
7.729370000000000118e+01 2.053934000000000000e+06
7.677750000000000341e+01 1.246824000000000000e+06
7.621169999999999334e+01 9.876560000000000000e+05
7.568569999999999709e+01 1.144104000000000000e+06
7.573529999999999518e+01 1.753077000000000000e+06
7.506029999999999802e+01 1.009369000000000000e+06
7.498090000000000543e+01 9.196000000000000000e+05
7.466330000000000666e+01 1.251158000000000000e+06
7.370050000000000523e+01 1.129230000000000000e+06
7.299569999999999936e+01 1.316374000000000000e+06
7.274760000000000559e+01 1.253674000000000000e+06
7.197329999999999472e+01 1.898225000000000000e+06
7.099070000000000391e+01 1.989985000000000000e+06
7.150679999999999836e+01 1.975711000000000000e+06
6.978959999999999297e+01 1.668696000000000000e+06
7.078220000000000312e+01 3.691930000000000000e+06
7.173510000000000275e+01 2.671062000000000000e+06
7.166559999999999775e+01 1.756419000000000000e+06
7.250929999999999609e+01 1.818490000000000000e+06
7.573529999999999518e+01 1.133536000000000000e+06
7.617199999999999704e+01 1.323393000000000000e+06
7.620180000000000575e+01 1.087285000000000000e+06
7.656910000000000593e+01 9.546770000000000000e+05
7.616209999999999525e+01 2.105576000000000000e+06
7.470300000000000296e+01 1.432085000000000000e+06
7.414709999999999468e+01 2.476984000000000000e+06
7.419679999999999609e+01 1.329306000000000000e+06
7.389900000000000091e+01 1.128533000000000000e+06
7.523900000000000432e+01 1.590614000000000000e+06
7.356149999999999523e+01 2.083533000000000000e+06
7.416700000000000159e+01 1.619052000000000000e+06
7.684699999999999420e+01 1.310824000000000000e+06
7.606279999999999575e+01 1.794578000000000000e+06
7.573529999999999518e+01 1.604727000000000000e+06
7.488169999999999504e+01 1.681650000000000000e+06
7.694629999999999370e+01 1.374861000000000000e+06
7.608270000000000266e+01 1.813641000000000000e+06
7.623160000000000025e+01 1.569995000000000000e+06
7.751200000000000045e+01 1.687428000000000000e+06
7.545740000000000691e+01 2.099081000000000000e+06
7.612239999999999895e+01 1.539091000000000000e+06
7.777009999999999934e+01 1.114697000000000000e+06
7.758150000000000546e+01 1.277730000000000000e+06
7.720430000000000348e+01 9.333750000000000000e+05
7.765099999999999625e+01 1.970427000000000000e+06
7.752200000000000557e+01 7.248440000000000000e+05
7.703560000000000230e+01 1.064447000000000000e+06
7.741280000000000427e+01 1.605147000000000000e+06
7.794880000000000564e+01 1.216268000000000000e+06
7.967589999999999861e+01 2.101933000000000000e+06
7.778000000000000114e+01 2.191563000000000000e+06
7.738299999999999557e+01 2.932633000000000000e+06
7.456399999999999295e+01 1.404421000000000000e+06
7.371040000000000703e+01 1.280261000000000000e+06
7.344240000000000634e+01 1.936227000000000000e+06
7.414709999999999468e+01 1.623210000000000000e+06
7.623160000000000025e+01 1.623336000000000000e+06
7.718449999999999989e+01 1.013238000000000000e+06
7.738299999999999557e+01 1.461518000000000000e+06
7.656910000000000593e+01 1.285652000000000000e+06
7.611249999999999716e+01 1.058117000000000000e+06
7.537860000000000582e+01 1.256864000000000000e+06
7.521999999999999886e+01 1.456290000000000000e+06
7.502160000000000650e+01 2.082542000000000000e+06
7.445629999999999882e+01 1.663133000000000000e+06
7.357370000000000232e+01 1.689974000000000000e+06
7.352419999999999334e+01 3.148572000000000000e+06
7.368280000000000030e+01 3.460276000000000000e+06
7.184820000000000562e+01 4.135075000000000000e+06
6.856570000000000675e+01 2.327922000000000000e+06
7.109449999999999648e+01 2.506631000000000000e+06
7.151099999999999568e+01 2.828083000000000000e+06
7.106480000000000530e+01 1.929687000000000000e+06
7.472410000000000707e+01 1.404318000000000000e+06
7.492239999999999611e+01 1.440479000000000000e+06
7.538849999999999341e+01 1.265224000000000000e+06
7.539849999999999852e+01 1.262546000000000000e+06
7.574550000000000693e+01 1.596683000000000000e+06
7.593399999999999750e+01 2.176495000000000000e+06
7.418859999999999388e+01 1.439442000000000000e+06
7.473399999999999466e+01 1.568170000000000000e+06
7.443649999999999523e+01 1.476479000000000000e+06
7.358369999999999322e+01 1.364811000000000000e+06
7.394070000000000675e+01 1.811708000000000000e+06
7.384149999999999636e+01 8.097620000000000000e+05
7.411920000000000641e+01 1.525098000000000000e+06
7.337539999999999907e+01 1.339374000000000000e+06
7.385139999999999816e+01 1.283230000000000000e+06
7.309770000000000323e+01 1.179462000000000000e+06
7.241349999999999909e+01 8.890910000000000000e+05
7.316710000000000491e+01 1.117941000000000000e+06
7.264149999999999352e+01 1.010373000000000000e+06
7.279030000000000200e+01 2.124639000000000000e+06
7.363320000000000221e+01 1.484104000000000000e+06
7.181839999999999691e+01 1.566879000000000000e+06
7.177880000000000393e+01 1.080371000000000000e+06
7.174899999999999523e+01 8.170140000000000000e+05
7.189780000000000371e+01 7.981270000000000000e+05
7.176890000000000214e+01 7.710410000000000000e+05
7.201680000000000348e+01 4.173060000000000000e+05
7.186799999999999500e+01 9.808030000000000000e+05
7.219530000000000314e+01 8.240750000000000000e+05
7.238370000000000459e+01 7.671680000000000000e+05
7.212590000000000146e+01 9.425830000000000000e+05
7.212590000000000146e+01 1.060326000000000000e+06
7.146139999999999759e+01 2.384374000000000000e+06
7.080689999999999884e+01 1.094341000000000000e+06
7.180849999999999511e+01 9.380810000000000000e+05
7.191759999999999309e+01 7.616010000000000000e+05
7.240349999999999397e+01 9.609170000000000000e+05
7.307789999999999964e+01 9.948570000000000000e+05
7.298860000000000525e+01 8.986460000000000000e+05
7.268120000000000402e+01 1.119592000000000000e+06
7.234399999999999409e+01 1.139295000000000000e+06
7.361339999999999861e+01 1.074180000000000000e+06
7.396049999999999613e+01 1.322311000000000000e+06
7.402989999999999782e+01 1.571015000000000000e+06
7.281010000000000559e+01 9.200350000000000000e+05
7.268120000000000402e+01 1.292572000000000000e+06
7.215560000000000684e+01 9.589460000000000000e+05
7.153090000000000259e+01 3.629990000000000000e+05
7.140189999999999770e+01 1.932814000000000000e+06
7.177840000000000487e+01 1.263633000000000000e+06
7.213509999999999422e+01 8.732890000000000000e+05
7.158029999999999404e+01 2.936981000000000000e+06
7.176850000000000307e+01 9.827110000000000000e+05
7.118399999999999750e+01 1.726029000000000000e+06
7.199639999999999418e+01 1.224035000000000000e+06
7.192700000000000671e+01 8.333580000000000000e+05
7.197660000000000480e+01 1.825247000000000000e+06
7.195669999999999789e+01 1.015688000000000000e+06
7.209539999999999793e+01 1.130286000000000000e+06
7.278900000000000148e+01 1.072504000000000000e+06
7.218460000000000321e+01 8.315890000000000000e+05
7.295740000000000691e+01 1.009840000000000000e+06
7.263039999999999452e+01 9.850890000000000000e+05
7.218460000000000321e+01 1.221722000000000000e+06
7.159019999999999584e+01 1.229289000000000000e+06
7.178830000000000666e+01 1.583424000000000000e+06
7.341310000000000002e+01 4.505330000000000000e+05
7.278900000000000148e+01 1.765727000000000000e+06
7.179819999999999425e+01 1.429576000000000000e+06
7.263039999999999452e+01 1.276896000000000000e+06
7.142170000000000130e+01 1.030225000000000000e+06
7.134250000000000114e+01 1.562825000000000000e+06
7.044089999999999918e+01 1.104184000000000000e+06
7.095610000000000639e+01 8.557660000000000000e+05
7.082729999999999393e+01 1.314820000000000000e+06
7.135240000000000293e+01 9.828490000000000000e+05
7.167929999999999779e+01 7.212220000000000000e+05
7.221429999999999438e+01 9.722210000000000000e+05
7.167929999999999779e+01 9.767330000000000000e+05
7.125329999999999586e+01 9.417220000000000000e+05
7.123350000000000648e+01 6.491010000000000000e+05
7.088679999999999382e+01 1.050800000000000000e+06
7.090659999999999741e+01 1.268874000000000000e+06
7.124339999999999407e+01 1.057635000000000000e+06
7.081740000000000634e+01 9.056650000000000000e+05
7.088679999999999382e+01 8.924410000000000000e+05
7.013379999999999370e+01 1.057472000000000000e+06
6.927190000000000225e+01 1.324456000000000000e+06
6.955920000000000414e+01 8.908240000000000000e+05
6.920250000000000057e+01 1.183695000000000000e+06
6.938079999999999359e+01 9.758980000000000000e+05
6.938079999999999359e+01 2.307117000000000000e+06
6.928180000000000405e+01 9.528270000000000000e+05
6.951949999999999363e+01 2.016768000000000000e+06
6.943040000000000589e+01 9.524310000000000000e+05
6.965819999999999368e+01 1.321617000000000000e+06
6.871710000000000207e+01 2.709549000000000000e+06
6.854859999999999332e+01 1.816116000000000000e+06
6.805329999999999302e+01 1.892731000000000000e+06
6.724089999999999634e+01 8.458800000000000000e+05
6.689409999999999457e+01 1.445124000000000000e+06
6.586369999999999436e+01 1.110171000000000000e+06
6.496219999999999573e+01 8.097750000000000000e+05
6.412999999999999545e+01 1.901470000000000000e+06
6.448659999999999570e+01 1.043008000000000000e+06
6.449649999999999750e+01 8.141520000000000000e+05
6.436769999999999925e+01 1.291870000000000000e+06
6.419929999999999382e+01 1.586055000000000000e+06
6.386249999999999716e+01 1.812778000000000000e+06
6.389220000000000255e+01 6.921560000000000000e+05
6.409029999999999916e+01 1.407812000000000000e+06
6.427859999999999729e+01 1.163624000000000000e+06
6.442719999999999914e+01 6.374290000000000000e+05
6.517929999999999779e+01 7.762390000000000000e+05
6.379379999999999740e+01 7.031800000000000000e+05
6.435790000000000077e+01 9.594300000000000000e+05
6.448659999999999570e+01 5.098200000000000000e+05
6.546630000000000393e+01 6.388160000000000000e+05
6.543659999999999854e+01 5.917980000000000000e+05
6.556529999999999347e+01 4.928390000000000000e+05
6.492199999999999704e+01 7.053310000000000000e+05
6.485269999999999868e+01 1.035151000000000000e+06
6.612940000000000396e+01 9.487690000000000000e+05
6.622839999999999350e+01 1.172732000000000000e+06
6.652530000000000143e+01 1.466482000000000000e+06
6.647580000000000666e+01 1.117712000000000000e+06
6.584239999999999782e+01 1.102810000000000000e+06
6.559499999999999886e+01 1.813318000000000000e+06
6.647580000000000666e+01 1.849672000000000000e+06
6.407089999999999463e+01 1.975555000000000000e+06
6.380369999999999919e+01 2.209437000000000000e+06
6.193319999999999936e+01 1.840194000000000000e+06
6.153739999999999810e+01 1.740886000000000000e+06
6.241819999999999879e+01 1.713675000000000000e+06
6.263589999999999947e+01 1.203459000000000000e+06
6.259629999999999939e+01 1.277038000000000000e+06
6.284369999999999834e+01 1.556946000000000000e+06
6.330890000000000128e+01 1.325484000000000000e+06
6.309109999999999729e+01 1.029892000000000000e+06
6.347710000000000008e+01 1.388222000000000000e+06
6.389280000000000115e+01 1.071314000000000000e+06
6.372449999999999903e+01 8.641170000000000000e+05
6.403130000000000166e+01 1.117482000000000000e+06
6.330890000000000128e+01 1.104755000000000000e+06
6.393240000000000123e+01 1.975085000000000000e+06
6.319010000000000105e+01 1.075886000000000000e+06
6.267549999999999955e+01 1.473941000000000000e+06
6.295259999999999678e+01 8.913190000000000000e+05
6.267549999999999955e+01 6.525990000000000000e+05
6.269530000000000314e+01 1.168734000000000000e+06
6.221029999999999660e+01 1.290325000000000000e+06
6.374430000000000263e+01 8.301500000000000000e+05
6.271509999999999962e+01 6.968940000000000000e+05
6.344740000000000180e+01 1.009496000000000000e+06
6.343750000000000000e+01 6.382901000000000000e+06
6.343750000000000000e+01 1.043464000000000000e+06
6.370470000000000255e+01 1.462530000000000000e+06
6.380369999999999919e+01 1.759485000000000000e+06
6.412040000000000362e+01 1.369935000000000000e+06
6.338799999999999812e+01 1.674649000000000000e+06
6.238850000000000051e+01 1.170170000000000000e+06
6.229939999999999856e+01 1.378801000000000000e+06
6.261610000000000298e+01 1.013679000000000000e+06
6.181450000000000244e+01 1.138186000000000000e+06
6.243800000000000239e+01 1.027121000000000000e+06
6.304169999999999874e+01 9.823680000000000000e+05
6.270519999999999783e+01 7.860020000000000000e+05
6.254679999999999751e+01 1.375170000000000000e+06
6.266559999999999775e+01 8.395480000000000000e+05
6.275469999999999970e+01 1.187665000000000000e+06
6.233899999999999864e+01 1.102834000000000000e+06
6.180460000000000065e+01 3.836831000000000000e+06
6.269530000000000314e+01 1.775771000000000000e+06
6.285360000000000014e+01 1.176221000000000000e+06
6.298230000000000217e+01 1.039053000000000000e+06
6.242810000000000059e+01 1.357922000000000000e+06
6.189419999999999789e+01 7.694940000000000000e+05
6.168659999999999854e+01 7.717090000000000000e+05
6.113300000000000267e+01 1.867610000000000000e+06
6.046079999999999899e+01 1.376075000000000000e+06
6.050039999999999907e+01 1.233693000000000000e+06
6.161740000000000350e+01 8.893890000000000000e+05
6.150869999999999749e+01 9.814770000000000000e+05
6.146920000000000073e+01 9.946190000000000000e+05
6.190409999999999968e+01 5.873720000000000000e+05
6.185470000000000113e+01 1.048462000000000000e+06
6.198319999999999652e+01 8.259570000000000000e+05
6.217099999999999937e+01 1.791541000000000000e+06
6.241819999999999879e+01 5.911690000000000000e+05
6.210179999999999723e+01 8.199090000000000000e+05
6.195360000000000156e+01 9.768230000000000000e+05
6.146920000000000073e+01 1.504186000000000000e+06
6.162729999999999819e+01 1.759094000000000000e+06
6.253679999999999950e+01 2.401529000000000000e+06
6.160759999999999792e+01 1.945656000000000000e+06
6.153840000000000288e+01 1.301462000000000000e+06
6.161740000000000350e+01 1.383191000000000000e+06
6.072769999999999868e+01 1.269327000000000000e+06
5.932399999999999807e+01 1.391290000000000000e+06
5.991709999999999781e+01 1.502677000000000000e+06
5.932399999999999807e+01 1.963931000000000000e+06
5.958100000000000307e+01 1.562969000000000000e+06
5.978860000000000241e+01 9.782810000000000000e+05
5.964030000000000342e+01 1.215355000000000000e+06
5.980839999999999890e+01 1.546100000000000000e+06
6.007529999999999859e+01 2.477402000000000000e+06
6.030259999999999820e+01 1.224559000000000000e+06
5.977870000000000061e+01 5.213870000000000000e+05
5.987760000000000105e+01 7.199200000000000000e+05
5.956119999999999948e+01 1.389853000000000000e+06
5.933379999999999654e+01 1.514787000000000000e+06
5.944259999999999877e+01 1.918021000000000000e+06
5.953159999999999741e+01 1.220824000000000000e+06
5.893840000000000146e+01 1.155660000000000000e+06
5.896809999999999974e+01 1.377032000000000000e+06
5.890879999999999939e+01 8.178600000000000000e+05
5.840460000000000207e+01 9.431580000000000000e+05
5.863199999999999790e+01 1.811179000000000000e+06
5.786090000000000089e+01 1.054543000000000000e+06
5.782130000000000081e+01 1.661136000000000000e+06
5.784109999999999729e+01 1.860961000000000000e+06
5.832549999999999812e+01 1.467799000000000000e+06
5.889889999999999759e+01 1.929291000000000000e+06
5.882970000000000255e+01 1.428077000000000000e+06
5.901749999999999829e+01 1.783872000000000000e+06
5.788069999999999737e+01 9.510310000000000000e+05
5.809810000000000230e+01 1.573550000000000000e+06
5.764339999999999975e+01 1.219101000000000000e+06
5.735669999999999646e+01 1.308068000000000000e+06
5.750500000000000256e+01 1.290575000000000000e+06
5.753470000000000084e+01 1.664624000000000000e+06
5.766320000000000334e+01 1.567188000000000000e+06
5.805859999999999843e+01 1.438432000000000000e+06
5.795969999999999800e+01 1.943679000000000000e+06
5.823649999999999949e+01 1.436196000000000000e+06
5.699090000000000344e+01 1.648764000000000000e+06
5.699090000000000344e+01 8.915550000000000000e+05
5.712930000000000064e+01 1.846710000000000000e+06
5.660540000000000305e+01 1.019326000000000000e+06
5.703050000000000352e+01 9.404370000000000000e+05
5.739580000000000126e+01 1.553170000000000000e+06
5.696139999999999759e+01 9.020520000000000000e+05
5.666519999999999868e+01 1.120430000000000000e+06
5.685280000000000200e+01 1.022011000000000000e+06
5.656640000000000157e+01 1.008695000000000000e+06
5.680340000000000344e+01 1.187793000000000000e+06
5.642819999999999681e+01 1.251218000000000000e+06
5.629979999999999762e+01 1.128318000000000000e+06
5.547039999999999793e+01 4.628084000000000000e+06
5.493730000000000047e+01 1.898017000000000000e+06
5.510510000000000019e+01 8.796440000000000000e+05
5.531250000000000000e+01 1.447427000000000000e+06
5.451270000000000238e+01 1.895180000000000000e+06
5.443370000000000175e+01 1.159728000000000000e+06
5.461140000000000327e+01 1.792769000000000000e+06
5.473980000000000246e+01 1.570608000000000000e+06
5.522359999999999758e+01 1.568686000000000000e+06
5.498660000000000281e+01 2.298667000000000000e+06
5.447319999999999851e+01 1.755924000000000000e+06
5.400909999999999656e+01 1.710517000000000000e+06
5.342660000000000053e+01 1.372830000000000000e+06
5.383140000000000214e+01 1.761294000000000000e+06
5.358460000000000178e+01 8.210790000000000000e+05
5.345620000000000260e+01 1.346076000000000000e+06
5.344630000000000081e+01 1.235536000000000000e+06
5.406839999999999691e+01 1.439364000000000000e+06
5.299210000000000065e+01 2.030174000000000000e+06
5.298230000000000217e+01 3.691727000000000000e+06
5.312049999999999983e+01 1.311612000000000000e+06
5.305140000000000100e+01 7.433350000000000000e+05
5.318959999999999866e+01 1.260009000000000000e+06
5.325869999999999749e+01 1.429980000000000000e+06
5.356479999999999819e+01 1.487117000000000000e+06
5.305140000000000100e+01 1.615079000000000000e+06
5.295259999999999678e+01 7.054310000000000000e+05
5.332780000000000342e+01 4.971710000000000000e+05
5.307110000000000127e+01 6.027360000000000000e+05
5.377219999999999800e+01 4.074990000000000000e+05
5.382150000000000034e+01 5.217270000000000000e+05
5.340679999999999694e+01 1.543310000000000000e+06
5.343650000000000233e+01 1.469792000000000000e+06
5.435470000000000113e+01 1.187882000000000000e+06
5.426590000000000202e+01 1.169327000000000000e+06
5.413750000000000284e+01 2.646114000000000000e+06
5.411769999999999925e+01 1.578075000000000000e+06
5.356479999999999819e+01 1.559674000000000000e+06
5.316989999999999839e+01 2.752022000000000000e+06
5.330810000000000315e+01 1.530219000000000000e+06
5.331799999999999784e+01 1.441365000000000000e+06
5.300200000000000244e+01 2.203150000000000000e+06
5.355490000000000350e+01 3.285698000000000000e+06
5.331799999999999784e+01 2.281347000000000000e+06
5.322910000000000252e+01 1.420805000000000000e+06
5.379189999999999827e+01 2.545434000000000000e+06
5.350560000000000116e+01 3.325307000000000000e+06
5.429549999999999699e+01 4.718924000000000000e+06
5.458180000000000121e+01 1.077962000000000000e+06
5.488790000000000191e+01 1.054130000000000000e+06
5.526310000000000144e+01 4.892760000000000000e+05
5.509519999999999840e+01 1.052992000000000000e+06
5.467069999999999652e+01 1.333194000000000000e+06
5.406909999999999883e+01 1.391314000000000000e+06
5.387189999999999657e+01 1.214944000000000000e+06
5.374369999999999692e+01 9.330700000000000000e+05
5.368449999999999989e+01 1.533521000000000000e+06
5.336899999999999977e+01 1.703435000000000000e+06
5.307319999999999993e+01 2.630365000000000000e+06
5.265899999999999892e+01 1.431376000000000000e+06
5.344789999999999708e+01 1.796173000000000000e+06
5.271809999999999974e+01 1.673874000000000000e+06
5.191940000000000310e+01 1.165927000000000000e+06
5.107130000000000081e+01 1.413931000000000000e+06
5.040079999999999671e+01 1.568224000000000000e+06
5.027259999999999707e+01 1.144421000000000000e+06
4.962169999999999703e+01 8.797880000000000000e+05
4.978940000000000055e+01 1.770139000000000000e+06
5.034159999999999968e+01 1.561747000000000000e+06
4.951319999999999766e+01 3.978783000000000000e+06
4.683100000000000307e+01 3.144196000000000000e+06
4.710710000000000264e+01 1.569490000000000000e+06
4.725500000000000256e+01 1.279439000000000000e+06
4.787630000000000052e+01 1.269604000000000000e+06
4.799459999999999837e+01 1.706970000000000000e+06
4.802420000000000044e+01 1.419279000000000000e+06
4.870459999999999923e+01 7.599180000000000000e+05
4.840879999999999939e+01 1.152647000000000000e+06
4.837919999999999732e+01 1.116544000000000000e+06
4.877369999999999806e+01 8.723440000000000000e+05
4.814249999999999829e+01 1.209563000000000000e+06
4.831020000000000181e+01 1.620016000000000000e+06
4.853699999999999903e+01 1.401859000000000000e+06
4.925690000000000168e+01 1.021172000000000000e+06
4.923709999999999809e+01 1.055658000000000000e+06
4.999640000000000128e+01 7.640130000000000000e+05
5.023310000000000031e+01 8.845040000000000000e+05
5.010490000000000066e+01 1.212754000000000000e+06
5.067690000000000339e+01 1.361493000000000000e+06
5.019369999999999976e+01 1.944173000000000000e+06
4.999640000000000128e+01 1.458059000000000000e+06
5.100229999999999819e+01 9.056660000000000000e+05
5.089379999999999882e+01 1.196391000000000000e+06
5.050919999999999987e+01 1.066265000000000000e+06
5.017399999999999949e+01 8.071880000000000000e+05
5.092340000000000089e+01 1.649215000000000000e+06
5.027259999999999707e+01 8.508410000000000000e+05
4.955270000000000152e+01 1.070439000000000000e+06
5.007529999999999859e+01 9.696060000000000000e+05
4.956260000000000332e+01 2.351863000000000000e+06
4.978940000000000055e+01 1.417223000000000000e+06
4.932589999999999719e+01 1.152272000000000000e+06
4.934559999999999746e+01 1.607116000000000000e+06
5.049940000000000140e+01 1.862444000000000000e+06
4.984850000000000136e+01 2.170702000000000000e+06
5.160379999999999967e+01 1.097798000000000000e+06
5.220539999999999736e+01 1.743200000000000000e+06
5.199830000000000041e+01 1.293788000000000000e+06
5.263929999999999865e+01 8.408030000000000000e+05
5.189970000000000283e+01 9.593710000000000000e+05
5.193910000000000338e+01 1.653599000000000000e+06
5.187989999999999924e+01 9.521210000000000000e+05
5.168269999999999698e+01 1.044848000000000000e+06
5.115019999999999811e+01 9.375620000000000000e+05
5.090370000000000061e+01 1.384867000000000000e+06
5.065720000000000312e+01 6.927930000000000000e+05
5.111999999999999744e+01 2.513773000000000000e+06
5.047990000000000066e+01 1.081677000000000000e+06
5.112980000000000302e+01 1.196193000000000000e+06
5.235099999999999909e+01 8.746720000000000000e+05
5.259720000000000084e+01 1.032288000000000000e+06
5.273499999999999943e+01 1.002284000000000000e+06
5.284340000000000259e+01 1.457937000000000000e+06
5.190780000000000172e+01 1.287802000000000000e+06
5.175030000000000285e+01 1.992681000000000000e+06
4.968220000000000169e+01 1.182411000000000000e+06
4.969210000000000349e+01 1.077911000000000000e+06
4.928829999999999956e+01 2.116463000000000000e+06
4.981020000000000181e+01 2.665875000000000000e+06
4.926859999999999928e+01 3.046799000000000000e+06
4.853000000000000114e+01 4.709939000000000000e+06
4.677709999999999724e+01 3.267301000000000000e+06
4.707249999999999801e+01 2.980989000000000000e+06
4.747630000000000194e+01 4.484073000000000000e+06
4.790959999999999752e+01 2.923057000000000000e+06
4.817549999999999955e+01 1.628596000000000000e+06
4.853000000000000114e+01 1.571409000000000000e+06
4.823460000000000036e+01 3.044828000000000000e+06
4.864820000000000277e+01 2.450622000000000000e+06
4.947540000000000049e+01 3.037115000000000000e+06
4.957390000000000185e+01 3.351687000000000000e+06
5.076550000000000296e+01 1.954621000000000000e+06
5.050939999999999941e+01 1.557534000000000000e+06
5.045029999999999859e+01 3.689804000000000000e+06
5.078520000000000323e+01 3.481590000000000000e+06
4.984960000000000235e+01 4.864712000000000000e+06
4.980040000000000333e+01 5.552928000000000000e+06
5.034199999999999875e+01 6.042339000000000000e+06
4.943599999999999994e+01 4.243498000000000000e+06
4.701350000000000051e+01 5.486829000000000000e+06
4.702329999999999899e+01 6.706473000000000000e+06
4.786039999999999850e+01 6.221194000000000000e+06
4.878609999999999758e+01 1.326770000000000000e+05
