1.162809999999999945e+03 2.480326000000000000e+06
1.146819999999999936e+03 2.574061000000000000e+06
1.110710000000000036e+03 3.208495000000000000e+06
1.161750000000000000e+03 3.573755000000000000e+06
1.102490000000000009e+03 4.081528000000000000e+06
1.134460000000000036e+03 3.344450000000000000e+06
1.056619999999999891e+03 4.044137000000000000e+06
1.072319999999999936e+03 3.601750000000000000e+06
1.115289999999999964e+03 3.651106000000000000e+06
1.096799999999999955e+03 4.233435000000000000e+06
1.119799999999999955e+03 3.861489000000000000e+06
1.084329999999999927e+03 4.252365000000000000e+06
1.219730000000000018e+03 3.700125000000000000e+06
1.114910000000000082e+03 4.226748000000000000e+06
1.215410000000000082e+03 2.611229000000000000e+06
1.280390000000000100e+03 2.611373000000000000e+06
1.215559999999999945e+03 3.365365000000000000e+06
1.298410000000000082e+03 2.660628000000000000e+06
1.319039999999999964e+03 2.561288000000000000e+06
1.386519999999999982e+03 1.913315000000000000e+06
1.341390000000000100e+03 2.402326000000000000e+06
1.389109999999999900e+03 2.431468000000000000e+06
1.339329999999999927e+03 3.790618000000000000e+06
1.318089999999999918e+03 2.978300000000000000e+06
1.393180000000000064e+03 2.204037000000000000e+06
1.388450000000000045e+03 2.478278000000000000e+06
1.421589999999999918e+03 2.867053000000000000e+06
1.485109999999999900e+03 1.732273000000000000e+06
1.518150000000000091e+03 1.096552000000000000e+06
1.526690000000000055e+03 9.492680000000000000e+05
1.519670000000000073e+03 1.121140000000000000e+06
1.520740000000000009e+03 1.197836000000000000e+06
1.514660000000000082e+03 9.297300000000000000e+05
1.518269999999999982e+03 1.167565000000000000e+06
1.508789999999999964e+03 1.344633000000000000e+06
1.508680000000000064e+03 1.419876000000000000e+06
1.479230000000000018e+03 1.172270000000000000e+06
1.476230000000000018e+03 1.679384000000000000e+06
1.448230000000000018e+03 1.986157000000000000e+06
1.447069999999999936e+03 3.932954000000000000e+06
1.485940000000000055e+03 3.055216000000000000e+06
1.434230000000000018e+03 2.417214000000000000e+06
1.455839999999999918e+03 1.339421000000000000e+06
1.458630000000000109e+03 1.078667000000000000e+06
1.452559999999999945e+03 1.577422000000000000e+06
1.433900000000000091e+03 1.755201000000000000e+06
1.466710000000000036e+03 1.784644000000000000e+06
1.486650000000000091e+03 1.351354000000000000e+06
1.485950000000000045e+03 1.610846000000000000e+06
1.484400000000000091e+03 2.008830000000000000e+06
1.480390000000000100e+03 2.396215000000000000e+06
1.451700000000000045e+03 1.173688000000000000e+06
1.439200000000000045e+03 1.282685000000000000e+06
1.430880000000000109e+03 1.560453000000000000e+06
1.439230000000000018e+03 1.378286000000000000e+06
1.429730000000000018e+03 1.821566000000000000e+06
1.419829999999999927e+03 1.502664000000000000e+06
1.404319999999999936e+03 1.529177000000000000e+06
1.393339999999999918e+03 1.511693000000000000e+06
1.394210000000000036e+03 1.733149000000000000e+06
1.360660000000000082e+03 1.187006000000000000e+06
1.367369999999999891e+03 1.406731000000000000e+06
1.337019999999999982e+03 9.624680000000000000e+05
1.336140000000000100e+03 1.051323000000000000e+06
1.351890000000000100e+03 1.038718000000000000e+06
1.360400000000000091e+03 6.677540000000000000e+05
1.343559999999999945e+03 3.475180000000000000e+05
1.348839999999999918e+03 8.832000000000000000e+05
1.349589999999999918e+03 3.316905000000000000e+06
1.356039999999999964e+03 1.470112000000000000e+06
1.352619999999999891e+03 1.657069000000000000e+06
1.355119999999999891e+03 1.855259000000000000e+06
1.361170000000000073e+03 1.397451000000000000e+06
1.347829999999999927e+03 1.550028000000000000e+06
1.350269999999999982e+03 1.281722000000000000e+06
1.345019999999999982e+03 8.507960000000000000e+05
1.344660000000000082e+03 1.094653000000000000e+06
1.343559999999999945e+03 1.355795000000000000e+06
1.340619999999999891e+03 1.315510000000000000e+06
1.328130000000000109e+03 1.212818000000000000e+06
1.320539999999999964e+03 1.538110000000000000e+06
1.295279999999999973e+03 1.268647000000000000e+06
1.289920000000000073e+03 1.511851000000000000e+06
1.304960000000000036e+03 5.869810000000000000e+05
1.312990000000000009e+03 9.963290000000000000e+05
1.313549999999999955e+03 1.069795000000000000e+06
1.306690000000000055e+03 1.036487000000000000e+06
1.295339999999999918e+03 1.386506000000000000e+06
1.301349999999999909e+03 9.954990000000000000e+05
1.303049999999999955e+03 1.309835000000000000e+06
1.315460000000000036e+03 1.269372000000000000e+06
1.320700000000000045e+03 1.488083000000000000e+06
1.334869999999999891e+03 1.782955000000000000e+06
1.311460000000000036e+03 1.194305000000000000e+06
1.298000000000000000e+03 8.538610000000000000e+05
1.298799999999999955e+03 1.085859000000000000e+06
1.299190000000000055e+03 1.012429000000000000e+06
1.311369999999999891e+03 1.251916000000000000e+06
1.308859999999999900e+03 2.029970000000000000e+06
1.291799999999999955e+03 1.152977000000000000e+06
1.292029999999999973e+03 1.282711000000000000e+06
1.291369999999999891e+03 1.500964000000000000e+06
1.273740000000000009e+03 1.670072000000000000e+06
1.260109999999999900e+03 1.455651000000000000e+06
1.261289999999999964e+03 1.408851000000000000e+06
1.262619999999999891e+03 1.886380000000000000e+06
1.290000000000000000e+03 2.524976000000000000e+06
1.265130000000000109e+03 1.213051000000000000e+06
1.260990000000000009e+03 1.039868000000000000e+06
1.259130000000000109e+03 9.285950000000000000e+05
1.242799999999999955e+03 1.047851000000000000e+06
1.246150000000000091e+03 1.026750000000000000e+06
1.245490000000000009e+03 1.321924000000000000e+06
1.253069999999999936e+03 9.805100000000000000e+05
1.243640000000000100e+03 1.168174000000000000e+06
1.243009999999999991e+03 1.395259000000000000e+06
1.217140000000000100e+03 8.820390000000000000e+05
1.215450000000000045e+03 1.277144000000000000e+06
1.208670000000000073e+03 9.325310000000000000e+05
1.202309999999999945e+03 8.766320000000000000e+05
1.189130000000000109e+03 1.141784000000000000e+06
1.207680000000000064e+03 8.671490000000000000e+05
1.209000000000000000e+03 1.183264000000000000e+06
1.187829999999999927e+03 1.663656000000000000e+06
1.176630000000000109e+03 1.639237000000000000e+06
1.205099999999999909e+03 1.358279000000000000e+06
1.219000000000000000e+03 1.419676000000000000e+06
1.225089999999999918e+03 1.354432000000000000e+06
1.241390000000000100e+03 1.561882000000000000e+06
1.246519999999999982e+03 1.593875000000000000e+06
1.218759999999999991e+03 1.591786000000000000e+06
1.234029999999999973e+03 1.075253000000000000e+06
1.229930000000000064e+03 2.337269000000000000e+06
1.238710000000000036e+03 1.000155000000000000e+06
1.232410000000000082e+03 1.144333000000000000e+06
1.229150000000000091e+03 9.581120000000000000e+05
1.231299999999999955e+03 1.053299000000000000e+06
1.239559999999999945e+03 1.301350000000000000e+06
1.234250000000000000e+03 1.725908000000000000e+06
1.220170000000000073e+03 1.307033000000000000e+06
1.206000000000000000e+03 1.260115000000000000e+06
1.204410000000000082e+03 1.471880000000000000e+06
1.204930000000000064e+03 1.072143000000000000e+06
1.211380000000000109e+03 1.408601000000000000e+06
1.181410000000000082e+03 1.068968000000000000e+06
1.168390000000000100e+03 1.480420000000000000e+06
1.188099999999999909e+03 1.129959000000000000e+06
1.192849999999999909e+03 1.088858000000000000e+06
1.171019999999999982e+03 7.709150000000000000e+05
1.167839999999999918e+03 1.077452000000000000e+06
1.168890000000000100e+03 1.226441000000000000e+06
1.151289999999999964e+03 1.688271000000000000e+06
1.189529999999999973e+03 9.479060000000000000e+05
1.191250000000000000e+03 7.410530000000000000e+05
1.182690000000000055e+03 9.156050000000000000e+05
1.198450000000000045e+03 1.232517000000000000e+06
1.177599999999999909e+03 1.349436000000000000e+06
1.167259999999999991e+03 1.224739000000000000e+06
1.164289999999999964e+03 1.578668000000000000e+06
1.197269999999999982e+03 1.318009000000000000e+06
1.174710000000000036e+03 1.003187000000000000e+06
1.188009999999999991e+03 1.065658000000000000e+06
1.204799999999999955e+03 1.467997000000000000e+06
1.173990000000000009e+03 1.444324000000000000e+06
1.169950000000000045e+03 1.709374000000000000e+06
1.152319999999999936e+03 2.597455000000000000e+06
1.193990000000000009e+03 1.645067000000000000e+06
1.209009999999999991e+03 1.698510000000000000e+06
1.216680000000000064e+03 1.725454000000000000e+06
1.225140000000000100e+03 1.453263000000000000e+06
1.239410000000000082e+03 2.223731000000000000e+06
1.250410000000000082e+03 4.805752000000000000e+06
1.132119999999999891e+03 2.209881000000000000e+06
1.137809999999999945e+03 1.590101000000000000e+06
1.146210000000000036e+03 1.093688000000000000e+06
1.138069999999999936e+03 1.301846000000000000e+06
1.130099999999999909e+03 1.647245000000000000e+06
1.146329999999999927e+03 1.291281000000000000e+06
1.146349999999999909e+03 1.170047000000000000e+06
1.153579999999999927e+03 1.238807000000000000e+06
1.150339999999999918e+03 9.037800000000000000e+05
1.144900000000000091e+03 8.639730000000000000e+05
1.144210000000000036e+03 1.195569000000000000e+06
1.140480000000000018e+03 1.209466000000000000e+06
1.124829999999999927e+03 1.330370000000000000e+06
1.116349999999999909e+03 1.236419000000000000e+06
1.131589999999999918e+03 1.264540000000000000e+06
1.121579999999999927e+03 7.670110000000000000e+05
1.111250000000000000e+03 9.917550000000000000e+05
1.097950000000000045e+03 1.438504000000000000e+06
1.080910000000000082e+03 1.693450000000000000e+06
1.076009999999999991e+03 1.004477000000000000e+06
1.079799999999999955e+03 1.810869000000000000e+06
1.086349999999999909e+03 1.546913000000000000e+06
1.115519999999999982e+03 1.395696000000000000e+06
1.121880000000000109e+03 1.947591000000000000e+06
1.111420000000000073e+03 1.262011000000000000e+06
1.102329999999999927e+03 1.339218000000000000e+06
1.103599999999999909e+03 1.386684000000000000e+06
1.092500000000000000e+03 9.416020000000000000e+05
1.085349999999999909e+03 1.111643000000000000e+06
1.088769999999999982e+03 1.058000000000000000e+06
1.077029999999999973e+03 1.061255000000000000e+06
1.078720000000000027e+03 1.437063000000000000e+06
1.080380000000000109e+03 1.464248000000000000e+06
1.066039999999999964e+03 1.802370000000000000e+06
1.044339999999999918e+03 1.703244000000000000e+06
1.042220000000000027e+03 2.168439000000000000e+06
1.053049999999999955e+03 2.833483000000000000e+06
1.036230000000000018e+03 5.130576000000000000e+06
1.103630000000000109e+03 1.508203000000000000e+06
1.117950000000000045e+03 9.518730000000000000e+05
1.116460000000000036e+03 1.538212000000000000e+06
1.134150000000000091e+03 1.365166000000000000e+06
1.133470000000000027e+03 1.112341000000000000e+06
1.140769999999999982e+03 1.199300000000000000e+06
1.151420000000000073e+03 9.148390000000000000e+05
1.149630000000000109e+03 1.160158000000000000e+06
1.138849999999999909e+03 1.353292000000000000e+06
1.162299999999999955e+03 1.208623000000000000e+06
1.178980000000000018e+03 1.531404000000000000e+06
1.164210000000000036e+03 2.289302000000000000e+06
1.120440000000000055e+03 1.836604000000000000e+06
1.132029999999999973e+03 1.860648000000000000e+06
1.164269999999999982e+03 1.314546000000000000e+06
1.162380000000000109e+03 1.185973000000000000e+06
1.166269999999999982e+03 1.309514000000000000e+06
1.174099999999999909e+03 1.551368000000000000e+06
1.189390000000000100e+03 1.563943000000000000e+06
1.185400000000000091e+03 1.980653000000000000e+06
1.162609999999999900e+03 1.944817000000000000e+06
1.168079999999999927e+03 2.642983000000000000e+06
1.188480000000000018e+03 6.207027000000000000e+06
1.287579999999999927e+03 2.499432000000000000e+06
1.272180000000000064e+03 1.241428000000000000e+06
1.263450000000000045e+03 1.107295000000000000e+06
1.256000000000000000e+03 1.018753000000000000e+06
1.264549999999999955e+03 1.319910000000000000e+06
1.248839999999999918e+03 8.073340000000000000e+05
1.236369999999999891e+03 1.331823000000000000e+06
1.236339999999999918e+03 1.221930000000000000e+06
1.227130000000000109e+03 8.563040000000000000e+05
1.221099999999999909e+03 1.187519000000000000e+06
1.217869999999999891e+03 9.337940000000000000e+05
1.204619999999999891e+03 7.102310000000000000e+05
1.202160000000000082e+03 7.246430000000000000e+05
1.197250000000000000e+03 8.763810000000000000e+05
1.203839999999999918e+03 8.603630000000000000e+05
1.207150000000000091e+03 9.071520000000000000e+05
1.215000000000000000e+03 9.507470000000000000e+05
1.205920000000000073e+03 1.017838000000000000e+06
1.200490000000000009e+03 8.279730000000000000e+05
1.194430000000000064e+03 1.252757000000000000e+06
1.173309999999999945e+03 1.269979000000000000e+06
1.168490000000000009e+03 1.012430000000000000e+06
1.173019999999999982e+03 1.400240000000000000e+06
1.184619999999999891e+03 1.901156000000000000e+06
1.193000000000000000e+03 1.496843000000000000e+06
1.205500000000000000e+03 1.714247000000000000e+06
1.231539999999999964e+03 1.204045000000000000e+06
1.223970000000000027e+03 2.227786000000000000e+06
1.198849999999999909e+03 1.520688000000000000e+06
1.184259999999999991e+03 1.292633000000000000e+06
1.184460000000000036e+03 2.459957000000000000e+06
1.185549999999999955e+03 1.172815000000000000e+06
1.193319999999999936e+03 1.435936000000000000e+06
1.193200000000000045e+03 2.013115000000000000e+06
1.175759999999999991e+03 1.719192000000000000e+06
1.142319999999999936e+03 1.212489000000000000e+06
1.143299999999999955e+03 1.166559000000000000e+06
1.157859999999999900e+03 1.099289000000000000e+06
1.162029999999999973e+03 1.443174000000000000e+06
1.147799999999999955e+03 1.446047000000000000e+06
1.140990000000000009e+03 1.450316000000000000e+06
1.119920000000000073e+03 1.542609000000000000e+06
1.116049999999999955e+03 9.687600000000000000e+05
1.115130000000000109e+03 1.471743000000000000e+06
1.109400000000000091e+03 1.413061000000000000e+06
1.110369999999999891e+03 1.049545000000000000e+06
1.096970000000000027e+03 1.415473000000000000e+06
1.113799999999999955e+03 1.087817000000000000e+06
1.118559999999999945e+03 1.046628000000000000e+06
1.113650000000000091e+03 1.449830000000000000e+06
1.121670000000000073e+03 9.476320000000000000e+05
1.120160000000000082e+03 1.049781000000000000e+06
1.121369999999999891e+03 1.609513000000000000e+06
1.095009999999999991e+03 1.065194000000000000e+06
1.095059999999999945e+03 1.075769000000000000e+06
1.098710000000000036e+03 2.044827000000000000e+06
1.115230000000000018e+03 2.105592000000000000e+06
1.145990000000000009e+03 3.552194000000000000e+06
1.132799999999999955e+03 2.576470000000000000e+06
1.110750000000000000e+03 1.462208000000000000e+06
1.116369999999999891e+03 1.538324000000000000e+06
1.089059999999999945e+03 1.279822000000000000e+06
1.060619999999999891e+03 1.021819000000000000e+06
1.070079999999999927e+03 1.284281000000000000e+06
1.090990000000000009e+03 1.119216000000000000e+06
1.073900000000000091e+03 1.361673000000000000e+06
1.075569999999999936e+03 9.669560000000000000e+05
1.070519999999999982e+03 1.613527000000000000e+06
1.098259999999999991e+03 1.955559000000000000e+06
1.089900000000000091e+03 1.242664000000000000e+06
1.080970000000000027e+03 1.331819000000000000e+06
1.077150000000000091e+03 1.463570000000000000e+06
1.044690000000000055e+03 1.144263000000000000e+06
1.057190000000000055e+03 1.520756000000000000e+06
1.070329999999999927e+03 1.456421000000000000e+06
1.074660000000000082e+03 1.199272000000000000e+06
1.076279999999999973e+03 1.765267000000000000e+06
1.068390000000000100e+03 1.981874000000000000e+06
1.070710000000000036e+03 2.093894000000000000e+06
1.016059999999999945e+03 1.841066000000000000e+06
1.045849999999999909e+03 1.532608000000000000e+06
1.035609999999999900e+03 1.493722000000000000e+06
1.037079999999999927e+03 1.413772000000000000e+06
1.043880000000000109e+03 2.109777000000000000e+06
1.039460000000000036e+03 2.373270000000000000e+06
9.762200000000000273e+02 1.590328000000000000e+06
9.795399999999999636e+02 4.595891000000000000e+06
1.009409999999999968e+03 2.673464000000000000e+06
1.023009999999999991e+03 2.479338000000000000e+06
1.028710000000000036e+03 2.192533000000000000e+06
1.016529999999999973e+03 2.385364000000000000e+06
1.042099999999999909e+03 1.686619000000000000e+06
1.061900000000000091e+03 1.329768000000000000e+06
1.063680000000000064e+03 1.523804000000000000e+06
1.051750000000000000e+03 1.394731000000000000e+06
1.039549999999999955e+03 1.807725000000000000e+06
1.036579999999999927e+03 2.101206000000000000e+06
1.068730000000000018e+03 2.769225000000000000e+06
1.050819999999999936e+03 2.345166000000000000e+06
1.106430000000000064e+03 1.990758000000000000e+06
1.094430000000000064e+03 2.580612000000000000e+06
1.088299999999999955e+03 1.468859000000000000e+06
1.086230000000000018e+03 2.475419000000000000e+06
1.044410000000000082e+03 1.803164000000000000e+06
1.048619999999999891e+03 1.942822000000000000e+06
1.023879999999999995e+03 6.914620000000000000e+05
1.037609999999999900e+03 1.534274000000000000e+06
1.025759999999999991e+03 2.449130000000000000e+06
1.020000000000000000e+03 1.858614000000000000e+06
1.061490000000000009e+03 1.658116000000000000e+06
1.064710000000000036e+03 1.836084000000000000e+06
1.043660000000000082e+03 1.565945000000000000e+06
1.036049999999999955e+03 1.513702000000000000e+06
1.038630000000000109e+03 1.471758000000000000e+06
1.066150000000000091e+03 1.343313000000000000e+06
1.082400000000000091e+03 1.488182000000000000e+06
1.093390000000000100e+03 2.058356000000000000e+06
1.055809999999999945e+03 1.233306000000000000e+06
1.040089999999999918e+03 2.441430000000000000e+06
1.057789999999999964e+03 1.839043000000000000e+06
1.070000000000000000e+03 1.481979000000000000e+06
1.076769999999999982e+03 2.529768000000000000e+06
1.036210000000000036e+03 3.212657000000000000e+06
1.020080000000000041e+03 3.880723000000000000e+06
1.071470000000000027e+03 4.187586000000000000e+06
1.095569999999999936e+03 2.545839000000000000e+06
1.050710000000000036e+03 1.982430000000000000e+06
1.103690000000000055e+03 1.848654000000000000e+06
1.101160000000000082e+03 1.514220000000000000e+06
1.096460000000000036e+03 1.267649000000000000e+06
1.087970000000000027e+03 2.094524000000000000e+06
1.115690000000000055e+03 1.467226000000000000e+06
1.121279999999999973e+03 1.928540000000000000e+06
1.092250000000000000e+03 1.372393000000000000e+06
1.110079999999999927e+03 2.101303000000000000e+06
1.079319999999999936e+03 2.950120000000000000e+06
1.081220000000000027e+03 2.675742000000000000e+06
1.138819999999999936e+03 1.308764000000000000e+06
1.148970000000000027e+03 1.932355000000000000e+06
1.157349999999999909e+03 1.184452000000000000e+06
1.168190000000000055e+03 2.209490000000000000e+06
1.202950000000000045e+03 1.256214000000000000e+06
1.200109999999999900e+03 1.687914000000000000e+06
1.195309999999999945e+03 1.357604000000000000e+06
1.193470000000000027e+03 1.380629000000000000e+06
1.194640000000000100e+03 1.260754000000000000e+06
1.180490000000000009e+03 1.462253000000000000e+06
1.184650000000000091e+03 9.777310000000000000e+05
1.173369999999999891e+03 1.271017000000000000e+06
1.166089999999999918e+03 4.405584000000000000e+06
1.186869999999999891e+03 1.225387000000000000e+06
1.171089999999999918e+03 1.191386000000000000e+06
1.161220000000000027e+03 1.203686000000000000e+06
1.156049999999999955e+03 1.306522000000000000e+06
1.172529999999999973e+03 9.439780000000000000e+05
1.175329999999999927e+03 1.431214000000000000e+06
1.162819999999999936e+03 1.295472000000000000e+06
1.177359999999999900e+03 1.209565000000000000e+06
1.164640000000000100e+03 1.115796000000000000e+06
1.164829999999999927e+03 1.401404000000000000e+06
1.171440000000000055e+03 1.888467000000000000e+06
1.186480000000000018e+03 2.061309000000000000e+06
1.197000000000000000e+03 1.831045000000000000e+06
1.218190000000000055e+03 1.816426000000000000e+06
1.239119999999999891e+03 1.331439000000000000e+06
1.249299999999999955e+03 1.309312000000000000e+06
1.231150000000000091e+03 1.304007000000000000e+06
1.241819999999999936e+03 1.156255000000000000e+06
1.220650000000000091e+03 9.468400000000000000e+05
1.205380000000000109e+03 9.926040000000000000e+05
1.207329999999999927e+03 8.873890000000000000e+05
1.201619999999999891e+03 1.205580000000000000e+06
1.207769999999999982e+03 8.707720000000000000e+05
1.200960000000000036e+03 1.389645000000000000e+06
1.206490000000000009e+03 1.343161000000000000e+06
1.214380000000000109e+03 1.828814000000000000e+06
1.242099999999999909e+03 1.348194000000000000e+06
1.235009999999999991e+03 9.973460000000000000e+05
1.237609999999999900e+03 1.108919000000000000e+06
1.249099999999999909e+03 8.486010000000000000e+05
1.245609999999999900e+03 1.370913000000000000e+06
1.242220000000000027e+03 1.493980000000000000e+06
1.224769999999999982e+03 1.081723000000000000e+06
1.223710000000000036e+03 1.089896000000000000e+06
1.226150000000000091e+03 1.531299000000000000e+06
1.220009999999999991e+03 1.567264000000000000e+06
1.217259999999999991e+03 1.644722000000000000e+06
1.219740000000000009e+03 1.849904000000000000e+06
1.238500000000000000e+03 2.130558000000000000e+06
1.268329999999999927e+03 2.405638000000000000e+06
1.263700000000000045e+03 2.139999000000000000e+06
1.248079999999999927e+03 3.318204000000000000e+06
1.205500000000000000e+03 2.619234000000000000e+06
1.184910000000000082e+03 1.248400000000000000e+06
1.186960000000000036e+03 1.276667000000000000e+06
1.195880000000000109e+03 1.393606000000000000e+06
1.198799999999999955e+03 1.610353000000000000e+06
1.183859999999999900e+03 1.055662000000000000e+06
1.188819999999999936e+03 1.222072000000000000e+06
1.183480000000000018e+03 1.251884000000000000e+06
1.153900000000000091e+03 1.119993000000000000e+06
1.152839999999999918e+03 7.984120000000000000e+05
1.154049999999999955e+03 9.089690000000000000e+05
1.140170000000000073e+03 9.960790000000000000e+05
1.124269999999999982e+03 1.066685000000000000e+06
1.102890000000000100e+03 6.790340000000000000e+05
1.127460000000000036e+03 1.217311000000000000e+06
1.115650000000000091e+03 1.315121000000000000e+06
1.114220000000000027e+03 1.072438000000000000e+06
1.103980000000000018e+03 1.293892000000000000e+06
1.118460000000000036e+03 1.563225000000000000e+06
1.124809999999999945e+03 2.157310000000000000e+06
1.155480000000000018e+03 1.310967000000000000e+06
1.157660000000000082e+03 1.238118000000000000e+06
1.169839999999999918e+03 1.648536000000000000e+06
1.168059999999999945e+03 1.621018000000000000e+06
1.173460000000000036e+03 1.413692000000000000e+06
1.152259999999999991e+03 2.122476000000000000e+06
1.152119999999999891e+03 1.350868000000000000e+06
1.134789999999999964e+03 1.506407000000000000e+06
1.139319999999999936e+03 9.120180000000000000e+05
1.129990000000000009e+03 1.079294000000000000e+06
1.120869999999999891e+03 1.290845000000000000e+06
1.123859999999999900e+03 1.520020000000000000e+06
1.136880000000000109e+03 1.698247000000000000e+06
1.139660000000000082e+03 1.677973000000000000e+06
1.139289999999999964e+03 1.889579000000000000e+06
1.119500000000000000e+03 2.421598000000000000e+06
1.084990000000000009e+03 3.088305000000000000e+06
1.067799999999999955e+03 1.138457000000000000e+06
1.060319999999999936e+03 1.865139000000000000e+06
1.075660000000000082e+03 8.994060000000000000e+05
1.079240000000000009e+03 7.667730000000000000e+05
1.079690000000000055e+03 1.060683000000000000e+06
1.069730000000000018e+03 1.090002000000000000e+06
1.079579999999999927e+03 1.023211000000000000e+06
1.066359999999999900e+03 1.565240000000000000e+06
1.078589999999999918e+03 1.043766000000000000e+06
1.081769999999999982e+03 1.097317000000000000e+06
1.079230000000000018e+03 1.494872000000000000e+06
1.100200000000000045e+03 1.518077000000000000e+06
1.098259999999999991e+03 1.253665000000000000e+06
1.097569999999999936e+03 1.443025000000000000e+06
1.082759999999999991e+03 2.032818000000000000e+06
1.053910000000000082e+03 1.217721000000000000e+06
1.054789999999999964e+03 1.466065000000000000e+06
1.048210000000000036e+03 1.938658000000000000e+06
1.023720000000000027e+03 1.815058000000000000e+06
1.024380000000000109e+03 1.603081000000000000e+06
1.037309999999999945e+03 1.427857000000000000e+06
1.017330000000000041e+03 1.671254000000000000e+06
1.030049999999999955e+03 1.619796000000000000e+06
1.040039999999999964e+03 2.079533000000000000e+06
1.021179999999999950e+03 2.391105000000000000e+06
1.019980000000000018e+03 4.760260000000000000e+06
1.067450000000000045e+03 2.341258000000000000e+06
1.072960000000000036e+03 1.889686000000000000e+06
1.087700000000000045e+03 1.747671000000000000e+06
1.072079999999999927e+03 1.344138000000000000e+06
1.074160000000000082e+03 2.320266000000000000e+06
1.037980000000000018e+03 1.211208000000000000e+06
1.029269999999999982e+03 1.223017000000000000e+06
1.032509999999999991e+03 1.359389000000000000e+06
1.019970000000000027e+03 1.483881000000000000e+06
1.031640000000000100e+03 2.029648000000000000e+06
1.015450000000000045e+03 1.751559000000000000e+06
1.007039999999999964e+03 1.746430000000000000e+06
1.027809999999999945e+03 1.363049000000000000e+06
1.025140000000000100e+03 2.484651000000000000e+06
1.013409999999999968e+03 2.275076000000000000e+06
1.006470000000000027e+03 2.680400000000000000e+06
1.031789999999999964e+03 2.726830000000000000e+06
1.004559999999999945e+03 3.369275000000000000e+06
1.005100000000000023e+03 3.029471000000000000e+06
1.053210000000000036e+03 2.558385000000000000e+06
1.021570000000000050e+03 2.113497000000000000e+06
1.049079999999999927e+03 2.580374000000000000e+06
1.090880000000000109e+03 1.640709000000000000e+06
1.097710000000000036e+03 1.783872000000000000e+06
1.099819999999999936e+03 2.339506000000000000e+06
1.135730000000000018e+03 2.560277000000000000e+06
1.149579999999999927e+03 1.392521000000000000e+06
1.149490000000000009e+03 1.192615000000000000e+06
1.138170000000000073e+03 1.808098000000000000e+06
1.164500000000000000e+03 2.076306000000000000e+06
1.160039999999999964e+03 2.074952000000000000e+06
1.126000000000000000e+03 1.240299000000000000e+06
1.109640000000000100e+03 1.292537000000000000e+06
1.095059999999999945e+03 1.532783000000000000e+06
1.090930000000000064e+03 1.202174000000000000e+06
1.078920000000000073e+03 2.271551000000000000e+06
1.069519999999999982e+03 2.515910000000000000e+06
1.104730000000000018e+03 1.858051000000000000e+06
1.118289999999999964e+03 1.741578000000000000e+06
1.143750000000000000e+03 1.492380000000000000e+06
1.126789999999999964e+03 1.158377000000000000e+06
1.106630000000000109e+03 1.306276000000000000e+06
1.111339999999999918e+03 1.493162000000000000e+06
1.102460000000000036e+03 1.381603000000000000e+06
1.094799999999999955e+03 1.664969000000000000e+06
1.089519999999999982e+03 1.777694000000000000e+06
1.069700000000000045e+03 1.515444000000000000e+06
1.052099999999999909e+03 1.209341000000000000e+06
1.051940000000000055e+03 2.038875000000000000e+06
1.037779999999999973e+03 3.267883000000000000e+06
1.001519999999999982e+03 2.720942000000000000e+06
1.048579999999999927e+03 2.331374000000000000e+06
1.080599999999999909e+03 3.360727000000000000e+06
1.055799999999999955e+03 3.336352000000000000e+06
1.111900000000000091e+03 4.758496000000000000e+06
1.167700000000000045e+03 1.974700000000000000e+06
1.169940000000000055e+03 1.486793000000000000e+06
1.163690000000000055e+03 1.400132000000000000e+06
1.175579999999999927e+03 1.299218000000000000e+06
1.175839999999999918e+03 1.825680000000000000e+06
1.170369999999999891e+03 1.326436000000000000e+06
1.164240000000000009e+03 1.351237000000000000e+06
1.169970000000000027e+03 1.199326000000000000e+06
1.155809999999999945e+03 1.582504000000000000e+06
1.137509999999999991e+03 1.361390000000000000e+06
1.129789999999999964e+03 1.148920000000000000e+06
1.131980000000000018e+03 1.146089000000000000e+06
1.121759999999999991e+03 1.539230000000000000e+06
1.122259999999999991e+03 1.701377000000000000e+06
1.105519999999999982e+03 9.626960000000000000e+05
1.102609999999999900e+03 1.038917000000000000e+06
1.106259999999999991e+03 8.974000000000000000e+05
1.106940000000000055e+03 1.003098000000000000e+06
1.102230000000000018e+03 1.210974000000000000e+06
1.086400000000000091e+03 9.905100000000000000e+05
1.082480000000000018e+03 1.416093000000000000e+06
1.065000000000000000e+03 1.223114000000000000e+06
1.046400000000000091e+03 8.679430000000000000e+05
1.048140000000000100e+03 8.296230000000000000e+05
1.049369999999999891e+03 1.214775000000000000e+06
1.056740000000000009e+03 7.563240000000000000e+05
1.060119999999999891e+03 7.345660000000000000e+05
1.063630000000000109e+03 9.745940000000000000e+05
1.064950000000000045e+03 1.266115000000000000e+06
1.070680000000000064e+03 1.254615000000000000e+06
1.077140000000000100e+03 1.531522000000000000e+06
1.064190000000000055e+03 3.142760000000000000e+06
1.049150000000000091e+03 1.545616000000000000e+06
1.040609999999999900e+03 1.207286000000000000e+06
1.040480000000000018e+03 1.269883000000000000e+06
1.041099999999999909e+03 1.119052000000000000e+06
1.037049999999999955e+03 1.277894000000000000e+06
1.030930000000000064e+03 1.387107000000000000e+06
1.018379999999999995e+03 1.254837000000000000e+06
1.005149999999999977e+03 2.023376000000000000e+06
9.986799999999999500e+02 1.891408000000000000e+06
1.010169999999999959e+03 1.908944000000000000e+06
1.021409999999999968e+03 1.722913000000000000e+06
1.021659999999999968e+03 2.438875000000000000e+06
1.047410000000000082e+03 1.341000000000000000e+06
1.054210000000000036e+03 1.284354000000000000e+06
1.040609999999999900e+03 5.369580000000000000e+05
1.035960000000000036e+03 7.166610000000000000e+05
1.034490000000000009e+03 1.083715000000000000e+06
1.018379999999999995e+03 8.948440000000000000e+05
1.019090000000000032e+03 1.350144000000000000e+06
1.032500000000000000e+03 1.129423000000000000e+06
1.020909999999999968e+03 8.599510000000000000e+05
1.026000000000000000e+03 9.472730000000000000e+05
1.025750000000000000e+03 8.789690000000000000e+05
1.028069999999999936e+03 7.192270000000000000e+05
1.031259999999999991e+03 1.236903000000000000e+06
1.039849999999999909e+03 1.088716000000000000e+06
1.033329999999999927e+03 1.089887000000000000e+06
1.025900000000000091e+03 1.119131000000000000e+06
1.032480000000000018e+03 1.058037000000000000e+06
1.025579999999999927e+03 1.008190000000000000e+06
1.025500000000000000e+03 1.360900000000000000e+06
1.016639999999999986e+03 1.324961000000000000e+06
1.017110000000000014e+03 2.074619000000000000e+06
1.019269999999999982e+03 5.125791000000000000e+06
9.725599999999999454e+02 1.660850000000000000e+06
9.733300000000000409e+02 1.162606000000000000e+06
9.705399999999999636e+02 1.155231000000000000e+06
9.684500000000000455e+02 1.431886000000000000e+06
9.882000000000000455e+02 1.120038000000000000e+06
9.844500000000000455e+02 1.282755000000000000e+06
9.928099999999999454e+02 1.022521000000000000e+06
9.921799999999999500e+02 1.266399000000000000e+06
9.920000000000000000e+02 9.007510000000000000e+05
9.896799999999999500e+02 1.143907000000000000e+06
9.878300000000000409e+02 1.259082000000000000e+06
9.892500000000000000e+02 1.663731000000000000e+06
9.726000000000000227e+02 9.564190000000000000e+05
9.770000000000000000e+02 8.867000000000000000e+05
9.788899999999999864e+02 1.142699000000000000e+06
9.699600000000000364e+02 1.202101000000000000e+06
9.516799999999999500e+02 8.813800000000000000e+05
9.577899999999999636e+02 8.815620000000000000e+05
9.532699999999999818e+02 1.222026000000000000e+06
9.591100000000000136e+02 1.533133000000000000e+06
9.495000000000000000e+02 9.596480000000000000e+05
9.444900000000000091e+02 2.202959000000000000e+06
9.248600000000000136e+02 1.652848000000000000e+06
9.209700000000000273e+02 1.822881000000000000e+06
9.285299999999999727e+02 1.038551000000000000e+06
9.324500000000000455e+02 1.207656000000000000e+06
9.315800000000000409e+02 1.518166000000000000e+06
9.218099999999999454e+02 9.024150000000000000e+05
9.150000000000000000e+02 1.263456000000000000e+06
9.202899999999999636e+02 2.475031000000000000e+06
9.251100000000000136e+02 1.389012000000000000e+06
9.350900000000000318e+02 1.066051000000000000e+06
9.320700000000000500e+02 1.120449000000000000e+06
9.290800000000000409e+02 1.247138000000000000e+06
9.265000000000000000e+02 9.938320000000000000e+05
9.359500000000000455e+02 1.200257000000000000e+06
9.278099999999999454e+02 1.468808000000000000e+06
9.284500000000000455e+02 1.202163000000000000e+06
9.373400000000000318e+02 9.134040000000000000e+05
9.393300000000000409e+02 1.553301000000000000e+06
9.295700000000000500e+02 1.282093000000000000e+06
9.212899999999999636e+02 1.180160000000000000e+06
9.138099999999999454e+02 1.072467000000000000e+06
9.158899999999999864e+02 1.040693000000000000e+06
9.212799999999999727e+02 1.218875000000000000e+06
9.270000000000000000e+02 1.077809000000000000e+06
9.246900000000000546e+02 1.145571000000000000e+06
9.066599999999999682e+02 9.329030000000000000e+05
9.106699999999999591e+02 1.333572000000000000e+06
9.109800000000000182e+02 1.218963000000000000e+06
9.269600000000000364e+02 9.886040000000000000e+05
9.222200000000000273e+02 8.730700000000000000e+05
9.226699999999999591e+02 1.047828000000000000e+06
9.143899999999999864e+02 1.190458000000000000e+06
9.072400000000000091e+02 1.722296000000000000e+06
9.228999999999999773e+02 1.169431000000000000e+06
9.267899999999999636e+02 1.039394000000000000e+06
9.293600000000000136e+02 1.012296000000000000e+06
9.279600000000000364e+02 1.019159000000000000e+06
9.236499999999999773e+02 1.179126000000000000e+06
9.303899999999999864e+02 1.816343000000000000e+06
9.308300000000000409e+02 1.211553000000000000e+06
9.305000000000000000e+02 1.952716000000000000e+06
9.415299999999999727e+02 1.775076000000000000e+06
9.340900000000000318e+02 3.095263000000000000e+06
9.477999999999999545e+02 2.056013000000000000e+06
9.507000000000000455e+02 4.626086000000000000e+06
9.803400000000000318e+02 2.634669000000000000e+06
9.729199999999999591e+02 1.665103000000000000e+06
9.681499999999999773e+02 1.577103000000000000e+06
9.708899999999999864e+02 1.212814000000000000e+06
9.653999999999999773e+02 1.131130000000000000e+06
9.534199999999999591e+02 1.141026000000000000e+06
9.559900000000000091e+02 1.017632000000000000e+06
9.471599999999999682e+02 1.291782000000000000e+06
9.438300000000000409e+02 1.505982000000000000e+06
9.300900000000000318e+02 1.093281000000000000e+06
9.287999999999999545e+02 1.189085000000000000e+06
9.185900000000000318e+02 1.588034000000000000e+06
9.066900000000000546e+02 1.409533000000000000e+06
9.117100000000000364e+02 1.743497000000000000e+06
8.987000000000000455e+02 1.710189000000000000e+06
9.087300000000000182e+02 2.035931000000000000e+06
9.177899999999999636e+02 3.248393000000000000e+06
9.404900000000000091e+02 2.712222000000000000e+06
9.273300000000000409e+02 2.553771000000000000e+06
9.522699999999999818e+02 1.581031000000000000e+06
9.655900000000000318e+02 1.394008000000000000e+06
9.570900000000000318e+02 9.403730000000000000e+05
9.594500000000000455e+02 1.192342000000000000e+06
9.506299999999999955e+02 1.111840000000000000e+06
9.573700000000000045e+02 1.494191000000000000e+06
9.397799999999999727e+02 2.921393000000000000e+06
9.423099999999999454e+02 2.055953000000000000e+06
9.507599999999999909e+02 1.477033000000000000e+06
9.533999999999999773e+02 1.995350000000000000e+06
9.428999999999999773e+02 3.731589000000000000e+06
9.498300000000000409e+02 3.270248000000000000e+06
9.834099999999999682e+02 1.451232000000000000e+06
9.809400000000000546e+02 1.429834000000000000e+06
9.765700000000000500e+02 1.796904000000000000e+06
9.836799999999999500e+02 1.221971000000000000e+06
9.756000000000000227e+02 1.717212000000000000e+06
9.669500000000000455e+02 1.403200000000000000e+06
9.648600000000000136e+02 2.426589000000000000e+06
9.758799999999999955e+02 1.455686000000000000e+06
9.714700000000000273e+02 1.246186000000000000e+06
9.695399999999999636e+02 1.645873000000000000e+06
9.549600000000000364e+02 9.902480000000000000e+05
9.488200000000000500e+02 1.259285000000000000e+06
9.418600000000000136e+02 1.092176000000000000e+06
9.340099999999999909e+02 1.382221000000000000e+06
9.302400000000000091e+02 1.586465000000000000e+06
9.196200000000000045e+02 2.323389000000000000e+06
9.430000000000000000e+02 9.566920000000000000e+05
9.370800000000000409e+02 1.094283000000000000e+06
9.322200000000000273e+02 1.038409000000000000e+06
9.306000000000000227e+02 8.308380000000000000e+05
9.287799999999999727e+02 1.170055000000000000e+06
9.321699999999999591e+02 1.575628000000000000e+06
9.342999999999999545e+02 1.319052000000000000e+06
9.271299999999999955e+02 1.904731000000000000e+06
9.316599999999999682e+02 1.405844000000000000e+06
9.270399999999999636e+02 1.477329000000000000e+06
9.164400000000000546e+02 1.520766000000000000e+06
9.125700000000000500e+02 2.100457000000000000e+06
9.059600000000000364e+02 3.160585000000000000e+06
8.742500000000000000e+02 1.734197000000000000e+06
8.717300000000000182e+02 1.188464000000000000e+06
8.722999999999999545e+02 1.654161000000000000e+06
8.627599999999999909e+02 1.371581000000000000e+06
8.431900000000000546e+02 1.323583000000000000e+06
8.416499999999999773e+02 9.590310000000000000e+05
8.382100000000000364e+02 9.543300000000000000e+05
8.368200000000000500e+02 8.367220000000000000e+05
8.371699999999999591e+02 8.950150000000000000e+05
8.235599999999999454e+02 1.122362000000000000e+06
8.243200000000000500e+02 9.004800000000000000e+05
8.233500000000000227e+02 1.079732000000000000e+06
8.247300000000000182e+02 9.789050000000000000e+05
8.246699999999999591e+02 1.056692000000000000e+06
8.278799999999999955e+02 1.254433000000000000e+06
8.314099999999999682e+02 1.555328000000000000e+06
8.345700000000000500e+02 1.045363000000000000e+06
8.385499999999999545e+02 1.671503000000000000e+06
8.295599999999999454e+02 1.401893000000000000e+06
8.315000000000000000e+02 1.055339000000000000e+06
8.314099999999999682e+02 1.786321000000000000e+06
8.209199999999999591e+02 1.620542000000000000e+06
8.195099999999999909e+02 1.894990000000000000e+06
8.144299999999999500e+02 1.981006000000000000e+06
8.175800000000000409e+02 3.487056000000000000e+06
8.295900000000000318e+02 1.401465000000000000e+06
8.304600000000000364e+02 2.463484000000000000e+06
8.483999999999999773e+02 1.231521000000000000e+06
8.521200000000000045e+02 1.716471000000000000e+06
8.487799999999999727e+02 9.775600000000000000e+05
8.472000000000000455e+02 1.381474000000000000e+06
8.456200000000000045e+02 7.801980000000000000e+05
8.455399999999999636e+02 1.223647000000000000e+06
8.432500000000000000e+02 1.704024000000000000e+06
8.386799999999999500e+02 1.261517000000000000e+06
8.353700000000000045e+02 9.897730000000000000e+05
8.319099999999999682e+02 1.037630000000000000e+06
8.277799999999999727e+02 1.109037000000000000e+06
8.290800000000000409e+02 8.963780000000000000e+05
8.306299999999999955e+02 9.424760000000000000e+05
8.352400000000000091e+02 1.496540000000000000e+06
8.232100000000000364e+02 2.260769000000000000e+06
8.292799999999999727e+02 1.101466000000000000e+06
8.286399999999999864e+02 1.392202000000000000e+06
8.313300000000000409e+02 1.472771000000000000e+06
8.307599999999999909e+02 9.872480000000000000e+05
8.316599999999999682e+02 1.262337000000000000e+06
8.280700000000000500e+02 1.611039000000000000e+06
8.241599999999999682e+02 1.287626000000000000e+06
8.189800000000000182e+02 1.313617000000000000e+06
8.204500000000000455e+02 1.054732000000000000e+06
8.192400000000000091e+02 1.213324000000000000e+06
8.136699999999999591e+02 1.134976000000000000e+06
8.095599999999999454e+02 9.903910000000000000e+05
8.083799999999999955e+02 1.155990000000000000e+06
8.069700000000000273e+02 1.241221000000000000e+06
8.013400000000000318e+02 1.184483000000000000e+06
8.014900000000000091e+02 1.463448000000000000e+06
7.985299999999999727e+02 1.532138000000000000e+06
7.956950000000000500e+02 2.029744000000000000e+06
7.967899999999999636e+02 2.160556000000000000e+06
8.023200000000000500e+02 3.246573000000000000e+06
8.233099999999999454e+02 2.965771000000000000e+06
8.321499999999999773e+02 2.973891000000000000e+06
8.356699999999999591e+02 1.627304000000000000e+06
8.238700000000000045e+02 1.474010000000000000e+06
8.193099999999999454e+02 1.963628000000000000e+06
8.050199999999999818e+02 1.670045000000000000e+06
8.021749999999999545e+02 9.193250000000000000e+05
8.060700000000000500e+02 1.294407000000000000e+06
8.046100000000000136e+02 1.362115000000000000e+06
8.078799999999999955e+02 1.099215000000000000e+06
8.063600000000000136e+02 1.353057000000000000e+06
8.079099999999999682e+02 1.065936000000000000e+06
8.047899999999999636e+02 1.176780000000000000e+06
8.066499999999999773e+02 1.274645000000000000e+06
8.061499999999999773e+02 1.640170000000000000e+06
7.940199999999999818e+02 1.335167000000000000e+06
7.868999999999999773e+02 1.072958000000000000e+06
7.861399999999999864e+02 1.657268000000000000e+06
7.718200000000000500e+02 1.769950000000000000e+06
7.827899999999999636e+02 7.442720000000000000e+05
7.850499999999999545e+02 1.153824000000000000e+06
7.915499999999999545e+02 7.893210000000000000e+05
7.899099999999999682e+02 6.239440000000000000e+05
7.912599999999999909e+02 9.721690000000000000e+05
7.945599999999999454e+02 1.211346000000000000e+06
7.964199999999999591e+02 9.510140000000000000e+05
7.942000000000000455e+02 1.232087000000000000e+06
7.907999999999999545e+02 2.443796000000000000e+06
7.978500000000000227e+02 1.626499000000000000e+06
7.970700000000000500e+02 1.704150000000000000e+06
7.961000000000000227e+02 2.145209000000000000e+06
7.892699999999999818e+02 2.104117000000000000e+06
7.892899999999999636e+02 1.821914000000000000e+06
7.764199999999999591e+02 1.488059000000000000e+06
7.711900000000000546e+02 1.760966000000000000e+06
7.591100000000000136e+02 1.690689000000000000e+06
7.625199999999999818e+02 1.394223000000000000e+06
7.505000000000000000e+02 1.452484000000000000e+06
7.479199999999999591e+02 3.017947000000000000e+06
7.580399999999999636e+02 2.392890000000000000e+06
7.708400000000000318e+02 1.616618000000000000e+06
7.682400000000000091e+02 2.188151000000000000e+06
7.616799999999999500e+02 5.874210000000000000e+05
7.609900000000000091e+02 1.478417000000000000e+06
7.682699999999999818e+02 1.593108000000000000e+06
7.692000000000000455e+02 1.330639000000000000e+06
7.605399999999999636e+02 1.547145000000000000e+06
7.712300000000000182e+02 1.304048000000000000e+06
7.644800000000000182e+02 1.472594000000000000e+06
7.584900000000000091e+02 2.384001000000000000e+06
7.360800000000000409e+02 3.654385000000000000e+06
7.540199999999999818e+02 2.431815000000000000e+06
7.625599999999999454e+02 4.745183000000000000e+06
7.853099999999999454e+02 2.607121000000000000e+06
7.905099999999999909e+02 1.366873000000000000e+06
7.825199999999999818e+02 1.585070000000000000e+06
7.620199999999999818e+02 2.134812000000000000e+06
7.621299999999999955e+02 1.943175000000000000e+06
7.687000000000000455e+02 1.918414000000000000e+06
7.836100000000000136e+02 2.406356000000000000e+06
7.845399999999999636e+02 2.427284000000000000e+06
7.953700000000000045e+02 4.269902000000000000e+06
7.953500000000000227e+02 2.749221000000000000e+06
7.990700000000000500e+02 1.647733000000000000e+06
8.076699999999999591e+02 1.576404000000000000e+06
8.131100000000000136e+02 1.697514000000000000e+06
7.993700000000000045e+02 1.266181000000000000e+06
7.969700000000000273e+02 1.757528000000000000e+06
8.015599999999999454e+02 1.766798000000000000e+06
7.952599999999999909e+02 2.056903000000000000e+06
7.799600000000000364e+02 1.092973000000000000e+06
7.785299999999999727e+02 8.524870000000000000e+05
7.781900000000000546e+02 1.365277000000000000e+06
7.861399999999999864e+02 9.374350000000000000e+05
7.830700000000000500e+02 1.372461000000000000e+06
7.859400000000000546e+02 1.174923000000000000e+06
7.750800000000000409e+02 9.331580000000000000e+05
7.768600000000000136e+02 1.070692000000000000e+06
7.764700000000000273e+02 1.461151000000000000e+06
7.764299999999999500e+02 1.201350000000000000e+06
7.725599999999999454e+02 1.278821000000000000e+06
7.772899999999999636e+02 1.585333000000000000e+06
7.750099999999999909e+02 1.314746000000000000e+06
7.815599999999999454e+02 1.109834000000000000e+06
7.830099999999999909e+02 1.153247000000000000e+06
7.742100000000000364e+02 1.533206000000000000e+06
7.868999999999999773e+02 1.411937000000000000e+06
7.872100000000000364e+02 1.486223000000000000e+06
7.762200000000000273e+02 1.167810000000000000e+06
7.714099999999999682e+02 9.786310000000000000e+05
7.657000000000000455e+02 1.172824000000000000e+06
7.688799999999999955e+02 2.049338000000000000e+06
7.717599999999999909e+02 1.346751000000000000e+06
7.624900000000000091e+02 1.094490000000000000e+06
7.596900000000000546e+02 1.395046000000000000e+06
7.690199999999999818e+02 1.310986000000000000e+06
7.596599999999999682e+02 1.885496000000000000e+06
7.753200000000000500e+02 1.270264000000000000e+06
7.803500000000000227e+02 8.940210000000000000e+05
7.800800000000000409e+02 1.442822000000000000e+06
7.714600000000000364e+02 1.072658000000000000e+06
7.687799999999999727e+02 9.251310000000000000e+05
7.670499999999999545e+02 1.248556000000000000e+06
7.690900000000000318e+02 1.130029000000000000e+06
7.721499999999999773e+02 8.475650000000000000e+05
7.695399999999999636e+02 1.166681000000000000e+06
7.694099999999999682e+02 9.268830000000000000e+05
7.696399999999999864e+02 1.071999000000000000e+06
7.720800000000000409e+02 9.282320000000000000e+05
7.721499999999999773e+02 9.513620000000000000e+05
7.754199999999999591e+02 8.615460000000000000e+05
7.775000000000000000e+02 7.194290000000000000e+05
7.799099999999999682e+02 9.242260000000000000e+05
7.771399999999999864e+02 1.028047000000000000e+06
7.824400000000000546e+02 9.381860000000000000e+05
7.832200000000000273e+02 7.404980000000000000e+05
7.848500000000000227e+02 9.751130000000000000e+05
7.846799999999999500e+02 7.863630000000000000e+05
7.842599999999999909e+02 1.318894000000000000e+06
7.817599999999999909e+02 1.107857000000000000e+06
7.822200000000000273e+02 1.801205000000000000e+06
7.716100000000000136e+02 1.140254000000000000e+06
7.731799999999999500e+02 1.287421000000000000e+06
7.710700000000000500e+02 1.784525000000000000e+06
7.728799999999999955e+02 2.700470000000000000e+06
7.687899999999999636e+02 3.841482000000000000e+06
7.459099999999999682e+02 3.530169000000000000e+06
7.417699999999999818e+02 1.512517000000000000e+06
7.384199999999999591e+02 1.186738000000000000e+06
7.397699999999999818e+02 1.032432000000000000e+06
7.427400000000000091e+02 1.259823000000000000e+06
7.386299999999999955e+02 1.026306000000000000e+06
7.411900000000000546e+02 1.289671000000000000e+06
7.369600000000000364e+02 1.227486000000000000e+06
7.337799999999999727e+02 1.295476000000000000e+06
7.198500000000000227e+02 1.279339000000000000e+06
7.209500000000000455e+02 9.501930000000000000e+05
7.169800000000000182e+02 9.358760000000000000e+05
7.206399999999999864e+02 1.336921000000000000e+06
7.150900000000000318e+02 1.111762000000000000e+06
7.056299999999999955e+02 1.575166000000000000e+06
6.953600000000000136e+02 1.304200000000000000e+06
6.977699999999999818e+02 1.411925000000000000e+06
6.944900000000000091e+02 1.462616000000000000e+06
6.992100000000000364e+02 1.344710000000000000e+06
6.921000000000000227e+02 1.597714000000000000e+06
6.841100000000000136e+02 1.932561000000000000e+06
6.800399999999999636e+02 2.173762000000000000e+06
6.682599999999999909e+02 2.641085000000000000e+06
6.752200000000000273e+02 4.449022000000000000e+06
7.018700000000000045e+02 2.171415000000000000e+06
6.974600000000000364e+02 1.184318000000000000e+06
6.959400000000000546e+02 1.465634000000000000e+06
6.937100000000000364e+02 2.082538000000000000e+06
6.917200000000000273e+02 3.402357000000000000e+06
7.103600000000000136e+02 1.982471000000000000e+06
7.189199999999999591e+02 1.214517000000000000e+06
7.182699999999999818e+02 1.306065000000000000e+06
7.183600000000000136e+02 1.258930000000000000e+06
7.194099999999999682e+02 1.216443000000000000e+06
7.285800000000000409e+02 9.889140000000000000e+05
7.282799999999999727e+02 1.583701000000000000e+06
7.166499999999999773e+02 1.336754000000000000e+06
7.165499999999999545e+02 1.566059000000000000e+06
7.223400000000000318e+02 1.226253000000000000e+06
7.303999999999999773e+02 1.341807000000000000e+06
7.341499999999999773e+02 1.253593000000000000e+06
7.357200000000000273e+02 2.129545000000000000e+06
7.326599999999999682e+02 1.974962000000000000e+06
7.241200000000000045e+02 1.576286000000000000e+06
7.252699999999999818e+02 1.632564000000000000e+06
7.200900000000000318e+02 1.929467000000000000e+06
7.042400000000000091e+02 1.330692000000000000e+06
7.097400000000000091e+02 1.828387000000000000e+06
7.003200000000000500e+02 1.670234000000000000e+06
7.066299999999999955e+02 1.766836000000000000e+06
7.062300000000000182e+02 2.001225000000000000e+06
7.164900000000000091e+02 1.317069000000000000e+06
7.108300000000000409e+02 1.314499000000000000e+06
7.133099999999999454e+02 1.361332000000000000e+06
7.152899999999999636e+02 1.692063000000000000e+06
7.231799999999999500e+02 1.569591000000000000e+06
7.128999999999999773e+02 1.510289000000000000e+06
7.111200000000000045e+02 1.829291000000000000e+06
7.014299999999999500e+02 1.683507000000000000e+06
6.957000000000000455e+02 1.693525000000000000e+06
6.923600000000000136e+02 1.543785000000000000e+06
6.982100000000000364e+02 1.645265000000000000e+06
6.930099999999999909e+02 2.487673000000000000e+06
6.910199999999999818e+02 2.867255000000000000e+06
7.058400000000000318e+02 3.098587000000000000e+06
7.081399999999999864e+02 2.744587000000000000e+06
7.231499999999999773e+02 1.959179000000000000e+06
7.187699999999999818e+02 5.951938000000000000e+06
7.591399999999999864e+02 3.060490000000000000e+06
7.526699999999999591e+02 1.529217000000000000e+06
7.539299999999999500e+02 2.030526000000000000e+06
7.666100000000000136e+02 1.558848000000000000e+06
7.590000000000000000e+02 1.809332000000000000e+06
7.532000000000000455e+02 1.135271000000000000e+06
7.517200000000000273e+02 1.707641000000000000e+06
7.430900000000000318e+02 1.352992000000000000e+06
7.361000000000000227e+02 1.220088000000000000e+06
7.391499999999999773e+02 1.290787000000000000e+06
7.402799999999999727e+02 1.453185000000000000e+06
7.456900000000000546e+02 1.053713000000000000e+06
7.377999999999999545e+02 1.132294000000000000e+06
7.452899999999999636e+02 1.134390000000000000e+06
7.499099999999999682e+02 1.576745000000000000e+06
7.449500000000000455e+02 1.718798000000000000e+06
7.505299999999999727e+02 1.782427000000000000e+06
7.447699999999999818e+02 1.903758000000000000e+06
7.335299999999999727e+02 1.301327000000000000e+06
7.352999999999999545e+02 1.594891000000000000e+06
7.380599999999999454e+02 1.432099000000000000e+06
7.407500000000000000e+02 1.269749000000000000e+06
7.420900000000000318e+02 1.836503000000000000e+06
7.376000000000000227e+02 2.980709000000000000e+06
7.377799999999999727e+02 1.860834000000000000e+06
7.360900000000000318e+02 1.624370000000000000e+06
7.283300000000000409e+02 1.720965000000000000e+06
7.304900000000000091e+02 1.718252000000000000e+06
7.268200000000000500e+02 1.970815000000000000e+06
7.128200000000000500e+02 2.833525000000000000e+06
7.052400000000000091e+02 1.421515000000000000e+06
6.939700000000000273e+02 2.058471000000000000e+06
6.951599999999999682e+02 2.988026000000000000e+06
7.108899999999999864e+02 1.972077000000000000e+06
7.124199999999999591e+02 1.957974000000000000e+06
7.188500000000000227e+02 1.629003000000000000e+06
7.188099999999999454e+02 2.151419000000000000e+06
6.977699999999999818e+02 2.481145000000000000e+06
7.050700000000000500e+02 2.243522000000000000e+06
7.057500000000000000e+02 1.642166000000000000e+06
6.995599999999999454e+02 1.963573000000000000e+06
6.958500000000000227e+02 2.009280000000000000e+06
7.064600000000000364e+02 1.949816000000000000e+06
7.009099999999999682e+02 1.589281000000000000e+06
6.973500000000000227e+02 1.883248000000000000e+06
7.083999999999999773e+02 2.492634000000000000e+06
6.910000000000000000e+02 2.520021000000000000e+06
6.823999999999999773e+02 2.141373000000000000e+06
6.831100000000000136e+02 3.024043000000000000e+06
6.841200000000000045e+02 2.638007000000000000e+06
6.781100000000000136e+02 3.608914000000000000e+06
6.827400000000000091e+02 4.247355000000000000e+06
6.835700000000000500e+02 5.105725000000000000e+06
7.080099999999999909e+02 5.168709000000000000e+06
7.269500000000000455e+02 6.171019000000000000e+06
7.646499999999999773e+02 6.348126000000000000e+06
7.520000000000000000e+02 5.139157000000000000e+06
7.429500000000000455e+02 3.474319000000000000e+06
7.309600000000000364e+02 2.676397000000000000e+06
6.999900000000000091e+02 2.194227000000000000e+06
7.130399999999999636e+02 1.331691000000000000e+06
7.116699999999999591e+02 1.711716000000000000e+06
7.252500000000000000e+02 2.011797000000000000e+06
7.065900000000000318e+02 2.412211000000000000e+06
6.984500000000000455e+02 3.444962000000000000e+06
7.017899999999999636e+02 2.268078000000000000e+06
6.944500000000000455e+02 3.608109000000000000e+06
7.147200000000000273e+02 2.225768000000000000e+06
7.005599999999999454e+02 2.501730000000000000e+06
7.260700000000000500e+02 2.024509000000000000e+06
7.160299999999999727e+02 2.090621000000000000e+06
7.144700000000000273e+02 2.450857000000000000e+06
7.263899999999999864e+02 2.963741000000000000e+06
7.436200000000000045e+02 1.947034000000000000e+06
7.425800000000000409e+02 1.950691000000000000e+06
7.418400000000000318e+02 3.272776000000000000e+06
7.588799999999999955e+02 1.500923000000000000e+06
7.710000000000000000e+02 1.293521000000000000e+06
7.766000000000000227e+02 1.765012000000000000e+06
7.625099999999999909e+02 1.515716000000000000e+06
7.483999999999999773e+02 5.272230000000000000e+05
7.503099999999999454e+02 1.566726000000000000e+06
7.500000000000000000e+02 1.365520000000000000e+06
7.477699999999999818e+02 1.525703000000000000e+06
7.393099999999999454e+02 3.148743000000000000e+06
7.494299999999999500e+02 1.553418000000000000e+06
7.580900000000000318e+02 1.993251000000000000e+06
7.433999999999999773e+02 2.666229000000000000e+06
7.477699999999999818e+02 2.421236000000000000e+06
7.388700000000000045e+02 2.224410000000000000e+06
7.494600000000000364e+02 1.988380000000000000e+06
7.516100000000000136e+02 2.699990000000000000e+06
7.623700000000000045e+02 1.829475000000000000e+06
7.632500000000000000e+02 1.812314000000000000e+06
7.668099999999999454e+02 2.757283000000000000e+06
7.525399999999999636e+02 2.590641000000000000e+06
7.623799999999999955e+02 2.230373000000000000e+06
7.670399999999999636e+02 2.134621000000000000e+06
7.426000000000000227e+02 2.097624000000000000e+06
7.502599999999999909e+02 8.385280000000000000e+05
7.481499999999999773e+02 1.122224000000000000e+06
7.482799999999999727e+02 2.334197000000000000e+06
7.559800000000000182e+02 1.415385000000000000e+06
7.566000000000000227e+02 2.213284000000000000e+06
7.384099999999999682e+02 1.327879000000000000e+06
7.400000000000000000e+02 1.684259000000000000e+06
7.252999999999999545e+02 1.506733000000000000e+06
7.289600000000000364e+02 1.905893000000000000e+06
7.170000000000000000e+02 2.075504000000000000e+06
7.312300000000000182e+02 1.837154000000000000e+06
7.353999999999999773e+02 1.366995000000000000e+06
7.283200000000000500e+02 1.607994000000000000e+06
7.248899999999999864e+02 2.069807000000000000e+06
7.337599999999999909e+02 1.511599000000000000e+06
7.312500000000000000e+02 1.861550000000000000e+06
7.281100000000000136e+02 1.706700000000000000e+06
7.221599999999999682e+02 1.565379000000000000e+06
7.211100000000000136e+02 1.886250000000000000e+06
7.108099999999999454e+02 1.908774000000000000e+06
7.169199999999999591e+02 1.455965000000000000e+06
7.129500000000000455e+02 2.178917000000000000e+06
7.084900000000000091e+02 2.245796000000000000e+06
7.127799999999999727e+02 2.716615000000000000e+06
7.020000000000000000e+02 6.653923000000000000e+06
6.517899999999999636e+02 4.070954000000000000e+06
6.426100000000000136e+02 1.794172000000000000e+06
6.502799999999999727e+02 2.498215000000000000e+06
6.661000000000000227e+02 1.477340000000000000e+06
6.622000000000000455e+02 1.611128000000000000e+06
6.617400000000000091e+02 1.885737000000000000e+06
6.511599999999999682e+02 1.415468000000000000e+06
6.522999999999999545e+02 1.807685000000000000e+06
6.466699999999999591e+02 1.276134000000000000e+06
6.436100000000000136e+02 1.648736000000000000e+06
6.391599999999999682e+02 2.182081000000000000e+06
6.423600000000000136e+02 2.092714000000000000e+06
6.454400000000000546e+02 2.236847000000000000e+06
6.414700000000000273e+02 1.803643000000000000e+06
6.269099999999999682e+02 2.684805000000000000e+06
6.112899999999999636e+02 1.867601000000000000e+06
6.084199999999999591e+02 2.332087000000000000e+06
5.949700000000000273e+02 2.310284000000000000e+06
5.948899999999999864e+02 3.110651000000000000e+06
6.119700000000000273e+02 2.174009000000000000e+06
6.257999999999999545e+02 2.240098000000000000e+06
6.223600000000000136e+02 1.470949000000000000e+06
6.226900000000000546e+02 2.562869000000000000e+06
6.354400000000000546e+02 1.788506000000000000e+06
6.292500000000000000e+02 5.133386000000000000e+06
6.428999999999999773e+02 2.274690000000000000e+06
6.359800000000000182e+02 1.286454000000000000e+06
6.351399999999999864e+02 2.084397000000000000e+06
6.232400000000000091e+02 1.702271000000000000e+06
6.257699999999999818e+02 1.373545000000000000e+06
6.213500000000000227e+02 1.905276000000000000e+06
6.127200000000000273e+02 1.702094000000000000e+06
6.146599999999999682e+02 2.279538000000000000e+06
6.007000000000000455e+02 2.089453000000000000e+06
6.062500000000000000e+02 1.759572000000000000e+06
6.143400000000000318e+02 2.575620000000000000e+06
5.977899999999999636e+02 3.702105000000000000e+06
6.182500000000000000e+02 2.176737000000000000e+06
6.303799999999999955e+02 1.978733000000000000e+06
6.376100000000000136e+02 3.491336000000000000e+06
6.286200000000000045e+02 4.235891000000000000e+06
5.820599999999999454e+02 3.537966000000000000e+06
5.896100000000000136e+02 5.770302000000000000e+06
6.124800000000000182e+02 4.265183000000000000e+06
6.468300000000000409e+02 2.855299000000000000e+06
6.608999999999999773e+02 2.134098000000000000e+06
6.561299999999999955e+02 1.456059000000000000e+06
6.608700000000000045e+02 1.051699000000000000e+06
6.571200000000000045e+02 1.072061000000000000e+06
6.564500000000000455e+02 1.810749000000000000e+06
6.595599999999999454e+02 2.940803000000000000e+06
6.607799999999999727e+02 5.029203000000000000e+06
6.337300000000000182e+02 1.809205000000000000e+06
6.352999999999999545e+02 1.403865000000000000e+06
6.426799999999999500e+02 1.572600000000000000e+06
6.437799999999999727e+02 2.008659000000000000e+06
6.292500000000000000e+02 1.490881000000000000e+06
6.312100000000000364e+02 1.304511000000000000e+06
6.256100000000000136e+02 1.706149000000000000e+06
6.325900000000000318e+02 1.474203000000000000e+06
6.319299999999999500e+02 1.575069000000000000e+06
6.280000000000000000e+02 1.727327000000000000e+06
6.272599999999999909e+02 2.675381000000000000e+06
6.235599999999999454e+02 3.625747000000000000e+06
6.442799999999999727e+02 3.029109000000000000e+06
6.621000000000000227e+02 3.929309000000000000e+06
6.622999999999999545e+02 3.377196000000000000e+06
6.630199999999999818e+02 5.860872000000000000e+06
6.729299999999999500e+02 1.116494300000000000e+07
5.798500000000000227e+02 4.768318000000000000e+06
5.602200000000000273e+02 1.784554000000000000e+06
5.611000000000000227e+02 3.244066000000000000e+06
5.465499999999999545e+02 2.206475000000000000e+06
5.301299999999999955e+02 1.956682000000000000e+06
5.206799999999999500e+02 1.842347000000000000e+06
5.168300000000000409e+02 1.296699000000000000e+06
5.250199999999999818e+02 1.597229000000000000e+06
5.228600000000000136e+02 1.280525000000000000e+06
5.233999999999999773e+02 1.235903000000000000e+06
5.218400000000000318e+02 1.961354000000000000e+06
5.205099999999999909e+02 2.235595000000000000e+06
5.215199999999999818e+02 1.937821000000000000e+06
5.316900000000000546e+02 2.109130000000000000e+06
5.352300000000000182e+02 1.335697000000000000e+06
5.378400000000000318e+02 1.286608000000000000e+06
5.404800000000000182e+02 1.197450000000000000e+06
5.381900000000000546e+02 1.250282000000000000e+06
5.366900000000000546e+02 1.893497000000000000e+06
5.367300000000000182e+02 1.833109000000000000e+06
5.292599999999999909e+02 1.294216000000000000e+06
5.281499999999999773e+02 1.071814000000000000e+06
5.272000000000000455e+02 1.632702000000000000e+06
5.323300000000000409e+02 9.557890000000000000e+05
5.346100000000000136e+02 1.217536000000000000e+06
5.366900000000000546e+02 1.814958000000000000e+06
5.266900000000000546e+02 1.455266000000000000e+06
5.268300000000000409e+02 1.524139000000000000e+06
5.333300000000000409e+02 1.388220000000000000e+06
5.367000000000000455e+02 1.348337000000000000e+06
5.403099999999999454e+02 1.717036000000000000e+06
5.391799999999999500e+02 1.938989000000000000e+06
5.339900000000000091e+02 1.904332000000000000e+06
5.321100000000000136e+02 2.597407000000000000e+06
5.397799999999999727e+02 1.029849000000000000e+06
5.397899999999999636e+02 1.525019000000000000e+06
5.323200000000000500e+02 2.406512000000000000e+06
5.401100000000000136e+02 1.176214000000000000e+06
5.425099999999999909e+02 1.462695000000000000e+06
5.392699999999999818e+02 1.430826000000000000e+06
5.373600000000000136e+02 1.966947000000000000e+06
5.322999999999999545e+02 2.003421000000000000e+06
5.338500000000000227e+02 1.971343000000000000e+06
5.383999999999999773e+02 1.403935000000000000e+06
5.296200000000000045e+02 1.253063000000000000e+06
5.290399999999999636e+02 1.634174000000000000e+06
5.357000000000000455e+02 9.052850000000000000e+05
5.382200000000000273e+02 1.527615000000000000e+06
5.307000000000000455e+02 1.546278000000000000e+06
5.242200000000000273e+02 1.566987000000000000e+06
5.307999999999999545e+02 1.383068000000000000e+06
5.407799999999999727e+02 1.307960000000000000e+06
5.378999999999999773e+02 1.768181000000000000e+06
5.373400000000000318e+02 2.082214000000000000e+06
5.490800000000000409e+02 1.698761000000000000e+06
5.536799999999999500e+02 1.490983000000000000e+06
5.553700000000000045e+02 2.398039000000000000e+06
5.650599999999999454e+02 4.919031000000000000e+06
5.470000000000000000e+02 4.173376000000000000e+06
5.393650000000000091e+02 1.589248000000000000e+06
5.339700000000000273e+02 1.839668000000000000e+06
5.353799999999999955e+02 1.675487000000000000e+06
5.240499999999999545e+02 2.145955000000000000e+06
5.337999999999999545e+02 1.296304000000000000e+06
5.325299999999999727e+02 2.312512000000000000e+06
5.303899999999999864e+02 2.597043000000000000e+06
5.391699999999999591e+02 1.640809000000000000e+06
5.400099999999999909e+02 1.405574000000000000e+06
5.407799999999999727e+02 1.553586000000000000e+06
5.416100000000000136e+02 1.175332000000000000e+06
5.370199999999999818e+02 1.299298000000000000e+06
5.367649999999999864e+02 1.320767000000000000e+06
5.355299999999999727e+02 1.711737000000000000e+06
5.425599999999999454e+02 1.957718000000000000e+06
5.480000000000000000e+02 1.583677000000000000e+06
5.520299999999999727e+02 1.283958000000000000e+06
5.483400000000000318e+02 1.892323000000000000e+06
5.551699999999999591e+02 1.568331000000000000e+06
5.587849999999999682e+02 2.146384000000000000e+06
5.701900000000000546e+02 2.576234000000000000e+06
5.588099999999999454e+02 1.639306000000000000e+06
5.603600000000000136e+02 2.609690000000000000e+06
5.579900000000000091e+02 1.194049000000000000e+06
5.595000000000000000e+02 2.128714000000000000e+06
5.508400000000000318e+02 1.800570000000000000e+06
5.545099999999999909e+02 1.636493000000000000e+06
5.473200000000000500e+02 1.698872000000000000e+06
5.555099999999999909e+02 1.385772000000000000e+06
5.511799999999999500e+02 1.815763000000000000e+06
5.550099999999999909e+02 1.787357000000000000e+06
5.688500000000000227e+02 1.059336000000000000e+06
5.676849999999999454e+02 1.654561000000000000e+06
5.753300000000000409e+02 1.385818000000000000e+06
5.733700000000000045e+02 1.871694000000000000e+06
5.736399999999999864e+02 1.700084000000000000e+06
5.713400000000000318e+02 2.123796000000000000e+06
5.583999999999999773e+02 2.403553000000000000e+06
5.554800000000000182e+02 2.305219000000000000e+06
5.438700000000000045e+02 1.821041000000000000e+06
5.360900000000000318e+02 1.002393000000000000e+06
5.319099999999999682e+02 1.453907000000000000e+06
5.389500000000000455e+02 1.441212000000000000e+06
5.428700000000000045e+02 9.874780000000000000e+05
5.397000000000000455e+02 1.449089000000000000e+06
5.428400000000000318e+02 1.612439000000000000e+06
5.490099999999999909e+02 1.895126000000000000e+06
5.429299999999999500e+02 1.615824000000000000e+06
5.359700000000000273e+02 1.373970000000000000e+06
5.369400000000000546e+02 1.745076000000000000e+06
5.278300000000000409e+02 1.264276000000000000e+06
5.310000000000000000e+02 1.758650000000000000e+06
5.275800000000000409e+02 1.844687000000000000e+06
5.227599999999999909e+02 1.659125000000000000e+06
5.292400000000000091e+02 2.033085000000000000e+06
5.284800000000000182e+02 2.841976000000000000e+06
5.345199999999999818e+02 5.590977000000000000e+06
5.106600000000000250e+02 4.174924000000000000e+06
5.100000000000000000e+02 1.679230000000000000e+06
5.186299999999999955e+02 1.898844000000000000e+06
5.352100000000000364e+02 1.539524000000000000e+06
5.399500000000000455e+02 2.275485000000000000e+06
5.343899999999999864e+02 2.669558000000000000e+06
5.180399999999999636e+02 2.262455000000000000e+06
5.068999999999999773e+02 2.225922000000000000e+06
5.080799999999999841e+02 2.292043000000000000e+06
5.017900000000000205e+02 2.711355000000000000e+06
5.008700000000000045e+02 2.229638000000000000e+06
4.961800000000000068e+02 2.365687000000000000e+06
4.925500000000000114e+02 2.320446000000000000e+06
4.961700000000000159e+02 2.054956000000000000e+06
5.026800000000000068e+02 3.344395000000000000e+06
5.011000000000000227e+02 2.059366000000000000e+06
5.019599999999999795e+02 2.891950000000000000e+06
5.138700000000000045e+02 2.054238000000000000e+06
5.248099999999999454e+02 1.446662000000000000e+06
5.263999999999999773e+02 1.371819000000000000e+06
5.304199999999999591e+02 8.739230000000000000e+05
5.303300000000000409e+02 2.276104000000000000e+06
5.340299999999999727e+02 1.037727000000000000e+06
5.287699999999999818e+02 7.040350000000000000e+05
5.305900000000000318e+02 2.191567000000000000e+06
5.248700000000000045e+02 2.723599000000000000e+06
5.163500000000000227e+02 3.680148000000000000e+06
5.111000000000000227e+02 2.918730000000000000e+06
5.048899999999999864e+02 2.875281000000000000e+06
4.953899999999999864e+02 3.953371000000000000e+06
5.137999999999999545e+02 2.812786000000000000e+06
5.186599999999999682e+02 1.989117000000000000e+06
5.283400000000000318e+02 1.610964000000000000e+06
5.260599999999999454e+02 1.716835000000000000e+06
5.333700000000000045e+02 1.871268000000000000e+06
5.269800000000000182e+02 2.327127000000000000e+06
5.252599999999999909e+02 2.558649000000000000e+06
5.373099999999999454e+02 1.392208000000000000e+06
5.313200000000000500e+02 1.279288000000000000e+06
5.337500000000000000e+02 1.522481000000000000e+06
5.337999999999999545e+02 2.109599000000000000e+06
5.418300000000000409e+02 1.145231000000000000e+06
5.403700000000000045e+02 1.519503000000000000e+06
5.410800000000000409e+02 1.784967000000000000e+06
5.392699999999999818e+02 1.701682000000000000e+06
5.375000000000000000e+02 2.218249000000000000e+06
5.348300000000000409e+02 1.559131000000000000e+06
5.369900000000000091e+02 1.388440000000000000e+06
5.350299999999999727e+02 1.957664000000000000e+06
5.365099999999999909e+02 1.721282000000000000e+06
5.443999999999999773e+02 1.285991000000000000e+06
5.453799999999999955e+02 1.335719000000000000e+06
5.473099999999999454e+02 1.126594000000000000e+06
5.502899999999999636e+02 9.648660000000000000e+05
5.474900000000000091e+02 1.131546000000000000e+06
5.410099999999999909e+02 1.629259000000000000e+06
5.420399999999999636e+02 1.329604000000000000e+06
5.459199999999999591e+02 2.026740000000000000e+06
5.541100000000000136e+02 1.240761000000000000e+06
5.552200000000000273e+02 1.378511000000000000e+06
5.590800000000000409e+02 2.032887000000000000e+06
5.503099999999999454e+02 1.451667000000000000e+06
5.493300000000000409e+02 1.767107000000000000e+06
5.488999999999999773e+02 1.273372000000000000e+06
5.407699999999999818e+02 1.184973000000000000e+06
5.397799999999999727e+02 1.972047000000000000e+06
5.439800000000000182e+02 2.345296000000000000e+06
5.327100000000000364e+02 2.917183000000000000e+06
5.265399999999999636e+02 2.332531000000000000e+06
5.208400000000000318e+02 2.605505000000000000e+06
5.111700000000000159e+02 5.530674000000000000e+06
5.245099999999999909e+02 3.698423000000000000e+06
5.300299999999999727e+02 3.712536000000000000e+06
5.379400000000000546e+02 2.217230000000000000e+06
5.332100000000000364e+02 2.578676000000000000e+06
5.444900000000000091e+02 3.078634000000000000e+06
5.608799999999999955e+02 2.519693000000000000e+06
5.725000000000000000e+02 1.987888000000000000e+06
5.637400000000000091e+02 1.906427000000000000e+06
5.773500000000000227e+02 1.211320000000000000e+06
5.752799999999999727e+02 1.138636000000000000e+06
5.700800000000000409e+02 1.175307000000000000e+06
5.682699999999999818e+02 1.445027000000000000e+06
5.773600000000000136e+02 1.618437000000000000e+06
5.763600000000000136e+02 1.281204000000000000e+06
5.771000000000000227e+02 1.439807000000000000e+06
5.750599999999999454e+02 1.915643000000000000e+06
5.879900000000000091e+02 1.721085000000000000e+06
5.811299999999999955e+02 1.467400000000000000e+06
5.873700000000000045e+02 1.684900000000000000e+06
5.960800000000000409e+02 3.726400000000000000e+06
5.892699999999999818e+02 1.440600000000000000e+06
5.847699999999999818e+02 1.688200000000000000e+06
5.799500000000000455e+02 1.476300000000000000e+06
5.731000000000000227e+02 1.593200000000000000e+06
5.756200000000000045e+02 1.597300000000000000e+06
5.813500000000000227e+02 1.217700000000000000e+06
5.831000000000000227e+02 9.747000000000000000e+05
5.810099999999999909e+02 1.283700000000000000e+06
5.897200000000000273e+02 1.427100000000000000e+06
5.860800000000000409e+02 1.627900000000000000e+06
5.819800000000000182e+02 1.454200000000000000e+06
5.779400000000000546e+02 1.211800000000000000e+06
5.773300000000000409e+02 1.574100000000000000e+06
5.716000000000000227e+02 1.080800000000000000e+06
5.692000000000000455e+02 1.289400000000000000e+06
5.710000000000000000e+02 1.698700000000000000e+06
5.778600000000000136e+02 1.635200000000000000e+06
5.802000000000000455e+02 1.357700000000000000e+06
5.825599999999999454e+02 7.869000000000000000e+05
5.833700000000000045e+02 9.123000000000000000e+05
5.844900000000000091e+02 1.033900000000000000e+06
5.868600000000000136e+02 9.760000000000000000e+05
5.821599999999999682e+02 1.280600000000000000e+06
5.734800000000000182e+02 1.515000000000000000e+06
5.746499999999999773e+02 9.828000000000000000e+05
5.747799999999999727e+02 1.437900000000000000e+06
5.627300000000000182e+02 1.537800000000000000e+06
5.678799999999999955e+02 1.211400000000000000e+06
5.687699999999999818e+02 1.490700000000000000e+06
5.633600000000000136e+02 1.107900000000000000e+06
5.663740000000000236e+02 1.330700000000000000e+06
5.650700000000000500e+02 1.547000000000000000e+06
5.731499999999999773e+02 1.423400000000000000e+06
5.660700000000000500e+02 1.949900000000000000e+06
5.716000000000000227e+02 2.097000000000000000e+06
5.874199999999999591e+02 1.013700000000000000e+06
5.856100000000000136e+02 1.346200000000000000e+06
5.906000000000000227e+02 9.841000000000000000e+05
5.890199999999999818e+02 9.299000000000000000e+05
5.933500000000000227e+02 1.032300000000000000e+06
5.959800000000000182e+02 1.229800000000000000e+06
5.947400000000000091e+02 1.694500000000000000e+06
5.894700000000000273e+02 2.056500000000000000e+06
5.950800000000000409e+02 4.003200000000000000e+06
5.737299000000000433e+02 3.008300000000000000e+06
5.826599999999999682e+02 1.393300000000000000e+06
5.847799999999999727e+02 1.618600000000000000e+06
5.848700000000000045e+02 1.849000000000000000e+06
5.791799999999999500e+02 1.617300000000000000e+06
5.711000000000000227e+02 1.353000000000000000e+06
5.760800000000000409e+02 1.113700000000000000e+06
5.710900000000000318e+02 1.904300000000000000e+06
5.822500000000000000e+02 1.061700000000000000e+06
5.847300000000000182e+02 7.122000000000000000e+05
5.823350000000000364e+02 1.053500000000000000e+06
5.826699999999999591e+02 1.444000000000000000e+06
5.752799999999999727e+02 1.310200000000000000e+06
5.772400000000000091e+02 2.230800000000000000e+06
5.760000000000000000e+02 1.737200000000000000e+06
5.786499999999999773e+02 1.964000000000000000e+06
5.646200000000000045e+02 2.201100000000000000e+06
5.649500000000000455e+02 1.532600000000000000e+06
5.563600000000000136e+02 4.496000000000000000e+06
5.548999999999999773e+02 2.450100000000000000e+06
5.533700000000000045e+02 1.737000000000000000e+06
5.430099999999999909e+02 1.440600000000000000e+06
5.442799999999999727e+02 1.697900000000000000e+06
5.517599999999999909e+02 1.217200000000000000e+06
5.513500000000000227e+02 1.454500000000000000e+06
5.588400000000000318e+02 1.097100000000000000e+06
5.605499999999999545e+02 1.348000000000000000e+06
5.621200000000000045e+02 1.463500000000000000e+06
5.563300000000000409e+02 1.732000000000000000e+06
5.538999999999999773e+02 1.684500000000000000e+06
5.446599999999999682e+02 1.811500000000000000e+06
5.449400000000000546e+02 1.861500000000000000e+06
5.539299999999999500e+02 1.431100000000000000e+06
5.598899999999999864e+02 1.766300000000000000e+06
5.600800000000000409e+02 1.350400000000000000e+06
5.616799999999999500e+02 1.647500000000000000e+06
5.659500000000000455e+02 2.098400000000000000e+06
5.527000000000000455e+02 1.926900000000000000e+06
5.450599999999999454e+02 1.611400000000000000e+06
5.389400000000000546e+02 1.193000000000000000e+06
5.297699999999999818e+02 1.779900000000000000e+06
5.288600000000000136e+02 1.274300000000000000e+06
5.206299999999999955e+02 1.481200000000000000e+06
5.199800000000000182e+02 1.699700000000000000e+06
5.266499999999999773e+02 1.188500000000000000e+06
5.330900000000000318e+02 1.648900000000000000e+06
5.299199999999999591e+02 1.907300000000000000e+06
5.187300000000000182e+02 2.432800000000000000e+06
5.110000000000000000e+02 2.015800000000000000e+06
5.099599999999999795e+02 3.215500000000000000e+06
5.151399999999999864e+02 1.684400000000000000e+06
5.278099999999999454e+02 1.021300000000000000e+06
5.279299999999999500e+02 1.683900000000000000e+06
5.313500000000000227e+02 1.900300000000000000e+06
5.266599999999999682e+02 1.746400000000000000e+06
5.277000000000000455e+02 2.691700000000000000e+06
5.171499999999999773e+02 3.326400000000000000e+06
5.161799999999999500e+02 2.094600000000000000e+06
5.251599999999999682e+02 1.878000000000000000e+06
5.269400000000000546e+02 2.046700000000000000e+06
5.348099999999999454e+02 2.358900000000000000e+06
5.286200000000000045e+02 2.559700000000000000e+06
5.361000000000000227e+02 6.790900000000000000e+06
5.565399999999999636e+02 4.879900000000000000e+06
5.364400000000000546e+02 3.844500000000000000e+06
5.325199999999999818e+02 2.568000000000000000e+06
5.306000000000000227e+02 3.914100000000000000e+06
5.409500000000000455e+02 4.025800000000000000e+06
5.641399999999999864e+02 3.321700000000000000e+06
5.548999999999999773e+02 3.142600000000000000e+06
5.381499999999999773e+02 4.389600000000000000e+06
5.431399999999999864e+02 6.351900000000000000e+06
5.697400000000000091e+02 5.085200000000000000e+06
5.670000000000000000e+02 1.467000000000000000e+05
5.671599999999999682e+02 7.900000000000000000e+03
5.569700000000000273e+02 1.080000000000000000e+04
5.599900000000000091e+02 4.110000000000000000e+04
5.584600000000000364e+02 1.310000000000000000e+04
