5.779500000000000171e+01 6.677942000000000000e+06
6.303999999999999915e+01 5.742099000000000000e+06
6.823999999999999488e+01 5.160584000000000000e+06
6.868000000000000682e+01 5.063990000000000000e+06
6.915000000000000568e+01 5.782784000000000000e+06
7.320000000000000284e+01 7.410076000000000000e+06
7.225000000000000000e+01 7.691435000000000000e+06
6.939000000000000057e+01 9.953471000000000000e+06
6.332999999999999829e+01 1.099758300000000000e+07
6.160000000000000142e+01 1.137650400000000000e+07
5.803000000000000114e+01 1.308326300000000000e+07
5.667999999999999972e+01 1.858509100000000000e+07
6.482999999999999829e+01 1.097181600000000000e+07
6.954000000000000625e+01 8.594627000000000000e+06
7.862999999999999545e+01 8.068331000000000000e+06
7.671999999999999886e+01 1.147298900000000000e+07
8.109000000000000341e+01 9.833168000000000000e+06
9.031999999999999318e+01 5.472013000000000000e+06
8.618000000000000682e+01 7.335076000000000000e+06
9.045000000000000284e+01 6.450413000000000000e+06
9.150000000000000000e+01 9.044871000000000000e+06
9.839000000000000057e+01 7.065208000000000000e+06
9.332999999999999829e+01 6.433252000000000000e+06
9.645999999999999375e+01 4.791407000000000000e+06
9.720000000000000284e+01 6.128559000000000000e+06
9.582999999999999829e+01 7.692736000000000000e+06
9.774699999999999989e+01 6.110547000000000000e+06
9.872549999999999670e+01 5.489871000000000000e+06
1.038573999999999984e+02 4.565222000000000000e+06
1.093987999999999943e+02 1.716068000000000000e+06
1.118250000000000028e+02 1.165346000000000000e+06
1.124938999999999965e+02 1.543321000000000000e+06
1.117550999999999988e+02 1.805053000000000000e+06
1.130529999999999973e+02 9.489210000000000000e+05
1.127835000000000036e+02 1.396047000000000000e+06
1.135223000000000013e+02 1.891071000000000000e+06
1.127634999999999934e+02 2.388582000000000000e+06
1.111958999999999946e+02 2.025517000000000000e+06
1.106667999999999950e+02 1.371161000000000000e+06
1.125238999999999976e+02 1.477603000000000000e+06
1.130829999999999984e+02 2.143997000000000000e+06
1.107665999999999968e+02 1.689492000000000000e+06
1.076813999999999965e+02 2.097725000000000000e+06
1.076315000000000026e+02 3.606654000000000000e+06
1.088995000000000033e+02 2.389260000000000000e+06
1.098380999999999972e+02 1.854209000000000000e+06
1.076914000000000016e+02 2.062402000000000000e+06
1.047759999999999962e+02 4.149728000000000000e+06
1.083204000000000065e+02 2.105331000000000000e+06
1.107866000000000071e+02 1.607108000000000000e+06
1.106768000000000001e+02 1.716565000000000000e+06
1.104471000000000060e+02 4.031818000000000000e+06
1.137420000000000044e+02 1.938185000000000000e+06
1.114256000000000029e+02 1.217149000000000000e+06
1.094586999999999932e+02 1.316079000000000000e+06
1.089194999999999993e+02 1.233156000000000000e+06
1.091192000000000064e+02 1.573927000000000000e+06
1.084303000000000026e+02 1.296291000000000000e+06
1.089194999999999993e+02 1.596198000000000000e+06
1.090392999999999972e+02 2.741604000000000000e+06
1.081208000000000027e+02 1.498941000000000000e+06
1.092489999999999952e+02 1.821786000000000000e+06
1.098181000000000012e+02 1.854486000000000000e+06
1.112758000000000038e+02 2.014639000000000000e+06
1.107366999999999990e+02 1.327848000000000000e+06
1.111958999999999946e+02 9.531730000000000000e+05
1.122143999999999977e+02 8.901630000000000000e+05
1.117651000000000039e+02 1.268259000000000000e+06
1.111958999999999946e+02 4.366570000000000000e+05
1.111060999999999979e+02 1.495847000000000000e+06
1.112459000000000060e+02 3.341052000000000000e+06
1.101675999999999931e+02 1.935705000000000000e+06
1.090793000000000035e+02 2.524254000000000000e+06
1.086299999999999955e+02 2.109033000000000000e+06
1.083105000000000047e+02 2.516708000000000000e+06
1.070324999999999989e+02 1.286630000000000000e+06
1.063534999999999968e+02 1.421762000000000000e+06
1.055348000000000042e+02 1.332678000000000000e+06
1.045364000000000004e+02 1.329056000000000000e+06
1.045862999999999943e+02 1.404623000000000000e+06
1.053051999999999992e+02 1.041069000000000000e+06
1.047459999999999951e+02 1.096805000000000000e+06
1.040172000000000025e+02 1.114191000000000000e+06
1.037874999999999943e+02 1.486970000000000000e+06
1.045862999999999943e+02 1.988138000000000000e+06
1.048358999999999952e+02 7.645870000000000000e+05
1.062038000000000011e+02 1.656620000000000000e+06
1.051554000000000002e+02 1.983849000000000000e+06
1.029288999999999987e+02 1.821955000000000000e+06
1.010618000000000052e+02 2.161625000000000000e+06
9.892520000000000380e+01 9.653710000000000000e+05
9.910490000000000066e+01 9.865110000000000000e+05
1.000533999999999963e+02 8.396560000000000000e+05
1.000134999999999934e+02 1.617609000000000000e+06
9.953419999999999845e+01 2.095950000000000000e+06
9.869549999999999557e+01 9.735680000000000000e+05
9.760720000000000596e+01 2.314973000000000000e+06
9.793670000000000186e+01 8.565630000000000000e+05
9.797660000000000480e+01 8.768780000000000000e+05
9.893510000000000559e+01 9.412000000000000000e+05
9.877540000000000475e+01 1.309069000000000000e+06
9.926390000000000668e+01 1.143849000000000000e+06
9.984210000000000207e+01 1.721297000000000000e+06
9.768869999999999720e+01 1.335440000000000000e+06
9.601390000000000668e+01 1.722447000000000000e+06
9.666190000000000282e+01 1.514992000000000000e+06
9.702079999999999416e+01 1.095366000000000000e+06
9.701080000000000325e+01 1.076837000000000000e+06
9.689119999999999777e+01 1.267127000000000000e+06
9.738970000000000482e+01 1.559506000000000000e+06
9.661209999999999809e+01 2.834814000000000000e+06
9.547560000000000002e+01 4.070021000000000000e+06
9.045109999999999673e+01 2.224023000000000000e+06
9.210599999999999454e+01 1.793984000000000000e+06
9.086979999999999791e+01 2.739465000000000000e+06
9.191649999999999920e+01 1.862406000000000000e+06
9.191649999999999920e+01 1.165228000000000000e+06
9.137820000000000675e+01 1.687865000000000000e+06
9.124859999999999616e+01 1.315495000000000000e+06
9.314279999999999404e+01 2.763002000000000000e+06
9.126850000000000307e+01 2.128264000000000000e+06
9.121869999999999834e+01 1.723898000000000000e+06
9.042119999999999891e+01 2.153530000000000000e+06
9.072020000000000550e+01 2.088347000000000000e+06
9.306300000000000239e+01 1.643536000000000000e+06
9.170720000000000027e+01 1.856577000000000000e+06
9.066039999999999566e+01 2.086653000000000000e+06
9.186669999999999447e+01 2.016294000000000000e+06
9.282370000000000232e+01 2.016441000000000000e+06
9.116880000000000450e+01 1.359874000000000000e+06
9.172709999999999297e+01 1.662141000000000000e+06
9.248480000000000700e+01 1.194932000000000000e+06
9.193649999999999523e+01 2.352705000000000000e+06
9.396020000000000039e+01 1.598026000000000000e+06
9.492730000000000246e+01 3.108927000000000000e+06
9.548550000000000182e+01 1.196919000000000000e+06
9.505689999999999884e+01 1.013470000000000000e+06
9.456839999999999691e+01 9.545710000000000000e+05
9.337210000000000321e+01 1.883048000000000000e+06
9.575469999999999970e+01 1.567352000000000000e+06
9.447860000000000014e+01 1.365804000000000000e+06
9.488739999999999952e+01 2.135551000000000000e+06
9.329229999999999734e+01 1.880163000000000000e+06
9.224550000000000693e+01 1.375817000000000000e+06
9.345180000000000575e+01 1.061645000000000000e+06
9.318259999999999366e+01 1.084768000000000000e+06
9.201619999999999777e+01 1.003829000000000000e+06
9.102930000000000632e+01 1.530448000000000000e+06
9.208599999999999852e+01 1.174021000000000000e+06
9.225549999999999784e+01 9.455770000000000000e+05
9.162739999999999441e+01 1.273820000000000000e+06
9.084980000000000189e+01 2.376929000000000000e+06
9.136820000000000164e+01 1.336294000000000000e+06
9.079999999999999716e+01 2.199812000000000000e+06
9.212590000000000146e+01 1.616859000000000000e+06
9.133830000000000382e+01 1.750322000000000000e+06
9.244490000000000407e+01 2.397549000000000000e+06
9.317270000000000607e+01 1.057017000000000000e+06
9.272410000000000707e+01 1.433922000000000000e+06
9.132840000000000202e+01 2.171348000000000000e+06
9.172709999999999297e+01 2.561462000000000000e+06
9.496710000000000207e+01 2.009435000000000000e+06
9.359139999999999304e+01 9.584000000000000000e+05
9.528619999999999379e+01 1.459474000000000000e+06
9.547560000000000002e+01 1.947041000000000000e+06
9.296720000000000539e+01 2.549962000000000000e+06
9.213110000000000355e+01 3.267627000000000000e+06
9.092669999999999675e+01 3.022489000000000000e+06
9.347490000000000521e+01 1.756006000000000000e+06
9.480870000000000175e+01 1.873950000000000000e+06
9.610259999999999536e+01 2.279438000000000000e+06
9.685909999999999798e+01 9.843500000000000000e+05
9.694870000000000232e+01 1.868546000000000000e+06
9.675960000000000605e+01 1.914856000000000000e+06
9.595329999999999870e+01 2.059287000000000000e+06
9.486839999999999407e+01 2.982631000000000000e+06
9.467929999999999779e+01 3.851403000000000000e+06
9.280800000000000693e+01 3.080656000000000000e+06
9.409199999999999875e+01 3.074341000000000000e+06
9.665009999999999479e+01 1.729404000000000000e+06
9.731699999999999307e+01 1.847892000000000000e+06
9.941719999999999402e+01 3.338650000000000000e+06
9.874039999999999395e+01 1.975536000000000000e+06
9.907880000000000109e+01 2.715732000000000000e+06
1.002334000000000032e+02 1.477177000000000000e+06
9.873040000000000305e+01 2.222226000000000000e+06
9.854130000000000678e+01 2.068107000000000000e+06
9.972580000000000666e+01 1.781951000000000000e+06
1.001338999999999970e+02 1.203190000000000000e+06
1.001736999999999966e+02 1.150740000000000000e+06
9.992489999999999384e+01 2.873224000000000000e+06
9.883990000000000009e+01 2.980621000000000000e+06
9.728709999999999525e+01 3.600346000000000000e+06
9.608270000000000266e+01 1.568531000000000000e+06
9.408209999999999695e+01 1.636606000000000000e+06
9.281789999999999452e+01 2.320851000000000000e+06
9.506749999999999545e+01 1.289121000000000000e+06
9.569450000000000500e+01 2.107994000000000000e+06
9.642119999999999891e+01 2.170727000000000000e+06
9.531629999999999825e+01 1.561998000000000000e+06
9.465940000000000509e+01 1.642210000000000000e+06
9.277809999999999491e+01 9.503690000000000000e+05
9.298709999999999809e+01 8.870410000000000000e+05
9.259900000000000375e+01 1.124114000000000000e+06
9.291750000000000398e+01 8.944740000000000000e+05
9.349479999999999791e+01 1.108709000000000000e+06
9.259900000000000375e+01 1.845348000000000000e+06
9.208140000000000214e+01 1.783002000000000000e+06
9.057840000000000202e+01 1.376154000000000000e+06
8.958299999999999841e+01 1.777282000000000000e+06
8.990149999999999864e+01 2.278152000000000000e+06
8.802030000000000598e+01 2.651335000000000000e+06
8.902559999999999718e+01 1.954158000000000000e+06
8.924460000000000548e+01 1.598097000000000000e+06
8.849800000000000466e+01 2.052275000000000000e+06
8.878669999999999618e+01 1.923798000000000000e+06
8.949339999999999407e+01 2.685196000000000000e+06
9.023990000000000578e+01 5.317765000000000000e+06
9.159359999999999502e+01 1.380694000000000000e+06
9.168319999999999936e+01 2.499729000000000000e+06
9.104619999999999891e+01 2.462840000000000000e+06
9.249939999999999429e+01 1.710194000000000000e+06
9.361419999999999675e+01 1.600662000000000000e+06
9.306770000000000209e+01 2.264723000000000000e+06
9.116949999999999932e+01 2.260180000000000000e+06
8.881430000000000291e+01 1.929184000000000000e+06
9.096080000000000609e+01 1.782255000000000000e+06
9.057330000000000325e+01 1.773726000000000000e+06
9.013599999999999568e+01 2.273016000000000000e+06
8.992730000000000246e+01 1.893988000000000000e+06
9.172599999999999909e+01 2.378771000000000000e+06
9.274960000000000093e+01 2.559066000000000000e+06
9.066270000000000095e+01 2.553861000000000000e+06
9.202419999999999334e+01 5.933002000000000000e+06
8.644910000000000139e+01 4.313388000000000000e+06
8.670740000000000691e+01 3.069403000000000000e+06
8.746269999999999811e+01 2.292272000000000000e+06
8.708509999999999707e+01 1.156040000000000000e+06
8.695589999999999975e+01 3.268710000000000000e+06
8.736329999999999529e+01 2.799633000000000000e+06
8.736329999999999529e+01 2.224982000000000000e+06
8.668760000000000332e+01 1.717573000000000000e+06
8.721429999999999438e+01 2.058867000000000000e+06
8.760190000000000055e+01 1.619397000000000000e+06
8.762170000000000414e+01 1.371889000000000000e+06
8.817820000000000391e+01 1.337361000000000000e+06
8.797950000000000159e+01 1.696623000000000000e+06
8.744280000000000541e+01 1.039602000000000000e+06
8.655840000000000600e+01 2.480350000000000000e+06
8.763169999999999504e+01 1.561404000000000000e+06
8.689629999999999654e+01 2.618366000000000000e+06
8.676709999999999923e+01 2.016092000000000000e+06
8.625029999999999575e+01 2.853849000000000000e+06
8.451120000000000232e+01 3.389126000000000000e+06
8.362669999999999959e+01 3.434438000000000000e+06
8.259319999999999595e+01 2.857057000000000000e+06
8.269259999999999877e+01 1.977047000000000000e+06
8.193729999999999336e+01 3.627208000000000000e+06
8.298080000000000211e+01 3.342360000000000000e+06
8.349750000000000227e+01 1.488459000000000000e+06
8.404410000000000025e+01 3.209543000000000000e+06
8.525650000000000261e+01 2.076170000000000000e+06
8.439190000000000680e+01 2.879706000000000000e+06
8.516710000000000491e+01 1.432992000000000000e+06
8.567390000000000327e+01 1.983453000000000000e+06
8.522669999999999391e+01 3.775246000000000000e+06
8.447140000000000271e+01 2.363070000000000000e+06
8.314969999999999573e+01 2.345271000000000000e+06
8.289130000000000109e+01 2.266863000000000000e+06
8.228509999999999991e+01 2.246253000000000000e+06
8.193729999999999336e+01 1.969962000000000000e+06
8.240439999999999543e+01 2.269496000000000000e+06
8.343789999999999907e+01 1.713387000000000000e+06
8.348760000000000048e+01 1.773519000000000000e+06
8.286150000000000659e+01 2.265295000000000000e+06
8.325900000000000034e+01 1.972005000000000000e+06
8.258329999999999416e+01 1.796808000000000000e+06
8.282129999999999370e+01 2.241371000000000000e+06
8.282129999999999370e+01 2.368568000000000000e+06
8.288089999999999691e+01 2.244750000000000000e+06
8.434900000000000375e+01 2.639223000000000000e+06
8.258329999999999416e+01 2.199550000000000000e+06
8.267249999999999943e+01 4.124145000000000000e+06
8.073820000000000618e+01 3.863753000000000000e+06
8.109529999999999461e+01 3.387353000000000000e+06
7.951800000000000068e+01 3.729871000000000000e+06
7.873430000000000462e+01 5.722906000000000000e+06
7.372480000000000189e+01 3.117365000000000000e+06
7.380410000000000537e+01 3.526947000000000000e+06
7.331810000000000116e+01 2.723464000000000000e+06
7.408190000000000452e+01 2.444917000000000000e+06
7.496479999999999677e+01 2.061388000000000000e+06
7.402240000000000464e+01 2.088766000000000000e+06
7.413150000000000261e+01 3.136591000000000000e+06
7.382399999999999807e+01 3.478198000000000000e+06
7.388349999999999795e+01 2.533926000000000000e+06
7.353629999999999711e+01 3.939185000000000000e+06
7.256409999999999627e+01 1.766289000000000000e+06
7.173090000000000543e+01 1.919529000000000000e+06
7.118529999999999802e+01 3.156659000000000000e+06
7.049089999999999634e+01 2.560185000000000000e+06
7.016349999999999909e+01 3.359512000000000000e+06
7.044129999999999825e+01 3.260543000000000000e+06
7.249469999999999459e+01 2.561363000000000000e+06
7.142340000000000089e+01 2.579294000000000000e+06
7.146299999999999386e+01 3.325959000000000000e+06
7.191939999999999600e+01 2.376277000000000000e+06
7.042140000000000555e+01 2.943300000000000000e+06
7.131419999999999959e+01 2.191224000000000000e+06
7.149280000000000257e+01 2.409586000000000000e+06
7.047100000000000364e+01 1.760854000000000000e+06
7.128449999999999420e+01 6.212985000000000000e+06
7.017340000000000089e+01 3.171175000000000000e+06
6.937990000000000634e+01 4.110690000000000000e+06
6.676099999999999568e+01 5.629162000000000000e+06
7.037179999999999325e+01 3.629478000000000000e+06
7.122499999999999432e+01 2.138731000000000000e+06
7.038179999999999836e+01 2.165817000000000000e+06
6.976670000000000016e+01 2.203325000000000000e+06
6.895329999999999870e+01 2.606185000000000000e+06
6.597729999999999961e+01 2.015807000000000000e+06
6.593760000000000332e+01 5.417270000000000000e+06
6.695940000000000225e+01 4.862902000000000000e+06
6.910209999999999297e+01 4.020817000000000000e+06
6.992539999999999623e+01 2.402018000000000000e+06
6.970720000000000027e+01 4.462365000000000000e+06
7.128449999999999420e+01 2.524331000000000000e+06
7.164159999999999684e+01 1.785473000000000000e+06
7.219710000000000605e+01 2.004531000000000000e+06
7.182019999999999982e+01 3.296435000000000000e+06
7.208799999999999386e+01 3.277965000000000000e+06
7.227649999999999864e+01 3.067678000000000000e+06
7.498460000000000036e+01 2.342910000000000000e+06
7.454810000000000514e+01 4.194166000000000000e+06
7.734550000000000125e+01 2.836507000000000000e+06
7.493500000000000227e+01 4.767447000000000000e+06
7.584759999999999991e+01 1.970295000000000000e+06
7.633369999999999322e+01 4.285898000000000000e+06
7.456799999999999784e+01 5.549616000000000000e+06
7.448860000000000525e+01 3.508382000000000000e+06
7.253440000000000509e+01 1.095278000000000000e+06
7.198879999999999768e+01 2.499484000000000000e+06
7.091740000000000066e+01 5.740090000000000000e+06
7.062980000000000302e+01 4.401511000000000000e+06
7.245499999999999829e+01 4.737859000000000000e+06
7.230620000000000402e+01 4.069783000000000000e+06
7.051069999999999993e+01 3.790671000000000000e+06
7.029250000000000398e+01 2.346634000000000000e+06
6.962789999999999679e+01 4.186283000000000000e+06
7.059010000000000673e+01 3.249406000000000000e+06
7.144320000000000448e+01 2.369368000000000000e+06
7.223510000000000275e+01 2.263317000000000000e+06
6.987909999999999400e+01 3.991643000000000000e+06
7.167090000000000316e+01 2.633086000000000000e+06
7.208660000000000423e+01 2.982284000000000000e+06
7.191840000000000543e+01 3.044292000000000000e+06
7.045329999999999870e+01 5.039273000000000000e+06
6.800809999999999889e+01 3.200491000000000000e+06
6.790909999999999513e+01 6.077473000000000000e+06
6.758249999999999602e+01 5.634588000000000000e+06
6.686969999999999459e+01 1.101431200000000000e+07
6.317730000000000246e+01 1.347300000000000000e+07
6.817640000000000100e+01 8.984634000000000000e+06
6.945340000000000202e+01 4.126144000000000000e+06
6.994840000000000657e+01 7.481975000000000000e+06
7.132439999999999714e+01 3.723165000000000000e+06
7.376949999999999363e+01 1.777682000000000000e+06
7.387839999999999918e+01 1.927371000000000000e+06
7.225490000000000634e+01 2.993961000000000000e+06
7.287860000000000582e+01 3.676409000000000000e+06
7.236379999999999768e+01 5.944487000000000000e+06
7.266079999999999472e+01 7.380633000000000000e+06
7.447239999999999327e+01 6.070661000000000000e+06
7.419519999999999982e+01 5.211739000000000000e+06
7.363089999999999691e+01 3.622183000000000000e+06
7.465059999999999718e+01 4.779435000000000000e+06
7.577909999999999968e+01 4.619556000000000000e+06
7.630370000000000630e+01 4.398394000000000000e+06
7.760060000000000002e+01 4.116921000000000000e+06
7.996649999999999636e+01 4.263008000000000000e+06
8.121380000000000621e+01 2.654114000000000000e+06
7.984770000000000323e+01 2.168232000000000000e+06
7.930320000000000391e+01 2.533348000000000000e+06
7.935269999999999868e+01 2.265294000000000000e+06
8.014470000000000027e+01 6.804423000000000000e+06
8.026349999999999341e+01 3.516894000000000000e+06
7.962000000000000455e+01 2.327528000000000000e+06
7.859050000000000580e+01 2.703742000000000000e+06
7.830339999999999634e+01 3.394955000000000000e+06
7.925369999999999493e+01 3.229477000000000000e+06
7.814499999999999602e+01 3.745571000000000000e+06
7.717489999999999384e+01 3.110946000000000000e+06
7.663039999999999452e+01 2.774882000000000000e+06
7.581870000000000687e+01 2.029671000000000000e+06
7.567019999999999413e+01 2.973973000000000000e+06
7.492770000000000152e+01 4.244169000000000000e+06
7.495740000000000691e+01 3.076871000000000000e+06
7.638290000000000646e+01 1.887041000000000000e+06
7.683830000000000382e+01 2.496868000000000000e+06
7.679869999999999663e+01 1.398453000000000000e+06
7.739270000000000493e+01 1.837660000000000000e+06
7.668980000000000530e+01 1.241746000000000000e+06
7.697690000000000055e+01 1.865263000000000000e+06
7.633339999999999748e+01 2.149202000000000000e+06
7.599689999999999657e+01 3.009627000000000000e+06
7.642249999999999943e+01 2.540545000000000000e+06
7.595730000000000359e+01 2.324917000000000000e+06
7.552169999999999561e+01 2.430654000000000000e+06
7.642249999999999943e+01 1.964818000000000000e+06
7.646210000000000662e+01 3.373628000000000000e+06
7.545239999999999725e+01 2.919383000000000000e+06
7.576919999999999789e+01 2.763687000000000000e+06
7.455159999999999343e+01 3.066520000000000000e+06
7.488809999999999434e+01 3.274320000000000000e+06
7.538309999999999889e+01 3.906437000000000000e+06
7.596599999999999397e+01 2.936221000000000000e+06
7.666750000000000398e+01 3.777919000000000000e+06
7.719110000000000582e+01 3.835110000000000000e+06
7.724049999999999727e+01 1.969114000000000000e+06
7.749739999999999895e+01 3.687554000000000000e+06
7.759619999999999607e+01 2.667192000000000000e+06
7.771479999999999677e+01 2.743976000000000000e+06
7.635129999999999484e+01 3.132213000000000000e+06
7.750730000000000075e+01 3.091662000000000000e+06
7.865330000000000155e+01 2.774497000000000000e+06
7.940420000000000300e+01 5.890050000000000000e+06
7.952280000000000371e+01 4.260653000000000000e+06
8.062930000000000064e+01 3.686751000000000000e+06
8.097509999999999764e+01 2.439516000000000000e+06
8.115290000000000248e+01 2.773427000000000000e+06
8.196309999999999718e+01 5.303802000000000000e+06
8.009579999999999700e+01 3.353347000000000000e+06
7.911769999999999925e+01 2.286024000000000000e+06
7.999699999999999989e+01 2.125137000000000000e+06
8.002660000000000196e+01 3.367924000000000000e+06
7.964130000000000109e+01 3.803813000000000000e+06
8.030329999999999302e+01 2.915098000000000000e+06
7.996739999999999782e+01 2.949911000000000000e+06
7.959189999999999543e+01 2.278548000000000000e+06
7.873239999999999839e+01 3.350873000000000000e+06
7.849530000000000030e+01 1.720643000000000000e+06
7.834709999999999752e+01 3.065793000000000000e+06
7.820869999999999322e+01 3.544924000000000000e+06
7.730970000000000653e+01 5.142887000000000000e+06
7.731959999999999411e+01 3.220392000000000000e+06
7.823839999999999861e+01 3.457348000000000000e+06
7.831740000000000634e+01 3.203032000000000000e+06
7.989820000000000277e+01 4.915426000000000000e+06
8.004640000000000555e+01 3.822785000000000000e+06
8.102450000000000330e+01 3.178768000000000000e+06
8.198279999999999745e+01 2.104506000000000000e+06
8.331659999999999400e+01 1.854430000000000000e+06
8.283249999999999602e+01 2.953216000000000000e+06
8.193340000000000600e+01 2.126983000000000000e+06
8.173579999999999757e+01 3.605155000000000000e+06
8.280289999999999395e+01 3.559330000000000000e+06
8.298069999999999879e+01 1.792296000000000000e+06
8.312890000000000157e+01 1.677842000000000000e+06
8.315850000000000364e+01 1.772686000000000000e+06
8.366240000000000521e+01 3.572947000000000000e+06
8.207179999999999609e+01 1.911375000000000000e+06
8.219029999999999347e+01 1.716153000000000000e+06
8.165680000000000405e+01 2.495183000000000000e+06
7.974009999999999820e+01 2.874230000000000000e+06
8.074790000000000134e+01 2.049802000000000000e+06
7.936469999999999914e+01 2.184767000000000000e+06
8.084669999999999845e+01 1.892726000000000000e+06
8.104430000000000689e+01 2.888672000000000000e+06
8.134069999999999823e+01 2.283838000000000000e+06
8.176550000000000296e+01 1.645174000000000000e+06
8.291150000000000375e+01 2.129743000000000000e+06
8.283249999999999602e+01 8.077853000000000000e+06
8.229900000000000659e+01 1.309266000000000000e+06
8.318819999999999482e+01 2.379317000000000000e+06
8.202240000000000464e+01 1.908611000000000000e+06
8.197299999999999898e+01 2.590538000000000000e+06
8.250650000000000261e+01 1.750369000000000000e+06
8.176550000000000296e+01 2.207750000000000000e+06
8.170629999999999882e+01 2.410368000000000000e+06
8.129210000000000491e+01 3.219649000000000000e+06
8.022700000000000387e+01 2.087624000000000000e+06
8.003959999999999297e+01 2.639833000000000000e+06
7.876739999999999498e+01 3.083109000000000000e+06
7.835320000000000107e+01 2.916677000000000000e+06
7.913230000000000075e+01 3.243794000000000000e+06
7.775169999999999959e+01 3.476424000000000000e+06
7.906329999999999814e+01 4.380152000000000000e+06
8.079900000000000659e+01 5.691198000000000000e+06
8.070040000000000191e+01 2.860550000000000000e+06
8.090749999999999886e+01 4.170209000000000000e+06
8.095680000000000121e+01 1.795420000000000000e+06
8.119350000000000023e+01 2.257557000000000000e+06
8.084829999999999472e+01 2.552095000000000000e+06
8.104559999999999320e+01 3.523769000000000000e+06
8.003959999999999297e+01 3.876697000000000000e+06
7.941830000000000211e+01 4.265306000000000000e+06
7.851099999999999568e+01 1.443959000000000000e+07
7.884629999999999939e+01 1.066569900000000000e+07
7.851099999999999568e+01 5.209644500000000000e+07
7.397450000000000614e+01 1.181366100000000000e+07
7.509879999999999711e+01 7.557435000000000000e+06
7.643999999999999773e+01 3.295401000000000000e+06
7.794889999999999475e+01 6.840062000000000000e+06
7.695279999999999632e+01 3.074712000000000000e+06
7.645980000000000132e+01 2.575602000000000000e+06
7.600610000000000355e+01 2.721969000000000000e+06
7.767279999999999518e+01 2.481622000000000000e+06
7.722899999999999920e+01 2.199030000000000000e+06
7.770239999999999725e+01 1.527570000000000000e+06
7.887590000000000146e+01 1.209650000000000000e+06
7.709090000000000487e+01 1.573832000000000000e+06
7.932959999999999923e+01 3.026187000000000000e+06
8.071030000000000371e+01 1.233198000000000000e+06
8.022700000000000387e+01 1.010091000000000000e+06
8.017770000000000152e+01 2.024779000000000000e+06
8.038479999999999848e+01 2.094793000000000000e+06
8.075960000000000605e+01 2.285826000000000000e+06
8.011849999999999739e+01 1.563514000000000000e+06
8.012839999999999918e+01 1.638863000000000000e+06
8.001009999999999422e+01 1.836807000000000000e+06
8.034539999999999793e+01 2.655669000000000000e+06
7.811660000000000537e+01 1.934015000000000000e+06
7.810670000000000357e+01 1.459548000000000000e+06
7.785030000000000427e+01 2.230630000000000000e+06
7.714019999999999300e+01 2.719018000000000000e+06
7.781080000000000041e+01 2.813958000000000000e+06
7.825459999999999638e+01 2.515240000000000000e+06
7.952439999999999998e+01 4.021001000000000000e+06
7.858929999999999438e+01 3.804744000000000000e+06
8.085330000000000439e+01 2.856709000000000000e+06
8.249710000000000321e+01 1.543521000000000000e+06
8.207380000000000564e+01 1.710473000000000000e+06
8.296959999999999980e+01 1.763621000000000000e+06
8.298930000000000007e+01 1.796875000000000000e+06
8.196559999999999491e+01 2.543120000000000000e+06
8.323539999999999850e+01 2.980376000000000000e+06
8.462330000000000041e+01 3.880509000000000000e+06
8.190649999999999409e+01 2.466680000000000000e+06
8.053830000000000666e+01 2.196775000000000000e+06
7.917010000000000502e+01 3.211289000000000000e+06
7.742780000000000484e+01 5.014297000000000000e+06
8.073520000000000607e+01 3.526610000000000000e+06
7.942600000000000193e+01 4.632823000000000000e+06
7.865819999999999368e+01 2.356677000000000000e+06
8.135529999999999973e+01 2.717058000000000000e+06
8.441660000000000252e+01 2.139895000000000000e+06
8.430830000000000268e+01 1.829903000000000000e+06
8.505639999999999645e+01 1.671558000000000000e+06
8.591280000000000427e+01 1.542903000000000000e+06
8.631629999999999825e+01 9.148320000000000000e+05
8.527290000000000703e+01 1.466237000000000000e+06
8.444610000000000127e+01 1.979045000000000000e+06
8.517449999999999477e+01 1.625360000000000000e+06
8.442640000000000100e+01 1.512606000000000000e+06
8.415080000000000382e+01 2.201659000000000000e+06
8.263490000000000180e+01 1.290277000000000000e+06
8.271370000000000289e+01 1.440294000000000000e+06
8.209350000000000591e+01 1.422829000000000000e+06
8.263490000000000180e+01 1.870047000000000000e+06
8.176869999999999550e+01 3.736140000000000000e+06
8.037090000000000600e+01 1.674650000000000000e+06
8.064660000000000650e+01 1.345538000000000000e+06
7.967210000000000036e+01 2.483105000000000000e+06
7.804789999999999850e+01 2.271642000000000000e+06
7.899290000000000589e+01 1.510147000000000000e+06
7.958350000000000080e+01 1.425550000000000000e+06
7.843179999999999552e+01 1.701493000000000000e+06
7.860899999999999466e+01 1.514079000000000000e+06
7.918970000000000198e+01 8.288640000000000000e+05
7.889440000000000452e+01 9.341940000000000000e+05
7.812669999999999959e+01 9.096090000000000000e+05
7.810699999999999932e+01 1.415674000000000000e+06
7.812669999999999959e+01 2.042716000000000000e+06
7.712260000000000559e+01 1.327464000000000000e+06
7.659109999999999729e+01 1.448064000000000000e+06
7.686669999999999447e+01 2.275088000000000000e+06
7.588240000000000407e+01 3.375067000000000000e+06
7.482909999999999684e+01 1.739438000000000000e+06
7.554770000000000607e+01 2.141923000000000000e+06
7.579380000000000450e+01 2.241100000000000000e+06
7.625639999999999930e+01 1.585935000000000000e+06
7.715219999999999345e+01 2.086490000000000000e+06
7.606940000000000168e+01 2.252593000000000000e+06
7.554770000000000607e+01 1.434971000000000000e+06
7.641389999999999816e+01 1.490710000000000000e+06
7.644350000000000023e+01 2.348568000000000000e+06
7.603990000000000293e+01 2.164557000000000000e+06
7.634499999999999886e+01 2.553701000000000000e+06
7.536069999999999425e+01 1.874474000000000000e+06
7.493739999999999668e+01 1.856885000000000000e+06
7.480949999999999989e+01 1.383898000000000000e+06
7.457319999999999993e+01 4.704490000000000000e+05
7.449450000000000216e+01 1.348259000000000000e+06
7.445510000000000161e+01 2.873165000000000000e+06
7.314589999999999748e+01 1.146502000000000000e+06
7.294910000000000139e+01 2.392178000000000000e+06
7.286050000000000182e+01 1.829130000000000000e+06
7.208440000000000225e+01 2.869173000000000000e+06
7.162269999999999470e+01 1.810470000000000000e+06
7.133780000000000143e+01 1.819799000000000000e+06
7.140659999999999741e+01 2.117699000000000000e+06
7.077790000000000248e+01 2.326356000000000000e+06
7.161289999999999623e+01 1.473462000000000000e+06
7.132800000000000296e+01 1.719335000000000000e+06
7.209420000000000073e+01 1.352457000000000000e+06
7.186830000000000496e+01 1.653413000000000000e+06
7.116100000000000136e+01 1.923169000000000000e+06
7.116100000000000136e+01 1.870980000000000000e+06
7.100379999999999825e+01 2.685453000000000000e+06
7.136730000000000018e+01 2.571475000000000000e+06
7.064039999999999964e+01 2.916362000000000000e+06
7.120029999999999859e+01 3.318430000000000000e+06
7.006080000000000041e+01 2.478988000000000000e+06
6.988400000000000034e+01 3.204282000000000000e+06
6.917669999999999675e+01 1.402250000000000000e+06
6.978570000000000562e+01 1.726363000000000000e+06
6.984470000000000312e+01 2.170442000000000000e+06
6.980540000000000589e+01 2.171628000000000000e+06
6.996259999999999479e+01 1.546950000000000000e+06
6.987409999999999854e+01 1.903968000000000000e+06
6.990359999999999729e+01 2.326229000000000000e+06
6.913739999999999952e+01 2.080939000000000000e+06
6.898019999999999641e+01 3.002787000000000000e+06
6.868550000000000466e+01 1.799692000000000000e+06
6.843009999999999593e+01 1.360387000000000000e+06
6.825329999999999586e+01 1.987577000000000000e+06
6.814520000000000266e+01 2.278812000000000000e+06
6.769329999999999359e+01 1.905900000000000000e+06
6.764419999999999789e+01 2.477476000000000000e+06
6.820420000000000016e+01 2.902452000000000000e+06
6.822379999999999711e+01 7.036155000000000000e+06
6.813540000000000418e+01 1.461502000000000000e+06
6.788979999999999393e+01 1.927322000000000000e+06
6.827290000000000703e+01 2.763728000000000000e+06
6.749689999999999657e+01 2.241069000000000000e+06
6.698609999999999332e+01 2.070408000000000000e+06
6.615109999999999957e+01 1.178377000000000000e+06
6.585639999999999361e+01 1.436433000000000000e+06
6.570900000000000318e+01 1.930912000000000000e+06
6.538479999999999848e+01 2.011969000000000000e+06
6.545359999999999445e+01 2.341375000000000000e+06
6.534550000000000125e+01 1.726821000000000000e+06
6.550270000000000437e+01 1.857441000000000000e+06
6.490349999999999397e+01 1.209680000000000000e+06
6.478560000000000230e+01 2.592784000000000000e+06
6.398989999999999867e+01 2.551671000000000000e+06
6.276200000000000045e+01 1.510814000000000000e+06
6.254590000000000316e+01 1.483528000000000000e+06
6.247710000000000008e+01 2.696561000000000000e+06
6.344959999999999667e+01 1.273114000000000000e+06
6.319420000000000215e+01 2.786136000000000000e+06
6.318439999999999657e+01 2.065978000000000000e+06
6.177960000000000207e+01 1.795440000000000000e+06
6.205469999999999686e+01 1.511793000000000000e+06
6.235920000000000130e+01 1.359698000000000000e+06
6.179930000000000234e+01 1.440306000000000000e+06
6.200560000000000116e+01 1.283425000000000000e+06
6.220199999999999818e+01 1.814886000000000000e+06
6.068919999999999959e+01 1.636865000000000000e+06
5.998190000000000310e+01 2.645027000000000000e+06
5.974620000000000175e+01 2.686831000000000000e+06
6.133760000000000190e+01 2.145062000000000000e+06
6.096520000000000294e+01 1.991014000000000000e+06
6.051440000000000197e+01 2.393922000000000000e+06
6.007339999999999947e+01 1.682858000000000000e+06
5.977940000000000254e+01 2.224918000000000000e+06
6.014200000000000301e+01 2.983225000000000000e+06
6.083780000000000143e+01 2.592902000000000000e+06
6.249399999999999977e+01 3.245093000000000000e+06
6.171979999999999933e+01 2.891414000000000000e+06
6.088680000000000092e+01 1.957377000000000000e+06
6.073980000000000246e+01 2.185922000000000000e+06
6.171979999999999933e+01 2.642110000000000000e+06
6.127879999999999683e+01 2.062324000000000000e+06
6.121020000000000039e+01 1.178908000000000000e+06
6.130819999999999936e+01 2.882527000000000000e+06
6.126899999999999835e+01 6.574680000000000000e+06
6.181779999999999831e+01 3.692288000000000000e+06
6.076919999999999789e+01 1.923393000000000000e+06
6.121999999999999886e+01 1.837825000000000000e+06
6.076919999999999789e+01 2.109257000000000000e+06
6.087700000000000244e+01 1.806909000000000000e+06
6.123960000000000292e+01 2.013990000000000000e+06
6.136699999999999733e+01 1.338980000000000000e+06
6.120040000000000191e+01 3.435479000000000000e+06
6.083780000000000143e+01 1.713590000000000000e+06
6.069080000000000297e+01 2.278886000000000000e+06
6.121020000000000039e+01 5.760459000000000000e+06
6.095539999999999736e+01 4.045082000000000000e+06
6.052420000000000044e+01 4.402331000000000000e+06
5.985779999999999745e+01 2.916753000000000000e+06
6.027920000000000300e+01 3.605544000000000000e+06
6.008319999999999794e+01 1.967430000000000000e+06
6.061240000000000094e+01 3.546376000000000000e+06
6.100439999999999685e+01 3.636862000000000000e+06
6.209219999999999828e+01 2.602540000000000000e+06
6.218039999999999878e+01 3.244064000000000000e+06
6.392470000000000141e+01 1.736245000000000000e+06
6.409130000000000393e+01 3.063651000000000000e+06
6.389529999999999887e+01 2.621041000000000000e+06
6.428730000000000189e+01 3.993545000000000000e+06
6.456170000000000186e+01 4.024122000000000000e+06
6.550249999999999773e+01 4.358275000000000000e+06
6.508110000000000639e+01 3.323636800000000000e+07
6.551229999999999620e+01 4.511143000000000000e+06
6.492430000000000234e+01 7.387165000000000000e+06
6.512030000000000030e+01 5.087150000000000000e+06
6.453230000000000643e+01 1.016284900000000000e+07
6.345439999999999969e+01 7.990937000000000000e+06
6.371889999999999787e+01 8.180391000000000000e+06
6.482630000000000337e+01 2.661162000000000000e+06
6.444410000000000593e+01 1.999448000000000000e+06
6.564950000000000330e+01 1.599191000000000000e+06
6.606109999999999616e+01 1.590404000000000000e+06
6.530649999999999977e+01 2.001934000000000000e+06
6.513989999999999725e+01 3.401960000000000000e+06
6.422849999999999682e+01 1.104545000000000000e+06
6.403249999999999886e+01 1.445801000000000000e+06
6.382670000000000243e+01 2.766641000000000000e+06
6.416970000000000596e+01 3.026655000000000000e+06
6.417950000000000443e+01 4.021770000000000000e+06
6.394429999999999836e+01 3.643601000000000000e+06
6.257240000000000180e+01 2.605372000000000000e+06
6.119060000000000343e+01 2.239456000000000000e+06
6.007339999999999947e+01 1.765154000000000000e+06
6.118079999999999785e+01 2.114829000000000000e+06
6.136699999999999733e+01 2.124949000000000000e+06
6.085739999999999839e+01 1.163771000000000000e+06
6.096520000000000294e+01 1.348750000000000000e+06
6.087700000000000244e+01 1.954514000000000000e+06
6.093560000000000088e+01 3.562075000000000000e+06
5.932249999999999801e+01 2.005769000000000000e+06
5.970380000000000109e+01 2.605516000000000000e+06
5.914659999999999940e+01 2.316266000000000000e+06
5.963539999999999708e+01 2.471683000000000000e+06
6.011440000000000339e+01 4.208795000000000000e+06
5.799300000000000210e+01 2.957157000000000000e+06
5.765079999999999671e+01 3.223001000000000000e+06
5.889240000000000208e+01 1.695356000000000000e+06
5.924430000000000263e+01 4.502396000000000000e+06
5.723040000000000305e+01 1.329956000000000000e+06
5.674159999999999826e+01 2.150690000000000000e+06
5.606700000000000017e+01 1.197906000000000000e+06
5.630169999999999675e+01 5.217223000000000000e+06
5.564670000000000272e+01 1.939810000000000000e+06
5.558800000000000097e+01 1.730056000000000000e+06
5.604749999999999943e+01 1.965753000000000000e+06
5.583239999999999981e+01 2.129243000000000000e+06
5.613550000000000040e+01 1.929591000000000000e+06
5.619409999999999883e+01 1.369548000000000000e+06
5.590079999999999671e+01 2.650977000000000000e+06
5.533379999999999654e+01 3.066168000000000000e+06
5.582260000000000133e+01 1.107245000000000000e+06
5.548049999999999926e+01 2.314197000000000000e+06
5.579330000000000211e+01 2.188466000000000000e+06
5.633100000000000307e+01 3.273208000000000000e+06
5.715220000000000056e+01 2.283908000000000000e+06
5.745530000000000115e+01 1.965442000000000000e+06
5.729890000000000327e+01 1.549108000000000000e+06
5.735750000000000171e+01 1.871478000000000000e+06
5.655590000000000117e+01 2.571953000000000000e+06
5.700560000000000116e+01 1.066652000000000000e+06
5.701530000000000342e+01 1.996876000000000000e+06
5.640919999999999845e+01 1.514628000000000000e+06
5.542179999999999751e+01 2.150392000000000000e+06
5.621370000000000289e+01 9.997970000000000000e+05
5.662429999999999808e+01 1.270128000000000000e+06
5.690780000000000172e+01 1.580679000000000000e+06
5.684909999999999997e+01 1.993542000000000000e+06
5.600840000000000174e+01 1.818298000000000000e+06
5.622350000000000136e+01 1.811926000000000000e+06
5.521650000000000347e+01 2.443194000000000000e+06
5.459080000000000155e+01 1.606783000000000000e+06
5.503079999999999927e+01 2.710824000000000000e+06
5.522579999999999956e+01 2.394174000000000000e+06
5.587899999999999778e+01 1.804281000000000000e+06
5.630799999999999983e+01 3.303351000000000000e+06
5.671759999999999735e+01 2.835790000000000000e+06
5.625930000000000319e+01 2.753721000000000000e+06
5.577179999999999893e+01 2.634802000000000000e+06
5.657130000000000081e+01 1.395988000000000000e+06
5.633729999999999905e+01 1.511282000000000000e+06
5.578150000000000119e+01 1.614889000000000000e+06
5.640550000000000352e+01 2.581155000000000000e+06
5.657130000000000081e+01 2.058818000000000000e+06
5.703929999999999723e+01 2.778247000000000000e+06
5.776080000000000325e+01 3.145260000000000000e+06
5.797529999999999717e+01 4.716207000000000000e+06
5.701010000000000133e+01 2.317318000000000000e+06
5.738060000000000116e+01 1.915267000000000000e+06
5.722460000000000235e+01 1.190984000000000000e+06
5.717580000000000240e+01 1.476834000000000000e+06
5.680530000000000257e+01 1.025028000000000000e+06
5.636650000000000205e+01 2.061451000000000000e+06
5.627879999999999683e+01 1.710372000000000000e+06
5.635679999999999978e+01 1.353287000000000000e+06
5.586930000000000263e+01 2.620139000000000000e+06
5.591799999999999926e+01 3.690042000000000000e+06
5.614229999999999876e+01 2.273903000000000000e+06
5.659080000000000155e+01 1.719506000000000000e+06
5.708809999999999718e+01 1.336010000000000000e+06
5.728309999999999746e+01 2.989690000000000000e+06
5.731230000000000047e+01 1.993843000000000000e+06
5.664929999999999666e+01 1.857079000000000000e+06
5.630799999999999983e+01 2.315248000000000000e+06
5.625930000000000319e+01 2.350521000000000000e+06
5.606430000000000291e+01 4.201438000000000000e+06
5.552799999999999869e+01 2.854577000000000000e+06
5.468950000000000244e+01 2.828854000000000000e+06
5.481620000000000203e+01 3.058612000000000000e+06
5.401670000000000016e+01 7.378615000000000000e+06
5.460170000000000101e+01 2.781558000000000000e+06
5.462120000000000175e+01 3.384687000000000000e+06
5.553779999999999717e+01 3.921784000000000000e+06
5.603499999999999659e+01 3.358993000000000000e+06
5.588880000000000337e+01 5.122197000000000000e+06
5.655180000000000007e+01 5.614786000000000000e+06
5.633930000000000149e+01 6.829108000000000000e+06
5.594839999999999947e+01 4.541646000000000000e+06
5.605129999999999768e+01 2.823914000000000000e+06
5.563989999999999725e+01 1.105916800000000000e+07
5.642150000000000176e+01 6.458368000000000000e+06
5.629809999999999803e+01 3.149754000000000000e+06
5.646269999999999811e+01 6.979782000000000000e+06
5.703860000000000241e+01 1.055017200000000000e+07
5.705919999999999703e+01 1.342157200000000000e+07
5.697690000000000055e+01 2.112157700000000000e+07
5.662720000000000198e+01 1.662577500000000000e+07
5.617470000000000141e+01 1.548451000000000000e+07
5.487879999999999825e+01 1.463689300000000000e+07
5.426180000000000092e+01 8.504427000000000000e+06
5.345960000000000178e+01 1.369724100000000000e+07
5.454970000000000141e+01 7.386262000000000000e+06
5.397379999999999711e+01 1.202935200000000000e+07
5.561930000000000263e+01 1.766608700000000000e+07
5.411780000000000257e+01 1.634949700000000000e+07
5.366519999999999868e+01 1.842779500000000000e+07
5.195799999999999841e+01 9.187654000000000000e+06
5.185520000000000351e+01 1.794794600000000000e+07
5.156719999999999970e+01 1.063261100000000000e+07
5.103240000000000265e+01 1.047306100000000000e+07
5.103240000000000265e+01 1.112064600000000000e+07
5.206080000000000041e+01 2.231811000000000000e+06
5.148490000000000322e+01 6.979003000000000000e+06
5.111469999999999914e+01 6.202042000000000000e+06
5.066210000000000235e+01 7.922873000000000000e+06
5.023020000000000351e+01 6.831958000000000000e+06
5.053869999999999862e+01 1.027746600000000000e+07
5.049759999999999849e+01 8.618060000000000000e+06
5.037420000000000186e+01 8.015465000000000000e+06
5.002450000000000330e+01 1.365782900000000000e+07
4.876979999999999649e+01 7.450429000000000000e+06
4.825549999999999784e+01 2.161901100000000000e+07
4.856410000000000338e+01 8.759200000000000000e+06
4.792640000000000100e+01 8.908643000000000000e+06
4.698310000000000031e+01 6.543760000000000000e+06
4.632679999999999865e+01 9.194057000000000000e+06
4.569109999999999872e+01 7.021628000000000000e+06
4.573210000000000264e+01 7.909330000000000000e+06
4.601919999999999789e+01 6.301121000000000000e+06
4.634729999999999706e+01 1.131286800000000000e+07
4.562960000000000349e+01 7.517928000000000000e+06
4.562960000000000349e+01 1.065078100000000000e+07
4.577309999999999945e+01 1.552437600000000000e+07
4.661390000000000100e+01 7.289836000000000000e+06
4.704460000000000264e+01 2.029627800000000000e+07
4.698310000000000031e+01 5.569061000000000000e+06
4.716760000000000019e+01 7.180247000000000000e+06
4.737270000000000181e+01 3.944616000000000000e+06
4.722919999999999874e+01 4.715503000000000000e+06
4.665489999999999782e+01 5.029072000000000000e+06
4.694210000000000349e+01 9.558013000000000000e+06
4.659340000000000259e+01 6.778017000000000000e+06
4.665489999999999782e+01 6.196441000000000000e+06
4.624479999999999791e+01 7.301365000000000000e+06
4.681900000000000261e+01 6.911442000000000000e+06
4.599869999999999948e+01 3.246630000000000000e+06
4.620380000000000109e+01 6.342088000000000000e+06
4.663439999999999941e+01 4.998225000000000000e+06
4.681900000000000261e+01 7.172901000000000000e+06
4.692150000000000176e+01 3.567716000000000000e+06
4.702409999999999712e+01 5.744492000000000000e+06
4.679849999999999710e+01 1.005251100000000000e+07
4.688049999999999784e+01 1.299797200000000000e+07
4.729070000000000107e+01 3.653375000000000000e+06
4.706510000000000105e+01 6.292268000000000000e+06
4.839809999999999945e+01 3.102392000000000000e+06
4.833659999999999712e+01 4.155733000000000000e+06
4.780340000000000344e+01 8.939026000000000000e+06
4.780340000000000344e+01 5.262452000000000000e+06
4.720870000000000033e+01 3.426878000000000000e+06
4.722919999999999874e+01 4.803206000000000000e+06
4.737270000000000181e+01 4.369726000000000000e+06
4.743419999999999703e+01 6.068178000000000000e+06
4.702409999999999712e+01 5.789990000000000000e+06
4.727020000000000266e+01 7.762958000000000000e+06
4.661390000000000100e+01 8.920398000000000000e+06
4.800849999999999795e+01 4.077750000000000000e+06
4.850059999999999860e+01 2.962841000000000000e+06
4.845960000000000178e+01 2.778720000000000000e+06
4.868520000000000181e+01 2.990533000000000000e+06
4.874669999999999703e+01 9.614956000000000000e+06
4.895179999999999865e+01 5.608895000000000000e+06
4.876720000000000255e+01 9.436387000000000000e+06
4.921840000000000259e+01 3.934322000000000000e+06
4.925939999999999941e+01 5.034340000000000000e+06
4.962859999999999872e+01 3.242566000000000000e+06
4.956700000000000017e+01 4.524039000000000000e+06
4.948499999999999943e+01 3.977877000000000000e+06
4.952600000000000335e+01 2.668324000000000000e+06
4.956700000000000017e+01 4.838999000000000000e+06
4.952600000000000335e+01 1.355380600000000000e+07
4.979260000000000019e+01 1.493749100000000000e+07
4.983350000000000080e+01 6.943875000000000000e+06
4.932229999999999848e+01 6.020106000000000000e+06
4.889289999999999736e+01 7.197267000000000000e+06
4.838170000000000215e+01 1.021597600000000000e+07
4.817719999999999914e+01 7.960417000000000000e+06
4.842260000000000275e+01 1.309172200000000000e+07
4.870879999999999654e+01 7.870720000000000000e+06
4.795219999999999771e+01 4.032273000000000000e+06
4.719559999999999889e+01 4.873043000000000000e+06
4.668439999999999657e+01 6.809498000000000000e+06
4.676619999999999777e+01 4.986610000000000000e+06
4.768639999999999901e+01 4.931570000000000000e+06
4.742060000000000031e+01 1.109904300000000000e+07
4.680709999999999837e+01 1.084130100000000000e+07
4.737969999999999970e+01 1.658448500000000000e+07
4.881110000000000326e+01 9.039529000000000000e+06
4.895420000000000016e+01 6.305015000000000000e+06
4.977219999999999800e+01 7.620235000000000000e+06
4.901559999999999917e+01 8.741885000000000000e+06
4.907690000000000197e+01 6.716566000000000000e+06
4.885199999999999676e+01 6.813920000000000000e+06
4.905649999999999977e+01 6.465480000000000000e+06
4.864750000000000085e+01 3.802009000000000000e+06
4.848389999999999844e+01 2.944496000000000000e+06
4.829990000000000094e+01 6.805778000000000000e+06
4.858610000000000184e+01 1.139614700000000000e+07
4.797270000000000323e+01 3.722692000000000000e+06
4.770680000000000121e+01 3.532257000000000000e+06
4.670490000000000208e+01 7.027328000000000000e+06
4.615270000000000294e+01 4.886465000000000000e+06
4.576420000000000243e+01 4.618979000000000000e+06
4.678670000000000329e+01 4.039771000000000000e+06
4.607099999999999795e+01 9.074638000000000000e+06
4.558019999999999783e+01 1.165601900000000000e+07
4.400560000000000116e+01 7.689675000000000000e+06
4.320810000000000173e+01 1.332460700000000000e+07
4.468039999999999878e+01 1.684612800000000000e+07
4.791129999999999711e+01 1.076926100000000000e+07
4.676619999999999777e+01 5.355169000000000000e+06
4.676619999999999777e+01 8.223028000000000000e+06
4.735920000000000130e+01 1.286869800000000000e+07
4.594830000000000325e+01 1.033408400000000000e+07
4.445550000000000068e+01 7.408127000000000000e+06
4.433279999999999887e+01 9.186147000000000000e+06
4.322860000000000014e+01 5.847454000000000000e+06
4.331040000000000134e+01 5.171218000000000000e+06
4.331040000000000134e+01 5.150169000000000000e+06
4.416919999999999646e+01 3.483490000000000000e+06
4.441460000000000008e+01 5.607073000000000000e+06
4.463949999999999818e+01 4.218341000000000000e+06
4.500759999999999650e+01 1.136086800000000000e+07
4.441460000000000008e+01 1.430413900000000000e+07
4.418970000000000198e+01 9.865553000000000000e+06
4.281960000000000122e+01 3.505628000000000000e+06
4.249240000000000350e+01 6.974863000000000000e+06
4.243110000000000070e+01 4.711858000000000000e+06
4.191989999999999839e+01 5.336908000000000000e+06
4.286050000000000182e+01 9.579009000000000000e+06
4.261509999999999820e+01 5.903676000000000000e+06
4.216519999999999868e+01 7.988399000000000000e+06
4.200169999999999959e+01 6.423022000000000000e+06
4.216519999999999868e+01 1.662080700000000000e+07
4.310589999999999833e+01 1.155503600000000000e+07
4.432880000000000109e+01 8.038817000000000000e+06
4.434909999999999997e+01 4.413958000000000000e+06
4.381920000000000215e+01 5.900857000000000000e+06
4.469559999999999889e+01 6.700919000000000000e+06
4.540890000000000271e+01 8.248650000000000000e+06
4.655030000000000001e+01 8.382209000000000000e+06
4.512360000000000326e+01 4.337257000000000000e+06
4.489939999999999998e+01 5.030736000000000000e+06
4.491980000000000217e+01 3.615482000000000000e+06
4.491980000000000217e+01 8.945894000000000000e+06
4.524589999999999890e+01 6.498630000000000000e+06
4.534779999999999944e+01 6.399194000000000000e+06
4.494019999999999726e+01 5.982588000000000000e+06
4.532739999999999725e+01 8.246684000000000000e+06
4.540890000000000271e+01 8.448563000000000000e+06
4.410459999999999781e+01 1.067811200000000000e+07
4.430839999999999890e+01 7.888321000000000000e+06
4.412489999999999668e+01 9.837343000000000000e+06
4.508279999999999887e+01 8.724957000000000000e+06
4.467519999999999669e+01 1.230474700000000000e+07
4.547010000000000218e+01 4.999820000000000000e+06
4.530700000000000216e+01 6.944411000000000000e+06
4.583689999999999998e+01 4.991924000000000000e+06
4.628529999999999944e+01 4.637963000000000000e+06
4.646880000000000166e+01 5.831638000000000000e+06
4.577579999999999671e+01 9.156110000000000000e+06
4.544969999999999999e+01 5.145419000000000000e+06
4.544969999999999999e+01 5.669361000000000000e+06
4.504209999999999781e+01 6.575715000000000000e+06
4.534779999999999944e+01 6.426224000000000000e+06
4.451219999999999999e+01 6.723665000000000000e+06
4.522549999999999670e+01 4.533924000000000000e+06
4.485869999999999891e+01 1.501080800000000000e+07
4.589809999999999945e+01 3.944091000000000000e+06
4.632609999999999673e+01 6.361250000000000000e+06
4.577579999999999671e+01 6.199317000000000000e+06
4.540890000000000271e+01 6.179470000000000000e+06
4.498089999999999833e+01 8.029747000000000000e+06
4.471600000000000108e+01 5.588455000000000000e+06
4.540890000000000271e+01 9.112874000000000000e+06
4.567390000000000327e+01 9.895771000000000000e+06
4.485869999999999891e+01 8.492325000000000000e+06
4.328929999999999723e+01 4.818229000000000000e+06
4.326890000000000214e+01 6.299742000000000000e+06
4.290330000000000155e+01 4.178675000000000000e+06
4.328929999999999723e+01 8.241766000000000000e+06
4.318769999999999953e+01 5.736627000000000000e+06
4.166409999999999769e+01 5.281798000000000000e+06
4.219230000000000302e+01 4.798708000000000000e+06
4.253759999999999764e+01 5.887482000000000000e+06
4.379710000000000036e+01 5.276453000000000000e+06
4.446750000000000114e+01 5.672125000000000000e+06
4.385799999999999699e+01 4.623666000000000000e+06
4.345179999999999865e+01 6.456949000000000000e+06
4.255789999999999651e+01 6.149347000000000000e+06
4.221260000000000190e+01 1.066458800000000000e+07
4.205010000000000048e+01 1.281594700000000000e+07
4.103439999999999799e+01 5.463173000000000000e+06
4.040469999999999828e+01 7.014725000000000000e+06
4.038430000000000319e+01 5.883960000000000000e+06
4.042499999999999716e+01 7.014741000000000000e+06
4.038430000000000319e+01 1.078434700000000000e+07
3.983590000000000231e+01 8.724414000000000000e+06
4.001870000000000260e+01 9.608177000000000000e+06
3.857639999999999958e+01 7.936087000000000000e+06
3.766230000000000189e+01 8.639255000000000000e+06
3.626059999999999661e+01 1.150314400000000000e+07
3.672780000000000200e+01 7.018750000000000000e+06
3.583400000000000318e+01 7.447060000000000000e+06
3.550900000000000034e+01 1.040022000000000000e+07
3.575269999999999726e+01 6.925084000000000000e+06
3.674810000000000088e+01 7.193823000000000000e+06
3.536679999999999779e+01 6.260573000000000000e+06
3.510269999999999868e+01 7.145955000000000000e+06
3.648400000000000176e+01 5.924675000000000000e+06
3.617929999999999779e+01 8.567723000000000000e+06
3.489950000000000330e+01 9.489277000000000000e+06
3.640279999999999916e+01 7.270812000000000000e+06
3.756069999999999709e+01 9.378932000000000000e+06
3.538709999999999667e+01 8.602029000000000000e+06
3.711379999999999768e+01 8.350102000000000000e+06
3.729659999999999798e+01 1.569631300000000000e+07
3.603710000000000235e+01 1.759657700000000000e+07
3.516360000000000241e+01 7.259385000000000000e+06
3.605740000000000123e+01 1.204166000000000000e+07
3.737789999999999679e+01 1.194535000000000000e+07
3.766230000000000189e+01 1.030602100000000000e+07
3.973429999999999751e+01 7.186572000000000000e+06
3.908420000000000272e+01 8.763754000000000000e+06
3.890140000000000242e+01 7.050748000000000000e+06
3.910459999999999781e+01 2.675704100000000000e+07
4.062810000000000343e+01 1.428902000000000000e+07
4.286269999999999669e+01 4.545893000000000000e+06
4.284230000000000160e+01 7.207030000000000000e+06
4.347209999999999752e+01 3.463944000000000000e+06
4.387839999999999918e+01 3.292126000000000000e+06
4.426429999999999865e+01 2.602941000000000000e+06
4.424399999999999977e+01 3.075277000000000000e+06
4.442680000000000007e+01 1.471950000000000000e+06
4.477219999999999800e+01 7.377581000000000000e+06
4.420340000000000202e+01 1.010358300000000000e+07
4.341109999999999758e+01 8.442340000000000000e+06
4.359400000000000119e+01 7.672412000000000000e+06
4.493469999999999942e+01 7.136750000000000000e+06
4.560510000000000019e+01 1.908654900000000000e+07
4.335020000000000095e+01 7.063971000000000000e+06
4.322829999999999728e+01 1.132408700000000000e+07
4.428459999999999752e+01 7.441038000000000000e+06
4.487369999999999948e+01 7.734925000000000000e+06
4.416279999999999717e+01 1.091061900000000000e+07
4.574730000000000274e+01 4.077831000000000000e+06
4.605199999999999960e+01 6.036167000000000000e+06
4.682390000000000185e+01 4.365370000000000000e+06
4.639730000000000132e+01 6.154034000000000000e+06
4.731139999999999901e+01 4.246092000000000000e+06
4.792090000000000316e+01 3.913812000000000000e+06
4.716919999999999646e+01 5.037071000000000000e+06
4.733169999999999789e+01 1.860365000000000000e+06
4.741299999999999670e+01 5.028650000000000000e+06
4.763649999999999807e+01 6.001729000000000000e+06
4.787950000000000017e+01 3.708832000000000000e+06
4.763649999999999807e+01 4.342002000000000000e+06
4.759599999999999653e+01 4.704354000000000000e+06
4.741369999999999862e+01 1.161228000000000000e+07
4.688709999999999667e+01 1.355985500000000000e+07
4.828459999999999752e+01 2.152341700000000000e+07
4.945929999999999893e+01 5.170809000000000000e+06
5.087700000000000244e+01 4.403659000000000000e+06
5.184920000000000329e+01 3.260906000000000000e+06
5.205169999999999675e+01 3.948545000000000000e+06
5.152510000000000190e+01 4.035690000000000000e+06
5.193019999999999925e+01 3.107227000000000000e+06
5.199099999999999966e+01 3.642518000000000000e+06
5.146439999999999770e+01 4.555367000000000000e+06
5.178840000000000288e+01 5.924369000000000000e+06
5.122129999999999939e+01 4.685738000000000000e+06
5.061370000000000147e+01 3.704567000000000000e+06
5.093780000000000285e+01 5.614801000000000000e+06
5.081629999999999825e+01 1.758777900000000000e+07
5.126189999999999714e+01 9.726756000000000000e+06
5.063400000000000034e+01 4.858293000000000000e+06
4.974280000000000257e+01 1.063586000000000000e+07
5.107959999999999923e+01 6.659066000000000000e+06
4.972259999999999991e+01 4.376942000000000000e+06
5.047200000000000131e+01 6.168390000000000000e+06
4.895289999999999964e+01 4.094874000000000000e+06
4.905420000000000158e+01 6.519123000000000000e+06
4.998590000000000089e+01 8.360395000000000000e+06
4.945929999999999893e+01 5.490614000000000000e+06
5.063400000000000034e+01 5.772708000000000000e+06
5.107959999999999923e+01 3.716090000000000000e+06
5.105930000000000035e+01 5.730132000000000000e+06
5.041120000000000090e+01 6.964028000000000000e+06
4.903399999999999892e+01 6.316588000000000000e+06
4.818330000000000268e+01 4.212995000000000000e+06
4.852759999999999962e+01 6.021684000000000000e+06
4.775800000000000267e+01 3.450023400000000000e+07
4.755539999999999878e+01 1.635406400000000000e+07
4.646170000000000044e+01 9.704404000000000000e+06
4.435540000000000305e+01 6.129563000000000000e+06
4.463889999999999958e+01 7.782311000000000000e+06
4.676559999999999917e+01 6.071237000000000000e+06
4.696809999999999974e+01 7.021010000000000000e+06
4.731239999999999668e+01 6.472459000000000000e+06
4.796050000000000324e+01 6.185475000000000000e+06
4.866940000000000310e+01 5.597371000000000000e+06
4.852759999999999962e+01 1.384282300000000000e+07
5.148460000000000036e+01 4.515027000000000000e+06
5.158590000000000231e+01 7.299416000000000000e+06
5.065420000000000300e+01 1.373602600000000000e+07
5.158590000000000231e+01 5.181866000000000000e+06
5.182900000000000063e+01 4.810723000000000000e+06
5.156569999999999965e+01 8.010515000000000000e+06
5.144409999999999883e+01 8.626620000000000000e+06
5.134290000000000020e+01 5.023561000000000000e+06
4.982379999999999853e+01 7.200441000000000000e+06
5.006689999999999685e+01 5.800291000000000000e+06
4.939849999999999852e+01 4.540975000000000000e+06
4.881119999999999948e+01 4.392834000000000000e+06
5.028970000000000340e+01 4.370716000000000000e+06
5.071500000000000341e+01 4.425147000000000000e+06
5.039090000000000202e+01 8.969226000000000000e+06
4.927700000000000102e+01 6.732292000000000000e+06
4.767699999999999960e+01 1.162096200000000000e+07
4.800099999999999767e+01 6.758664000000000000e+06
4.962129999999999797e+01 6.095529000000000000e+06
5.055299999999999727e+01 6.672472000000000000e+06
5.207200000000000273e+01 4.334815000000000000e+06
5.233529999999999660e+01 2.480939000000000000e+06
5.269989999999999952e+01 3.930884000000000000e+06
5.188969999999999771e+01 4.494424000000000000e+06
5.233529999999999660e+01 5.553027000000000000e+06
5.233529999999999660e+01 6.405328000000000000e+06
5.235549999999999926e+01 5.998204000000000000e+06
5.294129999999999825e+01 8.656670000000000000e+06
5.233529999999999660e+01 9.034890000000000000e+06
5.189090000000000202e+01 1.564542000000000000e+07
5.207269999999999754e+01 1.801426900000000000e+07
5.284029999999999916e+01 7.583737000000000000e+06
5.358760000000000190e+01 4.941645000000000000e+06
5.423400000000000176e+01 9.038312000000000000e+06
5.360779999999999745e+01 1.553809200000000000e+07
5.597109999999999985e+01 1.932458900000000000e+07
5.350679999999999836e+01 8.378395000000000000e+06
5.352700000000000102e+01 9.579672000000000000e+06
5.419360000000000355e+01 1.207422000000000000e+07
5.463799999999999812e+01 1.466157100000000000e+07
5.653670000000000329e+01 4.087436000000000000e+06
5.659729999999999706e+01 5.735158000000000000e+06
5.720320000000000249e+01 3.898549000000000000e+06
5.710220000000000340e+01 5.162189000000000000e+06
5.706179999999999808e+01 5.689722000000000000e+06
5.683959999999999724e+01 5.317264000000000000e+06
5.732439999999999714e+01 4.743595000000000000e+06
5.690019999999999811e+01 6.683912000000000000e+06
5.633469999999999800e+01 6.945404000000000000e+06
5.510249999999999915e+01 5.756148000000000000e+06
5.496110000000000184e+01 6.418096000000000000e+06
5.625390000000000157e+01 6.217495000000000000e+06
5.615290000000000248e+01 5.508273000000000000e+06
5.611249999999999716e+01 3.384746000000000000e+06
5.611249999999999716e+01 5.444055000000000000e+06
5.564789999999999992e+01 5.600845000000000000e+06
5.520349999999999824e+01 8.314954000000000000e+06
5.671840000000000259e+01 2.597579100000000000e+07
5.653670000000000329e+01 8.879200000000000000e+06
5.651650000000000063e+01 6.107406000000000000e+06
5.675880000000000081e+01 1.005877300000000000e+07
5.669830000000000325e+01 1.110375600000000000e+07
5.673859999999999815e+01 1.381233600000000000e+07
5.728399999999999892e+01 3.793558400000000000e+07
5.641550000000000153e+01 2.541180300000000000e+07
5.661749999999999972e+01 1.505775000000000000e+07
5.740520000000000067e+01 1.460894700000000000e+07
5.776879999999999882e+01 7.951637000000000000e+06
5.817280000000000229e+01 7.779763000000000000e+06
5.791020000000000323e+01 1.141060200000000000e+07
5.894030000000000058e+01 1.012815600000000000e+07
5.809199999999999875e+01 1.454746300000000000e+07
5.936449999999999960e+01 6.313104000000000000e+06
5.912210000000000321e+01 5.204663000000000000e+06
5.916250000000000142e+01 6.897566000000000000e+06
5.896050000000000324e+01 5.889283000000000000e+06
5.892009999999999792e+01 7.100214000000000000e+06
5.849600000000000222e+01 9.166680000000000000e+06
5.940489999999999782e+01 6.351697000000000000e+06
5.944530000000000314e+01 6.556613000000000000e+06
5.892009999999999792e+01 6.175383000000000000e+06
5.928370000000000317e+01 7.422209000000000000e+06
5.914229999999999876e+01 2.035050200000000000e+07
5.982909999999999684e+01 4.282235000000000000e+06
5.976850000000000307e+01 4.895604000000000000e+06
5.960690000000000310e+01 7.082403000000000000e+06
5.958670000000000044e+01 1.028399600000000000e+07
5.958670000000000044e+01 1.280893200000000000e+07
5.879890000000000327e+01 5.932806000000000000e+06
5.944530000000000314e+01 6.350069000000000000e+06
5.997050000000000125e+01 2.605880500000000000e+07
6.079860000000000042e+01 4.186214000000000000e+06
5.954630000000000223e+01 3.141240000000000000e+06
5.869789999999999708e+01 3.435167000000000000e+06
5.865749999999999886e+01 2.890603000000000000e+06
5.936449999999999960e+01 3.076959000000000000e+06
6.025330000000000297e+01 5.058567000000000000e+06
5.849600000000000222e+01 7.941525000000000000e+06
6.011189999999999856e+01 1.243355100000000000e+07
5.946549999999999869e+01 5.894394000000000000e+06
5.986950000000000216e+01 4.394574000000000000e+06
6.116219999999999857e+01 1.971993000000000000e+06
6.122279999999999944e+01 2.911223000000000000e+06
6.063700000000000045e+01 3.220543000000000000e+06
6.081880000000000308e+01 2.957207000000000000e+06
6.031380000000000052e+01 3.896397000000000000e+06
5.978869999999999862e+01 3.627490000000000000e+06
6.031380000000000052e+01 4.042301000000000000e+06
6.102080000000000126e+01 2.806585000000000000e+06
6.114200000000000301e+01 2.740407000000000000e+06
6.156620000000000203e+01 3.277999000000000000e+06
6.251550000000000296e+01 5.796922000000000000e+06
6.281850000000000023e+01 8.614182000000000000e+06
6.162680000000000291e+01 1.177215800000000000e+07
5.896050000000000324e+01 3.527517000000000000e+06
5.982909999999999684e+01 6.363698000000000000e+06
5.930389999999999873e+01 7.102586000000000000e+06
5.914229999999999876e+01 4.735920000000000000e+06
5.982909999999999684e+01 1.048604100000000000e+07
5.984929999999999950e+01 5.191417000000000000e+06
6.009170000000000300e+01 9.734294000000000000e+06
5.894030000000000058e+01 1.016693500000000000e+07
5.807180000000000319e+01 7.530802000000000000e+06
5.954630000000000223e+01 6.528473000000000000e+06
5.952609999999999957e+01 4.170706000000000000e+06
5.920289999999999964e+01 6.828148000000000000e+06
5.950589999999999691e+01 3.475498000000000000e+06
5.918269999999999698e+01 3.256273000000000000e+06
5.835459999999999781e+01 3.540833000000000000e+06
5.853629999999999711e+01 5.383498000000000000e+06
5.685979999999999990e+01 8.205337000000000000e+06
5.718299999999999983e+01 4.749568000000000000e+06
5.663770000000000238e+01 5.903584000000000000e+06
5.637510000000000332e+01 6.025828000000000000e+06
5.712239999999999895e+01 3.707205000000000000e+06
5.704160000000000252e+01 5.468608000000000000e+06
5.863730000000000331e+01 3.970410000000000000e+06
5.849600000000000222e+01 9.299985000000000000e+06
5.912210000000000321e+01 8.480956000000000000e+06
5.831419999999999959e+01 4.167135000000000000e+06
5.710220000000000340e+01 4.732380000000000000e+06
5.657710000000000150e+01 6.084094000000000000e+06
5.639529999999999887e+01 5.519377000000000000e+06
5.613269999999999982e+01 5.164388000000000000e+06
5.639529999999999887e+01 4.471574000000000000e+06
5.726380000000000337e+01 3.926742000000000000e+06
5.726380000000000337e+01 5.193475000000000000e+06
5.764759999999999707e+01 9.203231000000000000e+06
5.786979999999999791e+01 5.739512000000000000e+06
5.770819999999999794e+01 6.523766000000000000e+06
5.744559999999999889e+01 8.340763000000000000e+06
5.688000000000000256e+01 1.357736600000000000e+07
5.546609999999999729e+01 6.531724000000000000e+06
5.350679999999999836e+01 4.925780000000000000e+06
5.324419999999999931e+01 9.324509000000000000e+06
5.427439999999999998e+01 2.435724000000000000e+06
5.318359999999999843e+01 4.814362000000000000e+06
5.366839999999999833e+01 3.462157000000000000e+06
5.275950000000000273e+01 6.298807000000000000e+06
5.245649999999999835e+01 3.451170000000000000e+06
5.328459999999999752e+01 5.546904000000000000e+06
5.342600000000000193e+01 6.516675000000000000e+06
5.346640000000000015e+01 2.871044000000000000e+06
5.435520000000000351e+01 3.315797000000000000e+06
5.364820000000000277e+01 3.064212000000000000e+06
5.401180000000000092e+01 5.487024000000000000e+06
5.227470000000000283e+01 2.429165000000000000e+06
5.207269999999999754e+01 3.059194000000000000e+06
5.223429999999999751e+01 2.638786000000000000e+06
5.170909999999999940e+01 2.376303000000000000e+06
5.237570000000000192e+01 4.027492000000000000e+06
5.181009999999999849e+01 5.942513000000000000e+06
5.140610000000000213e+01 3.428268000000000000e+06
5.193130000000000024e+01 4.229687000000000000e+06
5.245649999999999835e+01 4.306067000000000000e+06
5.104260000000000019e+01 4.595307000000000000e+06
5.023460000000000036e+01 7.023332000000000000e+06
5.069919999999999760e+01 4.334203000000000000e+06
5.239589999999999748e+01 3.676718000000000000e+06
5.269890000000000185e+01 2.289146000000000000e+06
5.269890000000000185e+01 1.691874000000000000e+06
5.273930000000000007e+01 2.438249000000000000e+06
5.308270000000000266e+01 6.454580000000000000e+05
5.294129999999999825e+01 1.153024000000000000e+06
5.271909999999999741e+01 3.795107000000000000e+06
5.251709999999999923e+01 3.736473000000000000e+06
5.288069999999999737e+01 6.203570000000000000e+06
5.225450000000000017e+01 4.816153000000000000e+06
5.110320000000000107e+01 6.006114000000000000e+06
4.997200000000000131e+01 8.850155000000000000e+06
5.114359999999999928e+01 9.258414000000000000e+06
5.225450000000000017e+01 3.512387000000000000e+06
5.304229999999999734e+01 3.265227000000000000e+06
5.249689999999999657e+01 2.987970000000000000e+06
5.298169999999999646e+01 3.145097000000000000e+06
5.320380000000000109e+01 2.175650000000000000e+06
5.336540000000000106e+01 4.639081000000000000e+06
5.251709999999999923e+01 9.241183000000000000e+06
5.239589999999999748e+01 4.579813000000000000e+06
5.152729999999999677e+01 5.387642000000000000e+06
5.136569999999999681e+01 5.558891000000000000e+06
5.296150000000000091e+01 1.541207000000000000e+06
5.255749999999999744e+01 2.681151000000000000e+06
5.282009999999999650e+01 4.641540000000000000e+06
5.211310000000000286e+01 4.188181000000000000e+06
5.154749999999999943e+01 5.633026000000000000e+06
5.140610000000000213e+01 4.979993000000000000e+06
5.154749999999999943e+01 2.756870000000000000e+06
5.172930000000000206e+01 3.771944000000000000e+06
5.134550000000000125e+01 3.218223000000000000e+06
5.213329999999999842e+01 9.078698000000000000e+06
5.124459999999999837e+01 5.902161000000000000e+06
5.114359999999999928e+01 4.473212000000000000e+06
5.092139999999999844e+01 5.919341000000000000e+06
5.078000000000000114e+01 5.144899000000000000e+06
5.043659999999999854e+01 4.882567000000000000e+06
5.059819999999999851e+01 7.923302000000000000e+06
5.057800000000000296e+01 1.497968500000000000e+07
4.968919999999999959e+01 5.051735300000000000e+07
5.100220000000000198e+01 5.689826000000000000e+06
5.098199999999999932e+01 7.106901000000000000e+06
5.051740000000000208e+01 4.308936000000000000e+06
4.960840000000000316e+01 3.357133000000000000e+06
4.920450000000000301e+01 4.893655000000000000e+06
4.884089999999999776e+01 1.899375000000000000e+06
4.896209999999999951e+01 1.562054000000000000e+06
4.855810000000000315e+01 2.760298000000000000e+06
4.849750000000000227e+01 3.547824000000000000e+06
4.950739999999999696e+01 4.565226000000000000e+06
4.770969999999999800e+01 4.764207000000000000e+06
4.607359999999999900e+01 6.644847000000000000e+06
4.415469999999999828e+01 1.101023700000000000e+07
4.364979999999999905e+01 1.146618800000000000e+07
4.449810000000000088e+01 6.173023000000000000e+06
4.451830000000000354e+01 8.724649000000000000e+06
4.599280000000000257e+01 5.415322000000000000e+06
4.720479999999999876e+01 4.585309000000000000e+06
4.831569999999999965e+01 3.699013000000000000e+06
4.843690000000000140e+01 2.927276000000000000e+06
4.890149999999999864e+01 4.336683000000000000e+06
4.912369999999999948e+01 1.356833000000000000e+06
4.843690000000000140e+01 4.383673000000000000e+06
4.847729999999999961e+01 7.833668000000000000e+06
4.974980000000000047e+01 5.410330000000000000e+06
4.958820000000000050e+01 2.909720000000000000e+06
5.013360000000000127e+01 3.872566000000000000e+06
4.948729999999999762e+01 4.509474000000000000e+06
4.989119999999999777e+01 3.154199000000000000e+06
4.987100000000000222e+01 4.417574000000000000e+06
5.011339999999999861e+01 4.507389000000000000e+06
4.999219999999999686e+01 4.636300000000000000e+06
4.995179999999999865e+01 3.630000000000000000e+06
5.051740000000000208e+01 5.458700000000000000e+06
4.979019999999999868e+01 3.902700000000000000e+06
4.873989999999999867e+01 3.490400000000000000e+06
4.928529999999999944e+01 5.286900000000000000e+06
5.017399999999999949e+01 6.763900000000000000e+06
5.106280000000000285e+01 3.606500000000000000e+06
5.152729999999999677e+01 3.120400000000000000e+06
5.187069999999999936e+01 1.194900000000000000e+06
5.203229999999999933e+01 3.295700000000000000e+06
5.118399999999999750e+01 3.269700000000000000e+06
5.106280000000000285e+01 4.540000000000000000e+06
5.142629999999999768e+01 2.762800000000000000e+06
5.114359999999999928e+01 1.083750000000000000e+07
5.183030000000000115e+01 2.809300000000000000e+06
5.203229999999999933e+01 2.653100000000000000e+06
5.181009999999999849e+01 1.973700000000000000e+06
5.195150000000000290e+01 2.676100000000000000e+06
5.178990000000000293e+01 1.943100000000000000e+06
5.158789999999999765e+01 2.503300000000000000e+06
5.138589999999999947e+01 3.353600000000000000e+06
5.071940000000000026e+01 2.254800000000000000e+06
5.047699999999999676e+01 2.201900000000000000e+06
4.983059999999999690e+01 2.513200000000000000e+06
4.995179999999999865e+01 1.896500000000000000e+06
4.946710000000000207e+01 2.444100000000000000e+06
4.869950000000000045e+01 1.415000000000000000e+06
4.859850000000000136e+01 1.661000000000000000e+06
4.789150000000000063e+01 3.243700000000000000e+06
4.783089999999999975e+01 4.595000000000000000e+06
4.736639999999999873e+01 6.017200000000000000e+06
4.791170000000000329e+01 5.698300000000000000e+06
4.884089999999999776e+01 3.417200000000000000e+06
4.906309999999999860e+01 9.589500000000000000e+06
4.890149999999999864e+01 5.578100000000000000e+06
4.985079999999999956e+01 6.228000000000000000e+06
5.045680000000000121e+01 3.460900000000000000e+06
5.098199999999999932e+01 2.346300000000000000e+06
5.106280000000000285e+01 1.888300000000000000e+06
5.108299999999999841e+01 6.865700000000000000e+06
5.152729999999999677e+01 6.306400000000000000e+06
5.075979999999999848e+01 4.151000000000000000e+06
5.015379999999999683e+01 4.887800000000000000e+06
4.958820000000000050e+01 3.735700000000000000e+06
4.861869999999999692e+01 6.550200000000000000e+06
4.964880000000000138e+01 2.699900000000000000e+06
4.962859999999999872e+01 3.936000000000000000e+06
4.940650000000000119e+01 4.914100000000000000e+06
4.912369999999999948e+01 2.840900000000000000e+06
4.952759999999999962e+01 3.834500000000000000e+06
4.993160000000000309e+01 5.812900000000000000e+06
4.886110000000000042e+01 6.014900000000000000e+06
4.948729999999999762e+01 7.704000000000000000e+06
5.009320000000000306e+01 1.124930000000000000e+07
4.819449999999999790e+01 6.773000000000000000e+06
4.772990000000000066e+01 1.028090000000000000e+07
4.706340000000000146e+01 6.576200000000000000e+06
4.607359999999999900e+01 1.408240000000000000e+07
4.617459999999999809e+01 1.553960000000000000e+07
4.637660000000000338e+01 5.609190000000000000e+07
4.544749999999999801e+01 1.121360000000000000e+07
4.512429999999999808e+01 3.232600000000000000e+06
4.496269999999999811e+01 3.375100000000000000e+06
4.510410000000000252e+01 2.666000000000000000e+06
4.514450000000000074e+01 2.873500000000000000e+06
4.512429999999999808e+01 2.552200000000000000e+06
4.486169999999999902e+01 5.363400000000000000e+06
4.502329999999999899e+01 4.255300000000000000e+06
4.540709999999999980e+01 3.726100000000000000e+06
4.607359999999999900e+01 7.533200000000000000e+06
4.732600000000000051e+01 2.774000000000000000e+06
4.704319999999999879e+01 2.534800000000000000e+06
4.702300000000000324e+01 2.534900000000000000e+06
4.649779999999999802e+01 1.803600000000000000e+06
4.599280000000000257e+01 1.366000000000000000e+06
4.587169999999999703e+01 3.046400000000000000e+06
4.601299999999999812e+01 2.467400000000000000e+06
4.568990000000000151e+01 2.611300000000000000e+06
4.480109999999999815e+01 1.504000000000000000e+06
4.445770000000000266e+01 2.163200000000000000e+06
4.492229999999999990e+01 2.390200000000000000e+06
4.453849999999999909e+01 1.083000000000000000e+06
4.441729999999999734e+01 2.056900000000000000e+06
4.413450000000000273e+01 3.843000000000000000e+06
4.324580000000000268e+01 2.789100000000000000e+06
4.425569999999999737e+01 1.991300000000000000e+06
4.417490000000000094e+01 2.521600000000000000e+06
4.423550000000000182e+01 3.737500000000000000e+06
4.554849999999999710e+01 2.445500000000000000e+06
4.645739999999999981e+01 2.254200000000000000e+06
4.641700000000000159e+01 3.256000000000000000e+06
4.659879999999999711e+01 7.102200000000000000e+06
4.573029999999999973e+01 2.488800000000000000e+06
4.577069999999999794e+01 2.130100000000000000e+06
4.476069999999999993e+01 1.401900000000000000e+06
4.476069999999999993e+01 8.431000000000000000e+05
4.453849999999999909e+01 2.033600000000000000e+06
4.459909999999999997e+01 1.437500000000000000e+06
4.409420000000000073e+01 1.889700000000000000e+06
4.259940000000000282e+01 2.652900000000000000e+06
4.316499999999999915e+01 1.283900000000000000e+06
4.308420000000000272e+01 4.205000000000000000e+05
4.342759999999999820e+01 6.204000000000000000e+05
4.340740000000000265e+01 9.642000000000000000e+05
4.344780000000000086e+01 1.050100000000000000e+06
4.334680000000000177e+01 1.022200000000000000e+06
4.397299999999999898e+01 1.652200000000000000e+06
4.362960000000000349e+01 1.075200000000000000e+06
4.318520000000000181e+01 9.952000000000000000e+05
4.312460000000000093e+01 1.057600000000000000e+06
4.292260000000000275e+01 1.559800000000000000e+06
4.278119999999999834e+01 1.083400000000000000e+06
4.344780000000000086e+01 1.774600000000000000e+06
4.314479999999999649e+01 1.408000000000000000e+06
4.316499999999999915e+01 1.424700000000000000e+06
4.360940000000000083e+01 5.678500000000000000e+06
4.447789999999999822e+01 1.968600000000000000e+06
4.538689999999999714e+01 2.178300000000000000e+06
4.554849999999999710e+01 2.159800000000000000e+06
4.492229999999999990e+01 1.004850000000000000e+07
4.494250000000000256e+01 4.253900000000000000e+06
4.490209999999999724e+01 1.375900000000000000e+06
4.512429999999999808e+01 1.604600000000000000e+06
4.540709999999999980e+01 1.604200000000000000e+06
4.597259999999999991e+01 1.982300000000000000e+06
4.643719999999999715e+01 6.210900000000000000e+06
4.478090000000000259e+01 1.339400000000000000e+06
4.496269999999999811e+01 1.504900000000000000e+06
4.558890000000000242e+01 1.390800000000000000e+06
4.467990000000000350e+01 7.577000000000000000e+05
4.449810000000000088e+01 1.249800000000000000e+06
4.453849999999999909e+01 2.037000000000000000e+06
4.514450000000000074e+01 1.618300000000000000e+06
4.465970000000000084e+01 1.714300000000000000e+06
4.520510000000000161e+01 1.892000000000000000e+06
4.587169999999999703e+01 1.318100000000000000e+06
4.540709999999999980e+01 1.400300000000000000e+06
4.599280000000000257e+01 1.372200000000000000e+06
4.556869999999999976e+01 4.734000000000000000e+06
4.542730000000000246e+01 1.388700000000000000e+06
4.516470000000000340e+01 1.991600000000000000e+06
4.542730000000000246e+01 4.489400000000000000e+06
4.552830000000000155e+01 2.199800000000000000e+06
4.518489999999999895e+01 1.689200000000000000e+06
4.496269999999999811e+01 1.525000000000000000e+06
4.474049999999999727e+01 2.392800000000000000e+06
4.340740000000000265e+01 1.235500000000000000e+06
4.348819999999999908e+01 9.050000000000000000e+05
4.395280000000000342e+01 1.264400000000000000e+06
4.443750000000000000e+01 1.329400000000000000e+06
4.433650000000000091e+01 1.131900000000000000e+06
4.421529999999999916e+01 8.960000000000000000e+05
4.381139999999999901e+01 1.318300000000000000e+06
4.324580000000000268e+01 1.154100000000000000e+06
4.373060000000000258e+01 1.052700000000000000e+06
4.282159999999999656e+01 6.035000000000000000e+05
4.201370000000000005e+01 1.425700000000000000e+06
4.247820000000000107e+01 1.715000000000000000e+06
4.231660000000000110e+01 2.288000000000000000e+06
4.373060000000000258e+01 8.795000000000000000e+05
4.375079999999999814e+01 1.067600000000000000e+06
4.375079999999999814e+01 8.985000000000000000e+05
4.423550000000000182e+01 1.408100000000000000e+06
4.441729999999999734e+01 2.256400000000000000e+06
4.534649999999999892e+01 1.828400000000000000e+06
4.577069999999999794e+01 1.920800000000000000e+06
4.536670000000000158e+01 2.931600000000000000e+06
4.427590000000000003e+01 2.627000000000000000e+06
4.494250000000000256e+01 5.545100000000000000e+06
4.435669999999999646e+01 2.318800000000000000e+06
4.425569999999999737e+01 1.878100000000000000e+06
4.463949999999999818e+01 2.568300000000000000e+06
4.387199999999999989e+01 1.494300000000000000e+06
4.381139999999999901e+01 1.666900000000000000e+06
4.417490000000000094e+01 9.431000000000000000e+05
4.449810000000000088e+01 2.368500000000000000e+06
4.443750000000000000e+01 4.088800000000000000e+06
4.443750000000000000e+01 2.405600000000000000e+06
4.445770000000000266e+01 9.465000000000000000e+05
4.415469999999999828e+01 3.619300000000000000e+06
4.494250000000000256e+01 2.327600000000000000e+06
4.421529999999999916e+01 1.789000000000000000e+06
4.362960000000000349e+01 2.237300000000000000e+06
4.383160000000000167e+01 2.686500000000000000e+06
4.344780000000000086e+01 2.532300000000000000e+06
4.354879999999999995e+01 2.504900000000000000e+06
4.429610000000000269e+01 2.041400000000000000e+06
4.500310000000000343e+01 3.014600000000000000e+06
4.409420000000000073e+01 5.864300000000000000e+06
4.405380000000000251e+01 4.748000000000000000e+06
4.346800000000000352e+01 9.680700000000000000e+06
4.463949999999999818e+01 2.513400000000000000e+06
4.342759999999999820e+01 2.654360000000000000e+07
