9.390000000000000568e+00 6.854338000000000000e+06
9.580000000000000071e+00 1.150993600000000000e+07
9.710000000000000853e+00 9.299947000000000000e+06
1.005000000000000071e+01 1.007732000000000000e+07
9.820000000000000284e+00 1.254836700000000000e+07
1.052999999999999936e+01 1.307678500000000000e+07
9.390000000000000568e+00 1.642084900000000000e+07
8.939999999999999503e+00 1.248479600000000000e+07
7.830000000000000071e+00 1.230702500000000000e+07
8.630000000000000782e+00 1.996118700000000000e+07
9.109999999999999432e+00 1.768290800000000000e+07
8.529999999999999361e+00 1.634942200000000000e+07
8.269999999999999574e+00 1.620419300000000000e+07
8.349999999999999645e+00 2.067433300000000000e+07
9.859999999999999432e+00 1.395625200000000000e+07
9.119999999999999218e+00 1.606118000000000000e+07
1.057000000000000028e+01 1.569194800000000000e+07
1.151999999999999957e+01 1.468351000000000000e+07
1.102519999999999989e+01 1.491366900000000000e+07
1.186640000000000050e+01 1.616379700000000000e+07
1.166849999999999987e+01 1.761446000000000000e+07
1.213359999999999950e+01 2.621191000000000000e+07
1.246020000000000039e+01 1.527720700000000000e+07
1.275709999999999944e+01 1.553631600000000000e+07
1.265809999999999924e+01 2.326284800000000000e+07
1.245030000000000037e+01 1.231130500000000000e+07
1.290559999999999974e+01 1.024194900000000000e+07
1.319260000000000055e+01 1.124430200000000000e+07
1.356869999999999976e+01 1.104513200000000000e+07
1.403379999999999939e+01 8.480171000000000000e+06
1.432080000000000020e+01 9.141294000000000000e+06
1.432080000000000020e+01 7.303095000000000000e+06
1.423179999999999978e+01 5.494811000000000000e+06
1.429110000000000014e+01 8.114899000000000000e+06
1.454850000000000065e+01 9.028524000000000000e+06
1.487509999999999977e+01 7.822328000000000000e+06
1.471669999999999945e+01 4.977554000000000000e+06
1.461769999999999925e+01 6.762825000000000000e+06
1.458799999999999919e+01 6.361022000000000000e+06
1.476619999999999955e+01 6.328861000000000000e+06
1.473649999999999949e+01 7.683701000000000000e+06
1.427130000000000010e+01 8.307908000000000000e+06
1.399419999999999931e+01 9.186213000000000000e+06
1.378640000000000043e+01 1.220427300000000000e+07
1.427130000000000010e+01 6.938012000000000000e+06
1.427130000000000010e+01 7.123723000000000000e+06
1.446930000000000049e+01 6.350758000000000000e+06
1.437030000000000030e+01 1.159929600000000000e+07
1.460779999999999923e+01 9.582689000000000000e+06
1.500370000000000026e+01 6.112072000000000000e+06
1.487509999999999977e+01 1.211630500000000000e+07
1.474639999999999951e+01 1.332755600000000000e+07
1.494430000000000014e+01 1.872718800000000000e+07
1.560740000000000016e+01 6.821809000000000000e+06
1.533029999999999937e+01 6.933864000000000000e+06
1.537979999999999947e+01 7.669061000000000000e+06
1.538969999999999949e+01 1.012381200000000000e+07
1.531049999999999933e+01 7.536832000000000000e+06
1.550849999999999973e+01 1.066853800000000000e+07
1.559750000000000014e+01 7.624924000000000000e+06
1.547879999999999967e+01 8.549434000000000000e+06
1.555790000000000006e+01 9.142544000000000000e+06
1.560740000000000016e+01 7.802137000000000000e+06
1.600329999999999941e+01 8.600297000000000000e+06
1.569650000000000034e+01 7.338534000000000000e+06
1.561730000000000018e+01 1.015545300000000000e+07
1.573610000000000042e+01 7.395400000000000000e+06
1.579550000000000054e+01 3.502080000000000000e+06
1.575590000000000046e+01 2.022554000000000000e+06
1.567670000000000030e+01 1.009369700000000000e+07
1.541939999999999955e+01 1.950429100000000000e+07
1.557770000000000010e+01 1.061488200000000000e+07
1.574600000000000044e+01 1.068861900000000000e+07
1.567670000000000030e+01 8.874651000000000000e+06
1.591419999999999924e+01 6.902463000000000000e+06
1.586469999999999914e+01 7.430565000000000000e+06
1.623089999999999833e+01 9.032499000000000000e+06
1.570640000000000036e+01 6.709211000000000000e+06
1.567670000000000030e+01 6.885017000000000000e+06
1.560790000000000077e+01 6.715491000000000000e+06
1.562759999999999927e+01 5.307342000000000000e+06
1.564719999999999978e+01 8.002371000000000000e+06
1.546059999999999945e+01 5.239366000000000000e+06
1.533290000000000042e+01 6.587639000000000000e+06
1.548029999999999973e+01 9.736316000000000000e+06
1.554899999999999949e+01 4.805663000000000000e+06
1.565709999999999980e+01 8.446648000000000000e+06
1.568650000000000055e+01 2.776573800000000000e+07
1.714029999999999987e+01 1.136294500000000000e+07
1.681609999999999872e+01 6.686585000000000000e+06
1.677680000000000149e+01 5.434922000000000000e+06
1.681609999999999872e+01 6.433913000000000000e+06
1.713040000000000163e+01 9.109730000000000000e+06
1.697329999999999828e+01 8.227481000000000000e+06
1.692419999999999902e+01 9.913422000000000000e+06
1.672769999999999868e+01 1.101054800000000000e+07
1.692419999999999902e+01 8.636219000000000000e+06
1.703219999999999956e+01 8.409427000000000000e+06
1.715009999999999835e+01 5.640067000000000000e+06
1.712059999999999960e+01 5.901698000000000000e+06
1.687500000000000000e+01 9.108767000000000000e+06
1.663929999999999865e+01 1.281071000000000000e+07
1.653130000000000166e+01 1.343716200000000000e+07
1.635450000000000159e+01 1.053960000000000000e+07
1.620710000000000051e+01 6.996903000000000000e+06
1.611870000000000047e+01 5.724941000000000000e+06
1.602049999999999841e+01 6.452228000000000000e+06
1.616779999999999973e+01 6.489880000000000000e+06
1.613840000000000074e+01 5.537105000000000000e+06
1.587320000000000064e+01 6.348873000000000000e+06
1.560790000000000077e+01 8.467433000000000000e+06
1.573559999999999981e+01 1.099070100000000000e+07
1.566690000000000005e+01 1.087455100000000000e+07
1.568650000000000055e+01 1.950907700000000000e+07
1.507750000000000057e+01 9.987097000000000000e+06
1.493999999999999950e+01 4.793515000000000000e+06
1.482210000000000072e+01 5.206281000000000000e+06
1.487129999999999974e+01 7.610427000000000000e+06
1.468459999999999965e+01 8.744630000000000000e+06
1.409529999999999994e+01 6.507207000000000000e+06
1.385950000000000060e+01 4.453660000000000000e+06
1.382019999999999982e+01 6.326337000000000000e+06
1.360420000000000051e+01 1.204286400000000000e+07
1.409529999999999994e+01 8.264691000000000000e+06
1.414439999999999920e+01 9.750176000000000000e+06
1.424259999999999948e+01 5.776726000000000000e+06
1.418369999999999997e+01 7.444375000000000000e+06
1.439000000000000057e+01 7.919613000000000000e+06
1.490070000000000050e+01 1.116145000000000000e+07
1.473370000000000068e+01 1.022470400000000000e+07
1.437030000000000030e+01 6.991700000000000000e+06
1.433099999999999952e+01 8.094058000000000000e+06
1.399709999999999965e+01 1.609421600000000000e+07
1.414439999999999920e+01 1.209142100000000000e+07
1.417389999999999972e+01 1.960806400000000000e+07
1.458639999999999937e+01 1.454606600000000000e+07
1.447840000000000060e+01 1.272764100000000000e+07
1.472390000000000043e+01 7.258326000000000000e+06
1.485159999999999947e+01 1.144474100000000000e+07
1.504809999999999981e+01 9.228938000000000000e+06
1.508740000000000059e+01 8.500218000000000000e+06
1.509720000000000084e+01 7.928288000000000000e+06
1.482210000000000072e+01 1.040469500000000000e+07
1.457600000000000051e+01 1.290404100000000000e+07
1.420550000000000068e+01 8.599507000000000000e+06
1.403969999999999985e+01 9.380529000000000000e+06
1.340600000000000058e+01 6.933976000000000000e+06
1.315249999999999986e+01 7.907523000000000000e+06
1.347419999999999973e+01 8.841143000000000000e+06
1.333769999999999989e+01 1.119611800000000000e+07
1.303550000000000075e+01 1.502245100000000000e+07
1.260650000000000048e+01 1.424216500000000000e+07
1.261630000000000074e+01 8.712205000000000000e+06
1.243099999999999916e+01 1.213101000000000000e+07
1.291849999999999987e+01 7.900705000000000000e+06
1.274300000000000033e+01 7.453205000000000000e+06
1.261630000000000074e+01 5.084449000000000000e+06
1.278200000000000003e+01 7.196167000000000000e+06
1.247979999999999912e+01 1.081869800000000000e+07
1.236280000000000001e+01 1.102472800000000000e+07
1.253829999999999956e+01 1.130093800000000000e+07
1.306470000000000020e+01 1.204815600000000000e+07
1.275270000000000081e+01 6.702300000000000000e+06
1.305499999999999972e+01 1.127177200000000000e+07
1.321100000000000030e+01 1.087438200000000000e+07
1.273320000000000007e+01 8.026108000000000000e+06
1.274300000000000033e+01 9.594555000000000000e+06
1.257729999999999926e+01 1.520792500000000000e+07
1.293800000000000061e+01 2.167342300000000000e+07
1.378619999999999912e+01 7.904119000000000000e+06
1.401050000000000040e+01 8.325299000000000000e+06
1.424450000000000038e+01 5.362869000000000000e+06
1.429320000000000057e+01 6.046488000000000000e+06
1.426399999999999935e+01 6.893114000000000000e+06
1.414700000000000024e+01 8.822665000000000000e+06
1.437119999999999997e+01 8.067927000000000000e+06
1.424450000000000038e+01 8.771276000000000000e+06
1.394219999999999970e+01 1.195475300000000000e+07
1.446870000000000012e+01 5.765012000000000000e+06
1.438100000000000023e+01 8.277387000000000000e+06
1.432249999999999979e+01 7.100806000000000000e+06
1.443950000000000067e+01 6.996520000000000000e+06
1.458569999999999922e+01 4.655868000000000000e+06
1.453700000000000081e+01 8.061869000000000000e+06
1.423470000000000013e+01 1.292949600000000000e+07
1.440049999999999919e+01 7.082121000000000000e+06
1.449799999999999933e+01 7.482577000000000000e+06
1.465399999999999991e+01 7.342842000000000000e+06
1.479049999999999976e+01 6.018521000000000000e+06
1.490750000000000064e+01 6.049042000000000000e+06
1.470270000000000010e+01 7.444674000000000000e+06
1.476120000000000054e+01 1.022382200000000000e+07
1.457600000000000051e+01 2.053314500000000000e+07
1.459549999999999947e+01 6.214473000000000000e+06
1.458569999999999922e+01 8.407592000000000000e+06
1.439070000000000071e+01 8.223273000000000000e+06
1.463449999999999918e+01 6.810464000000000000e+06
1.456620000000000026e+01 1.554212800000000000e+07
1.462470000000000070e+01 1.003816200000000000e+07
1.434200000000000053e+01 9.637354000000000000e+06
1.422499999999999964e+01 8.172215000000000000e+06
1.394219999999999970e+01 9.903362000000000000e+06
1.379599999999999937e+01 5.930319000000000000e+06
1.399099999999999966e+01 7.195312000000000000e+06
1.378619999999999912e+01 5.917627000000000000e+06
1.390320000000000000e+01 7.146257000000000000e+06
1.379439999999999955e+01 8.844764000000000000e+06
1.362989999999999924e+01 8.912023000000000000e+06
1.353320000000000078e+01 1.044426500000000000e+07
1.362989999999999924e+01 8.914073000000000000e+06
1.366859999999999964e+01 8.911035000000000000e+06
1.324300000000000033e+01 1.109797100000000000e+07
1.327200000000000024e+01 1.398698800000000000e+07
1.375569999999999915e+01 9.041274000000000000e+06
1.366859999999999964e+01 8.329219000000000000e+06
1.370730000000000004e+01 1.653520300000000000e+07
1.392019999999999946e+01 2.481916700000000000e+07
1.385239999999999938e+01 1.242365500000000000e+07
1.422969999999999935e+01 8.819763000000000000e+06
1.475210000000000043e+01 1.113770500000000000e+07
1.426839999999999975e+01 1.140790500000000000e+07
1.414259999999999984e+01 1.633032300000000000e+07
1.405560000000000009e+01 1.415344700000000000e+07
1.394919999999999938e+01 1.528600800000000000e+07
1.377510000000000012e+01 9.175689000000000000e+06
1.369769999999999932e+01 1.234628500000000000e+07
1.430710000000000015e+01 1.464353500000000000e+07
1.472310000000000052e+01 7.525334000000000000e+06
1.484880000000000067e+01 5.554895000000000000e+06
1.492619999999999969e+01 7.565544000000000000e+06
1.514869999999999983e+01 5.543643000000000000e+06
1.540990000000000038e+01 5.139268000000000000e+06
1.522610000000000063e+01 5.105366000000000000e+06
1.527439999999999998e+01 6.609889000000000000e+06
1.529379999999999917e+01 1.038485800000000000e+07
1.519710000000000072e+01 7.794947000000000000e+06
1.525510000000000055e+01 1.161337900000000000e+07
1.548729999999999940e+01 9.782273000000000000e+06
1.573879999999999946e+01 9.147127000000000000e+06
1.599029999999999951e+01 1.031181200000000000e+07
1.604830000000000112e+01 5.423736000000000000e+06
1.611599999999999966e+01 9.627193000000000000e+06
1.602899999999999991e+01 9.137088000000000000e+06
1.605799999999999983e+01 1.419091500000000000e+07
1.595159999999999911e+01 5.233334000000000000e+06
1.586449999999999960e+01 5.240094000000000000e+06
1.573879999999999946e+01 6.985345000000000000e+06
1.573879999999999946e+01 5.654551000000000000e+06
1.542919999999999980e+01 5.018951000000000000e+06
1.566140000000000043e+01 6.414083000000000000e+06
1.562270000000000003e+01 6.083878000000000000e+06
1.554529999999999923e+01 9.514047000000000000e+06
1.533249999999999957e+01 1.221081600000000000e+07
1.530349999999999966e+01 6.484600000000000000e+06
1.538090000000000046e+01 1.099574900000000000e+07
1.492619999999999969e+01 9.937311000000000000e+06
1.476169999999999938e+01 9.649361000000000000e+06
1.476169999999999938e+01 7.721980000000000000e+06
1.481010000000000026e+01 9.274588000000000000e+06
1.465530000000000044e+01 1.241076400000000000e+07
1.479080000000000084e+01 1.234523700000000000e+07
1.549690000000000012e+01 1.772126700000000000e+07
1.535180000000000078e+01 1.035171300000000000e+07
1.536149999999999949e+01 1.550257700000000000e+07
1.532280000000000086e+01 1.151943500000000000e+07
1.554529999999999923e+01 2.022834500000000000e+07
1.514869999999999983e+01 1.009739000000000000e+07
1.501329999999999920e+01 1.130602600000000000e+07
1.481010000000000026e+01 1.767665300000000000e+07
1.525910000000000011e+01 1.168904200000000000e+07
1.499019999999999975e+01 7.802272000000000000e+06
1.504780000000000051e+01 1.420793200000000000e+07
1.532629999999999981e+01 6.343393000000000000e+06
1.549910000000000032e+01 1.585317400000000000e+07
1.551829999999999998e+01 1.464629300000000000e+07
1.572959999999999958e+01 2.187984900000000000e+07
1.572959999999999958e+01 1.348938000000000000e+07
1.603689999999999927e+01 8.381341000000000000e+06
1.613289999999999935e+01 1.004948600000000000e+07
1.609450000000000003e+01 1.311022000000000000e+07
1.567200000000000060e+01 2.247846200000000000e+07
1.558559999999999945e+01 1.590966800000000000e+07
1.541269999999999918e+01 9.809083000000000000e+06
1.545110000000000028e+01 8.588891000000000000e+06
1.545110000000000028e+01 1.193267500000000000e+07
1.535510000000000019e+01 7.968638000000000000e+06
1.541269999999999918e+01 1.194564000000000000e+07
1.536469999999999914e+01 1.390448800000000000e+07
1.521100000000000030e+01 7.940047000000000000e+06
1.528790000000000049e+01 7.984709000000000000e+06
1.522059999999999924e+01 6.135546000000000000e+06
1.545110000000000028e+01 7.159007000000000000e+06
1.525910000000000011e+01 6.625746000000000000e+06
1.516300000000000026e+01 9.193826000000000000e+06
1.506700000000000017e+01 9.152135000000000000e+06
1.497100000000000009e+01 1.194580200000000000e+07
1.490370000000000061e+01 7.852407000000000000e+06
1.475970000000000049e+01 2.088429600000000000e+07
1.503819999999999979e+01 2.933578100000000000e+07
1.474050000000000082e+01 1.784344600000000000e+07
1.417389999999999972e+01 7.087941000000000000e+06
1.386660000000000004e+01 6.831401000000000000e+06
1.387620000000000076e+01 9.537611000000000000e+06
1.409709999999999930e+01 8.935855000000000000e+06
1.370340000000000025e+01 6.239980000000000000e+06
1.375140000000000029e+01 1.225676000000000000e+07
1.386660000000000004e+01 6.786449000000000000e+06
1.359769999999999968e+01 8.960258000000000000e+06
1.367459999999999987e+01 6.507207000000000000e+06
1.356889999999999930e+01 8.556153000000000000e+06
1.350169999999999959e+01 7.668107000000000000e+06
1.325200000000000067e+01 1.273247200000000000e+07
1.351130000000000031e+01 8.027463000000000000e+06
1.325200000000000067e+01 1.127708900000000000e+07
1.265670000000000073e+01 1.192166900000000000e+07
1.292549999999999955e+01 1.086553600000000000e+07
1.268549999999999933e+01 6.453785000000000000e+06
1.251260000000000083e+01 8.726986000000000000e+06
1.257980000000000054e+01 8.150284000000000000e+06
1.230129999999999946e+01 1.031224800000000000e+07
1.178279999999999994e+01 5.400214000000000000e+06
1.210929999999999929e+01 2.542762900000000000e+07
1.214770000000000039e+01 1.852834000000000000e+07
1.264710000000000001e+01 1.429988100000000000e+07
1.308880000000000088e+01 1.280501300000000000e+07
1.305039999999999978e+01 1.707275200000000000e+07
1.365540000000000020e+01 1.116618600000000000e+07
1.391460000000000008e+01 1.286213600000000000e+07
1.405869999999999997e+01 1.412285400000000000e+07
1.415470000000000006e+01 1.634358900000000000e+07
1.388550000000000040e+01 1.404762300000000000e+07
1.401890000000000036e+01 1.846994600000000000e+07
1.526740000000000030e+01 2.913669700000000000e+07
1.434290000000000020e+01 1.834954100000000000e+07
1.477180000000000071e+01 1.484510300000000000e+07
1.429529999999999923e+01 2.096315700000000000e+07
1.440959999999999930e+01 1.092200800000000000e+07
1.473370000000000068e+01 1.343922100000000000e+07
1.435249999999999915e+01 7.771920000000000000e+06
1.420950000000000024e+01 9.953860000000000000e+06
1.385689999999999955e+01 2.909396000000000000e+06
1.400939999999999941e+01 8.652318000000000000e+06
1.384740000000000038e+01 1.130069800000000000e+07
1.413330000000000020e+01 1.270770300000000000e+07
1.448590000000000089e+01 1.115063700000000000e+07
1.460030000000000072e+01 1.527998800000000000e+07
1.443820000000000014e+01 1.623538700000000000e+07
1.461930000000000085e+01 9.517002000000000000e+06
1.456209999999999916e+01 9.571270000000000000e+06
1.498150000000000048e+01 1.072149000000000000e+07
1.548659999999999926e+01 7.195475000000000000e+06
1.547700000000000031e+01 1.846016300000000000e+07
1.513390000000000057e+01 1.304727100000000000e+07
1.518159999999999954e+01 6.268145000000000000e+06
1.514349999999999952e+01 1.514066300000000000e+07
1.505770000000000053e+01 6.066828000000000000e+06
1.453350000000000009e+01 9.547415000000000000e+06
1.422860000000000014e+01 8.297060000000000000e+06
1.388550000000000040e+01 8.024445000000000000e+06
1.394270000000000032e+01 1.046959600000000000e+07
1.443820000000000014e+01 8.175749000000000000e+06
1.438109999999999999e+01 8.119527000000000000e+06
1.491469999999999985e+01 9.081348000000000000e+06
1.509580000000000055e+01 7.881611000000000000e+06
1.471460000000000079e+01 7.652659000000000000e+06
1.460979999999999990e+01 8.275157000000000000e+06
1.479090000000000060e+01 6.231693000000000000e+06
1.478129999999999988e+01 6.109287000000000000e+06
1.461930000000000085e+01 9.344747000000000000e+06
1.469560000000000066e+01 1.659888300000000000e+07
1.394270000000000032e+01 9.075928000000000000e+06
1.440010000000000012e+01 1.086091000000000000e+07
1.495289999999999964e+01 1.207404300000000000e+07
1.514349999999999952e+01 8.991801000000000000e+06
1.538170000000000037e+01 1.279470100000000000e+07
1.605839999999999890e+01 1.026276400000000000e+07
1.596310000000000073e+01 1.058009100000000000e+07
1.575339999999999918e+01 9.636512000000000000e+06
1.541980000000000040e+01 9.808649000000000000e+06
1.554369999999999941e+01 1.248802100000000000e+07
1.551510000000000034e+01 1.251417800000000000e+07
1.573429999999999929e+01 8.897925000000000000e+06
1.577250000000000085e+01 1.784518800000000000e+07
1.612509999999999977e+01 7.291291000000000000e+06
1.622040000000000148e+01 2.670960900000000000e+07
1.607740000000000080e+01 8.726258000000000000e+06
1.585820000000000007e+01 6.871530000000000000e+06
1.577250000000000085e+01 6.680150000000000000e+06
1.551510000000000034e+01 8.686585000000000000e+06
1.580109999999999992e+01 8.040336000000000000e+06
1.576290000000000013e+01 1.115577500000000000e+07
1.562950000000000017e+01 5.614502000000000000e+06
1.567719999999999914e+01 7.953703000000000000e+06
1.553279999999999994e+01 1.251630400000000000e+07
1.564639999999999986e+01 1.022914500000000000e+07
1.563690000000000069e+01 8.440744000000000000e+06
1.570320000000000071e+01 1.357404200000000000e+07
1.577890000000000015e+01 1.001642900000000000e+07
1.564639999999999986e+01 1.067572200000000000e+07
1.589250000000000007e+01 1.618811500000000000e+07
1.581680000000000064e+01 2.533507900000000000e+07
1.584520000000000017e+01 1.095019000000000000e+07
1.557070000000000043e+01 1.374393800000000000e+07
1.533399999999999963e+01 9.560979000000000000e+06
1.523939999999999984e+01 1.552238600000000000e+07
1.497439999999999927e+01 8.331011000000000000e+06
1.493650000000000055e+01 1.663400300000000000e+07
1.582620000000000005e+01 9.402443000000000000e+06
1.577890000000000015e+01 1.240006500000000000e+07
1.540029999999999966e+01 1.066480300000000000e+07
1.517309999999999981e+01 1.027592800000000000e+07
1.513530000000000086e+01 5.182786000000000000e+06
1.482290000000000063e+01 5.039564000000000000e+06
1.500270000000000081e+01 5.037146000000000000e+06
1.524890000000000079e+01 3.503908000000000000e+06
1.529620000000000068e+01 4.663973000000000000e+06
1.526779999999999937e+01 4.396525000000000000e+06
1.515419999999999945e+01 5.224110000000000000e+06
1.512579999999999991e+01 7.397198000000000000e+06
1.471879999999999988e+01 7.753072000000000000e+06
1.462410000000000032e+01 5.640157000000000000e+06
1.461469999999999914e+01 6.644722000000000000e+06
1.462410000000000032e+01 4.940037000000000000e+06
1.475660000000000061e+01 5.753435000000000000e+06
1.485130000000000017e+01 4.970568000000000000e+06
1.465249999999999986e+01 6.029225000000000000e+06
1.448210000000000086e+01 7.482036000000000000e+06
1.464310000000000045e+01 1.314556400000000000e+07
1.464310000000000045e+01 6.758414000000000000e+06
1.480400000000000027e+01 1.153011000000000000e+07
1.507850000000000001e+01 6.992383000000000000e+06
1.482290000000000063e+01 8.883040000000000000e+06
1.480400000000000027e+01 1.073797000000000000e+07
1.466200000000000081e+01 8.808167000000000000e+06
1.456729999999999947e+01 4.759838000000000000e+06
1.429279999999999973e+01 8.725672000000000000e+06
1.467149999999999999e+01 1.215136000000000000e+07
1.441590000000000060e+01 6.361978000000000000e+06
1.417929999999999957e+01 5.527834000000000000e+06
1.402779999999999916e+01 9.473771000000000000e+06
1.398049999999999926e+01 4.748199000000000000e+06
1.400890000000000057e+01 7.088704000000000000e+06
1.382900000000000063e+01 1.169452700000000000e+07
1.392370000000000019e+01 1.473908700000000000e+07
1.393319999999999936e+01 1.432358300000000000e+07
1.435909999999999975e+01 7.978554000000000000e+06
1.426440000000000019e+01 1.597280700000000000e+07
1.442539999999999978e+01 9.283172000000000000e+06
1.459570000000000078e+01 1.450674500000000000e+07
1.434019999999999939e+01 1.460383300000000000e+07
1.505010000000000048e+01 8.432667000000000000e+06
1.505949999999999989e+01 1.208468400000000000e+07
1.509740000000000038e+01 2.503036700000000000e+07
1.497439999999999927e+01 1.192662600000000000e+07
1.494599999999999973e+01 8.437829000000000000e+06
1.494599999999999973e+01 9.010639000000000000e+06
1.505640000000000001e+01 1.163917600000000000e+07
1.504700000000000060e+01 7.921376000000000000e+06
1.496240000000000059e+01 7.794028000000000000e+06
1.505640000000000001e+01 1.239502600000000000e+07
1.509399999999999942e+01 2.239803000000000000e+07
1.460529999999999973e+01 1.223681000000000000e+07
1.459590000000000032e+01 1.089671200000000000e+07
1.432329999999999970e+01 1.444805500000000000e+07
1.463349999999999973e+01 1.202489000000000000e+07
1.445490000000000030e+01 9.726980000000000000e+06
1.458649999999999913e+01 1.441151500000000000e+07
1.481199999999999939e+01 2.951600200000000000e+07
1.464289999999999914e+01 5.605519400000000000e+07
1.636280000000000001e+01 1.442124400000000000e+07
1.645680000000000121e+01 6.196776000000000000e+06
1.650379999999999825e+01 6.784877000000000000e+06
1.660709999999999908e+01 1.060225800000000000e+07
1.656950000000000145e+01 1.525994000000000000e+07
1.635340000000000060e+01 8.365749000000000000e+06
1.653200000000000003e+01 8.456042000000000000e+06
1.660709999999999908e+01 1.149829600000000000e+07
1.658830000000000027e+01 1.229823400000000000e+07
1.654139999999999944e+01 1.301390300000000000e+07
1.634400000000000119e+01 1.240811500000000000e+07
1.625939999999999941e+01 1.048674200000000000e+07
1.617480000000000118e+01 6.166929000000000000e+06
1.588349999999999973e+01 8.031906000000000000e+06
1.609019999999999939e+01 6.367944000000000000e+06
1.614659999999999940e+01 9.651766000000000000e+06
1.602439999999999998e+01 1.247341300000000000e+07
1.630640000000000001e+01 8.836687000000000000e+06
1.634400000000000119e+01 1.068731500000000000e+07
1.626879999999999882e+01 8.704052000000000000e+06
1.631579999999999941e+01 1.010290800000000000e+07
1.637219999999999942e+01 8.082992000000000000e+06
1.625000000000000000e+01 7.701596000000000000e+06
1.636280000000000001e+01 7.789290000000000000e+06
1.661649999999999849e+01 9.610174000000000000e+06
1.668230000000000146e+01 1.714448200000000000e+07
1.650379999999999825e+01 1.695957000000000000e+07
1.635340000000000060e+01 1.006256800000000000e+07
1.636280000000000001e+01 1.392068200000000000e+07
1.620299999999999940e+01 9.828543000000000000e+06
1.621239999999999881e+01 1.539654900000000000e+07
1.579889999999999972e+01 8.445123000000000000e+06
1.569549999999999912e+01 1.414911500000000000e+07
1.616540000000000177e+01 1.510479500000000000e+07
1.621239999999999881e+01 1.320400300000000000e+07
1.610900000000000176e+01 1.336309200000000000e+07
1.609019999999999939e+01 1.027462800000000000e+07
1.648499999999999943e+01 1.600963600000000000e+07
1.659769999999999968e+01 1.400517700000000000e+07
1.650379999999999825e+01 1.207644500000000000e+07
1.690790000000000148e+01 1.091084400000000000e+07
1.656950000000000145e+01 1.017579800000000000e+07
1.721799999999999997e+01 1.078059800000000000e+07
1.758459999999999823e+01 1.084077400000000000e+07
1.765040000000000120e+01 1.086027300000000000e+07
1.757519999999999882e+01 7.882763000000000000e+06
1.765980000000000061e+01 1.901961300000000000e+07
1.769739999999999824e+01 1.529162000000000000e+07
1.771620000000000061e+01 1.152935400000000000e+07
1.774439999999999884e+01 8.979372000000000000e+06
1.785200000000000031e+01 1.009960900000000000e+07
1.793629999999999924e+01 1.456392000000000000e+07
1.773969999999999914e+01 1.039454000000000000e+07
1.792689999999999984e+01 1.105627300000000000e+07
1.817030000000000101e+01 1.155141700000000000e+07
1.776780000000000115e+01 1.172058300000000000e+07
1.758050000000000068e+01 1.491739200000000000e+07
1.722479999999999833e+01 1.407203200000000000e+07
1.740269999999999939e+01 1.750308200000000000e+07
1.761799999999999855e+01 2.080666100000000000e+07
1.736520000000000152e+01 2.530736300000000000e+07
1.698140000000000072e+01 4.469931200000000000e+07
1.536190000000000033e+01 1.464190200000000000e+07
1.521209999999999951e+01 1.089878600000000000e+07
1.546490000000000009e+01 8.998358000000000000e+06
1.534319999999999951e+01 8.506762000000000000e+06
1.530569999999999986e+01 8.162823000000000000e+06
1.511849999999999916e+01 1.398907100000000000e+07
1.448189999999999955e+01 1.370968700000000000e+07
1.474409999999999954e+01 7.671702000000000000e+06
1.432280000000000086e+01 1.669009200000000000e+07
1.407939999999999969e+01 1.187927300000000000e+07
1.456620000000000026e+01 1.309909200000000000e+07
1.472530000000000072e+01 1.618872500000000000e+07
1.465980000000000061e+01 1.568472300000000000e+07
1.558660000000000068e+01 1.326572900000000000e+07
1.571759999999999913e+01 1.347499100000000000e+07
1.535249999999999915e+01 1.235329500000000000e+07
1.548359999999999914e+01 1.114382900000000000e+07
1.588610000000000078e+01 1.039242000000000000e+07
1.564269999999999960e+01 9.610058000000000000e+06
1.542740000000000045e+01 7.765496000000000000e+06
1.561469999999999914e+01 1.172372200000000000e+07
1.560529999999999973e+01 1.422391000000000000e+07
1.502490000000000059e+01 9.409347000000000000e+06
1.505300000000000082e+01 9.116452000000000000e+06
1.494999999999999929e+01 9.572783000000000000e+06
1.504359999999999964e+01 9.443317000000000000e+06
1.480020000000000024e+01 9.646369000000000000e+06
1.480020000000000024e+01 1.551890000000000000e+07
1.446320000000000050e+01 8.238583000000000000e+06
1.421979999999999933e+01 1.012927400000000000e+07
1.390150000000000041e+01 1.444509100000000000e+07
1.387349999999999994e+01 1.301522700000000000e+07
1.408880000000000088e+01 1.250323500000000000e+07
1.409810000000000052e+01 1.132701700000000000e+07
1.376110000000000078e+01 7.907160000000000000e+06
1.367689999999999984e+01 7.065215000000000000e+06
1.344280000000000008e+01 7.076743000000000000e+06
1.367689999999999984e+01 3.686377000000000000e+06
1.373300000000000054e+01 3.199673000000000000e+06
1.379860000000000042e+01 2.880017000000000000e+06
1.377050000000000018e+01 4.166746000000000000e+06
1.377979999999999983e+01 7.816096000000000000e+06
1.377050000000000018e+01 8.602456000000000000e+06
1.385469999999999935e+01 9.785489000000000000e+06
1.394829999999999970e+01 1.235550600000000000e+07
1.348959999999999937e+01 1.991900700000000000e+07
1.333050000000000068e+01 7.594452000000000000e+06
1.340540000000000020e+01 8.611838000000000000e+06
1.357390000000000008e+01 1.200818200000000000e+07
1.357859999999999978e+01 1.107693700000000000e+07
1.335500000000000043e+01 8.081825000000000000e+06
1.324329999999999963e+01 6.811120000000000000e+06
1.318740000000000023e+01 7.091009000000000000e+06
1.311289999999999978e+01 1.089252700000000000e+07
1.325259999999999927e+01 1.109015600000000000e+07
1.344819999999999993e+01 1.854415400000000000e+07
1.299179999999999957e+01 1.510161400000000000e+07
1.301050000000000040e+01 1.209397400000000000e+07
1.292660000000000053e+01 1.604854300000000000e+07
1.254480000000000040e+01 1.386114300000000000e+07
1.240509999999999913e+01 8.555548000000000000e+06
1.220020000000000060e+01 4.190916000000000000e+07
1.315010000000000012e+01 1.294961400000000000e+07
1.312219999999999942e+01 1.238505500000000000e+07
1.274039999999999928e+01 1.288876000000000000e+07
1.235849999999999937e+01 1.481814900000000000e+07
1.225609999999999999e+01 1.199858500000000000e+07
1.235849999999999937e+01 1.134610900000000000e+07
1.255410000000000004e+01 1.457260800000000000e+07
1.275900000000000034e+01 4.517873000000000000e+06
1.277759999999999962e+01 6.230916000000000000e+06
1.260999999999999943e+01 7.751865000000000000e+06
1.263790000000000013e+01 7.359941000000000000e+06
1.269379999999999953e+01 9.582548000000000000e+06
1.257269999999999932e+01 9.542917000000000000e+06
1.269379999999999953e+01 1.751122900000000000e+07
1.266590000000000060e+01 1.548337100000000000e+07
1.296390000000000065e+01 1.022474700000000000e+07
1.301980000000000004e+01 1.193903100000000000e+07
1.329920000000000080e+01 7.032655000000000000e+06
1.327120000000000033e+01 6.967627000000000000e+06
1.311289999999999978e+01 1.480923200000000000e+07
1.332709999999999972e+01 8.198240000000000000e+06
1.327120000000000033e+01 8.396436000000000000e+06
1.307559999999999967e+01 1.245642900000000000e+07
1.290799999999999947e+01 2.285307900000000000e+07
1.369030000000000058e+01 6.827106000000000000e+06
1.360650000000000048e+01 1.216620900000000000e+07
1.383929999999999971e+01 6.312045000000000000e+06
1.386730000000000018e+01 9.923117000000000000e+06
1.378340000000000032e+01 8.238410000000000000e+06
1.391380000000000017e+01 9.567667000000000000e+06
1.393249999999999922e+01 9.310209000000000000e+06
1.378340000000000032e+01 6.254594000000000000e+06
1.378340000000000032e+01 1.182480600000000000e+07
1.381140000000000079e+01 7.074433000000000000e+06
1.378340000000000032e+01 7.636327000000000000e+06
1.368099999999999916e+01 1.019706800000000000e+07
1.394180000000000064e+01 1.370863000000000000e+07
1.369960000000000022e+01 6.718499000000000000e+06
1.356920000000000037e+01 1.147311500000000000e+07
1.383000000000000007e+01 2.187966800000000000e+07
1.386730000000000018e+01 2.564519600000000000e+07
1.369030000000000058e+01 2.947069900000000000e+07
1.328049999999999997e+01 2.266434400000000000e+07
1.284280000000000044e+01 2.259535900000000000e+07
1.269379999999999953e+01 1.728733900000000000e+07
1.256339999999999968e+01 1.007629500000000000e+07
1.260999999999999943e+01 1.251365300000000000e+07
1.259140000000000015e+01 1.549058400000000000e+07
1.254480000000000040e+01 1.605526400000000000e+07
1.232130000000000081e+01 2.497504700000000000e+07
1.221879999999999988e+01 1.934494600000000000e+07
1.237170000000000059e+01 1.640950000000000000e+07
1.215859999999999985e+01 2.404916200000000000e+07
1.227909999999999968e+01 2.695359700000000000e+07
1.276099999999999923e+01 4.054557500000000000e+07
1.301120000000000054e+01 2.675593100000000000e+07
1.326140000000000008e+01 2.235580000000000000e+07
1.304379999999999917e+01 1.130628800000000000e+07
1.298600000000000065e+01 6.273602000000000000e+06
1.294270000000000032e+01 5.897102000000000000e+06
1.284880000000000067e+01 7.467109000000000000e+06
1.296439999999999948e+01 9.025199000000000000e+06
1.296439999999999948e+01 6.602019000000000000e+06
1.279100000000000037e+01 7.030629000000000000e+06
1.276219999999999999e+01 5.433392000000000000e+06
1.250210000000000043e+01 6.085342000000000000e+06
1.240830000000000055e+01 9.537171000000000000e+06
1.249489999999999945e+01 9.048054000000000000e+06
1.271160000000000068e+01 4.870139000000000000e+06
1.281990000000000052e+01 8.284151000000000000e+06
1.269720000000000049e+01 7.945475000000000000e+06
1.249489999999999945e+01 5.277950000000000000e+06
1.236490000000000045e+01 8.824653000000000000e+06
1.274050000000000082e+01 6.964043000000000000e+06
1.273329999999999984e+01 7.892874000000000000e+06
1.273329999999999984e+01 4.584377000000000000e+06
1.264659999999999940e+01 6.302495000000000000e+06
1.248770000000000024e+01 6.652706000000000000e+06
1.253100000000000058e+01 7.966673000000000000e+06
1.264659999999999940e+01 7.710533000000000000e+06
1.264659999999999940e+01 8.721816000000000000e+06
1.264659999999999940e+01 8.969223000000000000e+06
1.267549999999999955e+01 1.020746100000000000e+07
1.271879999999999988e+01 7.964872000000000000e+06
1.291380000000000017e+01 7.517103000000000000e+06
1.288490000000000002e+01 1.091948000000000000e+07
1.300769999999999982e+01 1.178559400000000000e+07
1.292830000000000013e+01 1.391128300000000000e+07
1.276219999999999999e+01 1.310644600000000000e+07
1.238659999999999961e+01 1.035577900000000000e+07
1.244439999999999991e+01 7.731114000000000000e+06
1.241549999999999976e+01 5.711515000000000000e+06
1.234319999999999951e+01 1.365479900000000000e+07
1.212659999999999982e+01 1.042249000000000000e+07
1.211940000000000062e+01 9.111532000000000000e+06
1.209050000000000047e+01 1.000606800000000000e+07
1.199660000000000082e+01 1.300655400000000000e+07
1.190269999999999939e+01 1.452714900000000000e+07
1.223489999999999966e+01 1.079823600000000000e+07
1.203989999999999938e+01 4.566581000000000000e+06
1.198210000000000086e+01 8.735472000000000000e+06
1.202549999999999919e+01 1.270132700000000000e+07
1.220599999999999952e+01 1.011742700000000000e+07
1.191709999999999958e+01 9.802863000000000000e+06
1.214100000000000001e+01 1.078794300000000000e+07
1.216990000000000016e+01 1.703779300000000000e+07
1.204710000000000036e+01 7.940591000000000000e+06
1.196770000000000067e+01 9.438654000000000000e+06
1.201820000000000022e+01 1.289651500000000000e+07
1.207600000000000051e+01 1.113037000000000000e+07
1.190990000000000038e+01 1.500569800000000000e+07
1.193159999999999954e+01 1.781551500000000000e+07
1.209050000000000047e+01 1.139267500000000000e+07
1.219159999999999933e+01 1.216091500000000000e+07
1.216990000000000016e+01 1.155522000000000000e+07
1.222390000000000043e+01 1.051797700000000000e+07
1.226699999999999946e+01 1.065780400000000000e+07
1.225980000000000025e+01 1.454205200000000000e+07
1.225259999999999927e+01 1.380180900000000000e+07
1.234619999999999962e+01 1.552145900000000000e+07
1.251890000000000036e+01 2.991464900000000000e+07
1.260519999999999996e+01 3.887900000000000000e+05
1.353330000000000055e+01 2.334378400000000000e+07
1.356209999999999916e+01 1.773426500000000000e+07
1.354770000000000074e+01 1.343135700000000000e+07
1.355489999999999995e+01 1.581237100000000000e+07
1.360529999999999973e+01 1.176273000000000000e+07
1.356930000000000014e+01 1.389990100000000000e+07
1.351890000000000036e+01 1.260588100000000000e+07
1.333189999999999920e+01 2.012888100000000000e+07
1.351169999999999938e+01 1.242821900000000000e+07
1.352609999999999957e+01 1.277008900000000000e+07
1.374920000000000009e+01 9.391480000000000000e+06
1.366280000000000072e+01 1.067924500000000000e+07
1.358370000000000033e+01 9.556246000000000000e+06
1.356930000000000014e+01 1.241598000000000000e+07
1.366999999999999993e+01 1.129723300000000000e+07
1.351169999999999938e+01 1.624582200000000000e+07
1.359089999999999954e+01 9.048071000000000000e+06
1.354770000000000074e+01 1.265472800000000000e+07
1.349009999999999998e+01 6.535957000000000000e+06
1.343260000000000076e+01 1.099266100000000000e+07
1.345420000000000016e+01 7.748394000000000000e+06
1.347579999999999956e+01 8.204858000000000000e+06
1.340380000000000038e+01 9.272515000000000000e+06
1.340380000000000038e+01 1.380425900000000000e+07
1.338940000000000019e+01 1.088271900000000000e+07
1.332469999999999999e+01 6.217376000000000000e+06
1.326709999999999923e+01 1.404645800000000000e+07
1.305129999999999946e+01 1.225283200000000000e+07
1.318800000000000061e+01 1.024390700000000000e+07
1.306569999999999965e+01 7.302954000000000000e+06
1.304410000000000025e+01 8.009906000000000000e+06
1.302970000000000006e+01 7.940003000000000000e+06
1.294330000000000069e+01 1.628136900000000000e+07
1.298649999999999949e+01 1.372297200000000000e+07
1.308000000000000007e+01 1.134289000000000000e+07
1.316639999999999944e+01 2.204119300000000000e+07
1.315199999999999925e+01 2.814663700000000000e+07
1.296490000000000009e+01 1.239496200000000000e+07
1.287860000000000049e+01 1.900903700000000000e+07
1.287860000000000049e+01 1.904917300000000000e+07
1.264119999999999955e+01 3.201560000000000000e+05
1.280920000000000059e+01 1.422583800000000000e+07
1.276600000000000001e+01 8.948331000000000000e+06
1.279299999999999926e+01 1.722945600000000000e+07
1.243629999999999924e+01 8.411514000000000000e+06
1.227950000000000053e+01 6.688789000000000000e+06
1.230659999999999954e+01 9.174040000000000000e+06
1.232280000000000086e+01 9.762148000000000000e+06
1.216060000000000052e+01 9.092632000000000000e+06
1.202549999999999919e+01 1.622397700000000000e+07
1.240380000000000038e+01 8.572873000000000000e+06
1.234980000000000011e+01 1.237973700000000000e+07
1.223629999999999995e+01 1.029783300000000000e+07
1.226329999999999920e+01 1.401391100000000000e+07
1.201469999999999949e+01 1.008837100000000000e+07
1.206329999999999991e+01 1.008838100000000000e+07
1.205530000000000079e+01 1.115368300000000000e+07
1.210909999999999975e+01 1.102965800000000000e+07
1.218999999999999950e+01 1.270497300000000000e+07
1.229780000000000051e+01 1.389610100000000000e+07
1.243249999999999922e+01 1.556050900000000000e+07
1.242169999999999952e+01 1.156806000000000000e+07
1.236780000000000079e+01 1.077812500000000000e+07
1.249179999999999957e+01 1.327232400000000000e+07
1.229780000000000051e+01 1.836014600000000000e+07
1.202289999999999992e+01 1.901240000000000000e+07
1.237320000000000064e+01 4.688180000000000000e+05
1.328930000000000078e+01 1.330579200000000000e+07
1.335399999999999920e+01 7.642602000000000000e+06
1.328930000000000078e+01 9.460196000000000000e+06
1.314920000000000044e+01 7.583435000000000000e+06
1.311149999999999949e+01 6.849111000000000000e+06
1.313850000000000051e+01 6.836444000000000000e+06
1.300910000000000011e+01 9.756502000000000000e+06
1.299830000000000041e+01 6.467918000000000000e+06
1.292830000000000013e+01 8.311147000000000000e+06
1.297680000000000078e+01 7.010194000000000000e+06
1.273429999999999929e+01 6.084922000000000000e+06
1.276660000000000039e+01 6.505100000000000000e+06
1.268580000000000041e+01 5.493289000000000000e+06
1.266419999999999924e+01 1.343329500000000000e+07
1.222770000000000046e+01 8.296898000000000000e+06
1.217379999999999995e+01 9.739734000000000000e+06
1.222230000000000061e+01 1.248537700000000000e+07
1.193670000000000009e+01 9.345204000000000000e+06
1.215230000000000032e+01 6.810009000000000000e+06
1.218999999999999950e+01 6.134510000000000000e+06
1.238400000000000034e+01 7.295879000000000000e+06
1.233549999999999969e+01 8.221029000000000000e+06
1.216300000000000026e+01 9.075315000000000000e+06
1.233009999999999984e+01 9.054790000000000000e+06
1.227079999999999949e+01 5.798493000000000000e+06
1.231930000000000014e+01 8.449101000000000000e+06
1.222770000000000046e+01 5.902467000000000000e+06
1.236239999999999917e+01 5.757032000000000000e+06
1.225999999999999979e+01 8.273242000000000000e+06
1.226539999999999964e+01 9.276997000000000000e+06
1.236780000000000079e+01 1.349146500000000000e+07
1.215760000000000041e+01 1.429274600000000000e+07
1.244870000000000054e+01 1.454159600000000000e+07
1.269660000000000011e+01 1.155622300000000000e+07
1.263729999999999976e+01 6.956529000000000000e+06
1.250249999999999950e+01 8.056583000000000000e+06
1.247020000000000017e+01 6.313337000000000000e+06
1.257799999999999940e+01 5.149336000000000000e+06
1.255640000000000001e+01 6.595343000000000000e+06
1.279359999999999964e+01 3.784973000000000000e+06
1.283670000000000044e+01 5.898300000000000000e+06
1.280429999999999957e+01 6.402347000000000000e+06
1.287439999999999962e+01 5.421404000000000000e+06
1.284740000000000038e+01 9.068099000000000000e+06
1.278819999999999979e+01 6.799929000000000000e+06
1.265879999999999939e+01 2.062421600000000000e+07
1.278819999999999979e+01 1.610309300000000000e+07
1.289059999999999917e+01 9.834236000000000000e+06
1.289589999999999925e+01 1.086305300000000000e+07
1.287979999999999947e+01 1.235059600000000000e+07
1.317270000000000074e+01 1.331409400000000000e+07
1.324259999999999948e+01 7.100188000000000000e+06
1.326399999999999935e+01 1.629060200000000000e+07
1.287710000000000043e+01 9.846405000000000000e+06
1.301149999999999984e+01 1.027223100000000000e+07
1.281799999999999962e+01 7.340248000000000000e+06
1.256000000000000050e+01 1.219046500000000000e+07
1.279110000000000014e+01 1.447234400000000000e+07
1.275890000000000057e+01 1.408448300000000000e+07
1.254390000000000072e+01 2.185600600000000000e+07
1.247940000000000005e+01 1.064778300000000000e+07
1.265670000000000073e+01 2.156838000000000000e+07
1.229129999999999967e+01 2.416597900000000000e+07
1.242559999999999931e+01 2.330543400000000000e+07
1.252779999999999916e+01 1.659318200000000000e+07
1.268360000000000021e+01 1.090054400000000000e+07
1.264600000000000080e+01 1.154896300000000000e+07
1.258150000000000013e+01 1.477539500000000000e+07
1.254930000000000057e+01 1.237359200000000000e+07
1.252779999999999916e+01 9.448817000000000000e+06
1.239879999999999960e+01 1.299082400000000000e+07
1.248479999999999990e+01 1.535654700000000000e+07
1.249009999999999998e+01 1.279456100000000000e+07
1.242029999999999923e+01 1.080473200000000000e+07
1.184520000000000017e+01 7.716082000000000000e+06
1.171620000000000061e+01 6.997671000000000000e+06
1.183450000000000024e+01 8.328028000000000000e+06
1.186669999999999980e+01 7.379247000000000000e+06
1.207629999999999981e+01 8.140891000000000000e+06
1.191510000000000069e+01 7.507153000000000000e+06
1.192580000000000062e+01 1.264557800000000000e+07
1.171620000000000061e+01 7.602475000000000000e+06
1.160870000000000068e+01 9.246243000000000000e+06
1.165169999999999995e+01 9.044100000000000000e+06
1.162490000000000023e+01 1.196731600000000000e+07
1.175919999999999987e+01 1.059123400000000000e+07
1.167859999999999943e+01 1.748961300000000000e+07
1.153889999999999993e+01 1.168597600000000000e+07
1.143140000000000001e+01 1.164579700000000000e+07
1.157109999999999950e+01 1.356132800000000000e+07
1.169469999999999921e+01 1.381155700000000000e+07
1.182370000000000054e+01 7.762767000000000000e+06
1.181300000000000061e+01 1.010974500000000000e+07
1.209239999999999959e+01 9.202424000000000000e+06
1.200639999999999930e+01 9.363568000000000000e+06
1.215920000000000023e+01 6.550214000000000000e+06
1.222359999999999935e+01 7.272265000000000000e+06
1.200380000000000003e+01 9.134892000000000000e+06
1.214310000000000045e+01 1.168988600000000000e+07
1.219679999999999964e+01 1.620933200000000000e+07
1.227720000000000056e+01 9.053453000000000000e+06
1.235219999999999985e+01 7.072567000000000000e+06
1.228790000000000049e+01 1.312475000000000000e+07
1.221819999999999951e+01 8.107145000000000000e+06
1.232010000000000005e+01 7.244354000000000000e+06
1.245950000000000024e+01 1.023923900000000000e+07
1.239509999999999934e+01 1.067656900000000000e+07
1.212710000000000043e+01 9.668378000000000000e+06
1.215920000000000023e+01 1.200792400000000000e+07
1.193410000000000082e+01 1.634683500000000000e+07
1.186439999999999984e+01 1.290765100000000000e+07
1.145159999999999911e+01 1.097684100000000000e+07
1.134430000000000049e+01 1.200245800000000000e+07
1.141399999999999970e+01 1.275015900000000000e+07
1.121570000000000000e+01 1.576498800000000000e+07
1.146230000000000082e+01 2.924807400000000000e+07
1.184290000000000020e+01 2.051820000000000000e+07
1.171959999999999980e+01 8.535162000000000000e+06
1.190729999999999933e+01 6.567478000000000000e+06
1.188039999999999985e+01 1.891404600000000000e+07
1.151590000000000025e+01 9.559777000000000000e+06
1.156949999999999967e+01 9.164028000000000000e+06
1.170889999999999986e+01 5.886444000000000000e+06
1.167670000000000030e+01 5.290425000000000000e+06
1.170889999999999986e+01 7.169385000000000000e+06
1.162850000000000072e+01 4.513034000000000000e+06
1.175709999999999944e+01 7.914489000000000000e+06
1.176249999999999929e+01 4.439999000000000000e+06
1.173029999999999973e+01 6.041332000000000000e+06
1.171959999999999980e+01 6.718078000000000000e+06
1.160169999999999924e+01 9.769586000000000000e+06
1.183220000000000027e+01 6.101637000000000000e+06
1.180000000000000071e+01 7.158478000000000000e+06
1.173569999999999958e+01 1.056128500000000000e+07
1.167670000000000030e+01 7.576648000000000000e+06
1.155339999999999989e+01 5.689398000000000000e+06
1.163380000000000081e+01 8.058617000000000000e+06
1.160699999999999932e+01 7.776238000000000000e+06
1.174639999999999951e+01 9.491096000000000000e+06
1.166600000000000037e+01 8.920924000000000000e+06
1.153200000000000003e+01 1.389802500000000000e+07
1.113519999999999932e+01 1.102571300000000000e+07
1.130139999999999922e+01 1.389548300000000000e+07
1.126929999999999943e+01 3.145956200000000000e+07
1.088860000000000028e+01 4.357541000000000000e+06
1.091009999999999991e+01 6.553328000000000000e+06
1.096369999999999933e+01 7.947430000000000000e+06
1.083500000000000085e+01 9.714931000000000000e+06
1.074920000000000009e+01 8.366480000000000000e+06
1.058840000000000003e+01 9.097923000000000000e+06
1.075459999999999994e+01 5.313971000000000000e+06
1.060979999999999990e+01 5.534704000000000000e+06
1.060979999999999990e+01 5.857580000000000000e+06
1.059909999999999997e+01 8.745251000000000000e+06
1.071710000000000029e+01 1.491972600000000000e+07
1.045439999999999969e+01 6.865346000000000000e+06
1.055620000000000047e+01 1.295149400000000000e+07
1.036860000000000070e+01 1.016108000000000000e+07
1.020780000000000065e+01 1.089850200000000000e+07
9.902200000000000557e+00 6.276990000000000000e+06
9.864599999999999369e+00 7.264082000000000000e+06
9.757400000000000517e+00 6.134837000000000000e+06
9.912900000000000489e+00 8.928465000000000000e+06
9.794900000000000162e+00 1.249268200000000000e+07
9.532199999999999562e+00 8.259949000000000000e+06
9.328500000000000014e+00 1.285472100000000000e+07
9.221299999999999386e+00 1.851764700000000000e+07
9.736000000000000654e+00 2.542072900000000000e+07
1.053480000000000061e+01 1.018438000000000000e+07
1.029889999999999972e+01 1.057326100000000000e+07
1.059379999999999988e+01 1.155767200000000000e+07
1.039000000000000057e+01 1.586947200000000000e+07
1.015409999999999968e+01 1.664109800000000000e+07
1.000399999999999956e+01 1.232967000000000000e+07
1.007910000000000039e+01 1.196760100000000000e+07
9.816399999999999793e+00 1.435545200000000000e+07
9.971899999999999764e+00 1.014696600000000000e+07
1.025060000000000038e+01 9.830680000000000000e+06
1.048119999999999941e+01 9.375174000000000000e+06
1.037390000000000079e+01 1.582073200000000000e+07
1.027210000000000001e+01 1.428621100000000000e+07
1.013269999999999982e+01 1.283922600000000000e+07
9.809300000000000352e+00 9.285495000000000000e+06
9.889499999999999957e+00 1.366328700000000000e+07
9.777200000000000557e+00 1.228877000000000000e+07
9.873400000000000176e+00 2.495221200000000000e+07
9.761200000000000543e+00 2.295714100000000000e+07
9.296099999999999142e+00 2.173307500000000000e+07
9.274699999999999278e+00 4.384880800000000000e+07
8.686700000000000088e+00 1.248839000000000000e+07
8.590500000000000469e+00 8.649851000000000000e+06
8.483599999999999142e+00 8.982944000000000000e+06
8.435399999999999565e+00 6.684880000000000000e+06
8.376599999999999824e+00 6.576502000000000000e+06
8.456799999999999429e+00 1.459261000000000000e+07
8.531700000000000728e+00 8.819406000000000000e+06
8.430099999999999483e+00 6.788816000000000000e+06
8.499599999999999156e+00 5.418380000000000000e+06
8.563700000000000756e+00 6.470157000000000000e+06
8.494199999999999307e+00 4.761598000000000000e+06
8.478199999999999292e+00 4.943325000000000000e+06
8.435399999999999565e+00 4.983593000000000000e+06
8.403399999999999537e+00 3.519240000000000000e+06
8.515599999999999170e+00 6.637775000000000000e+06
8.515599999999999170e+00 1.106571400000000000e+07
8.766899999999999693e+00 8.461206000000000000e+06
8.905900000000000816e+00 7.088882000000000000e+06
9.103699999999999903e+00 4.786943000000000000e+06
9.253299999999999415e+00 6.363648000000000000e+06
9.280099999999999127e+00 6.285691000000000000e+06
9.199899999999999523e+00 5.842139000000000000e+06
9.349600000000000577e+00 7.958001000000000000e+06
9.333500000000000796e+00 5.970372000000000000e+06
9.301399999999999224e+00 5.440116000000000000e+06
9.215899999999999537e+00 6.439694000000000000e+06
9.322800000000000864e+00 5.661473000000000000e+06
9.301399999999999224e+00 1.186198700000000000e+07
9.226599999999999469e+00 6.615897000000000000e+06
9.354900000000000659e+00 8.243231000000000000e+06
9.215899999999999537e+00 8.787887000000000000e+06
9.477899999999999991e+00 5.878459000000000000e+06
9.563399999999999679e+00 7.279983000000000000e+06
9.483200000000000074e+00 9.413442000000000000e+06
9.600799999999999557e+00 1.039187400000000000e+07
9.413700000000000401e+00 8.299991000000000000e+06
9.643599999999999284e+00 7.666968000000000000e+06
9.836000000000000298e+00 1.484993400000000000e+07
9.477899999999999991e+00 1.038960400000000000e+07
9.563399999999999679e+00 1.055250700000000000e+07
9.435100000000000264e+00 5.926601000000000000e+06
9.360200000000000742e+00 5.529334000000000000e+06
9.392300000000000537e+00 8.869974000000000000e+06
9.333500000000000796e+00 1.143393900000000000e+07
9.360200000000000742e+00 1.131850500000000000e+07
9.467200000000000060e+00 1.072990600000000000e+07
9.263999999999999346e+00 3.096287100000000000e+07
9.173099999999999810e+00 1.086820700000000000e+07
9.189199999999999591e+00 1.251397000000000000e+07
8.964700000000000557e+00 1.393424300000000000e+07
8.772199999999999775e+00 9.669016000000000000e+06
8.729499999999999815e+00 1.568398800000000000e+07
8.499599999999999156e+00 1.428512900000000000e+07
8.280400000000000205e+00 1.106894200000000000e+07
8.141400000000000858e+00 1.229967700000000000e+07
8.537000000000000810e+00 1.847821500000000000e+07
8.225400000000000489e+00 3.336962500000000000e+07
7.245099999999999874e+00 1.001174400000000000e+07
7.405000000000000249e+00 1.001649100000000000e+07
7.074699999999999989e+00 1.992025000000000000e+06
7.069300000000000139e+00 3.750173000000000000e+06
7.159900000000000375e+00 1.082494300000000000e+07
7.287799999999999834e+00 1.207989800000000000e+07
7.207900000000000418e+00 1.322677400000000000e+07
6.973399999999999821e+00 1.464695500000000000e+07
7.351700000000000124e+00 1.075556800000000000e+07
7.282399999999999984e+00 9.414376000000000000e+06
7.207900000000000418e+00 1.173411400000000000e+07
6.936200000000000365e+00 8.665514000000000000e+06
6.568599999999999994e+00 1.197689300000000000e+07
6.547299999999999898e+00 1.054941000000000000e+07
6.605900000000000105e+00 9.834289000000000000e+06
6.850900000000000212e+00 5.982701000000000000e+06
6.776299999999999990e+00 6.686490000000000000e+06
6.664500000000000313e+00 1.481585100000000000e+07
7.032000000000000028e+00 1.322767800000000000e+07
7.378300000000000303e+00 6.499149000000000000e+06
7.122600000000000264e+00 7.553022000000000000e+06
7.165199999999999569e+00 9.677516000000000000e+06
7.346400000000000041e+00 9.549644000000000000e+06
7.330400000000000027e+00 1.136190500000000000e+07
7.026699999999999946e+00 9.874424000000000000e+06
7.133300000000000196e+00 1.848450600000000000e+07
7.245099999999999874e+00 1.072613800000000000e+07
7.106600000000000250e+00 1.118342700000000000e+07
7.112000000000000099e+00 1.526982100000000000e+07
6.611200000000000188e+00 1.672814400000000000e+07
6.424699999999999633e+00 1.664005500000000000e+07
6.563200000000000145e+00 1.292512900000000000e+07
6.680399999999999672e+00 1.972948200000000000e+07
6.925500000000000433e+00 1.335250100000000000e+07
6.792300000000000004e+00 1.772076500000000000e+07
7.064000000000000057e+00 1.245835000000000000e+07
7.064000000000000057e+00 1.511083800000000000e+07
7.213199999999999612e+00 1.643185400000000000e+07
7.303700000000000081e+00 1.984453200000000000e+07
7.884400000000000297e+00 1.131509900000000000e+07
8.006899999999999906e+00 1.028583400000000000e+07
8.060200000000000031e+00 1.507683500000000000e+07
8.097500000000000142e+00 6.767773000000000000e+06
8.140100000000000335e+00 6.275778000000000000e+06
8.097500000000000142e+00 6.275753000000000000e+06
8.113500000000000156e+00 5.930636000000000000e+06
8.001599999999999824e+00 2.178459000000000000e+06
7.942999999999999616e+00 1.125212800000000000e+07
7.490199999999999747e+00 7.292476000000000000e+06
7.468899999999999650e+00 9.863255000000000000e+06
7.543499999999999872e+00 1.930723700000000000e+07
7.623400000000000176e+00 7.625458000000000000e+06
7.831100000000000172e+00 7.840968000000000000e+06
7.756599999999999717e+00 1.288873900000000000e+07
7.692599999999999660e+00 1.152769400000000000e+07
7.554100000000000037e+00 1.061476300000000000e+07
7.841800000000000104e+00 1.135020700000000000e+07
7.911100000000000243e+00 1.426192500000000000e+07
8.081500000000000128e+00 1.161760100000000000e+07
8.230700000000000571e+00 9.545947000000000000e+06
8.079399999999999693e+00 1.200108500000000000e+07
7.760900000000000354e+00 1.890524000000000000e+07
7.936099999999999710e+00 1.268106700000000000e+07
8.286400000000000432e+00 2.510626400000000000e+07
7.888300000000000090e+00 2.909603000000000000e+07
7.617600000000000371e+00 6.041718000000000000e+06
7.495499999999999829e+00 2.267489400000000000e+07
7.267199999999999882e+00 2.410891800000000000e+07
7.352199999999999847e+00 1.531734500000000000e+07
7.543300000000000338e+00 1.855858600000000000e+07
7.315000000000000391e+00 1.317149100000000000e+07
7.240700000000000358e+00 1.302047500000000000e+07
7.017699999999999605e+00 1.242075900000000000e+07
7.102699999999999569e+00 1.378137500000000000e+07
7.107999999999999652e+00 1.492453300000000000e+07
7.272499999999999964e+00 2.037166600000000000e+07
7.490199999999999747e+00 1.100938700000000000e+07
7.649399999999999977e+00 1.477776500000000000e+07
7.537899999999999601e+00 1.752808800000000000e+07
7.644099999999999895e+00 3.004966900000000000e+07
7.049599999999999866e+00 2.218995900000000000e+07
7.251299999999999635e+00 3.151649100000000000e+07
7.622899999999999565e+00 4.020561200000000000e+07
7.691900000000000404e+00 4.086589100000000000e+07
7.814000000000000057e+00 2.449278000000000000e+06
8.466900000000000759e+00 2.904460000000000000e+05
8.642099999999999227e+00 2.963210000000000000e+05
8.350099999999999412e+00 6.360170000000000000e+05
8.716400000000000148e+00 5.147990000000000000e+05
9.024300000000000210e+00 5.991000000000000000e+04
8.997799999999999798e+00 1.100000000000000000e+05
8.748300000000000409e+00 7.859800000000000000e+04
8.955299999999999372e+00 7.096320000000000000e+05
8.785399999999999210e+00 1.581576000000000000e+06
