6.064999999999999858e+01 2.331492000000000000e+06
5.829999999999999716e+01 3.652878000000000000e+06
6.000000000000000000e+01 3.810166000000000000e+06
6.185999999999999943e+01 3.740582000000000000e+06
5.904999999999999716e+01 2.788735000000000000e+06
5.956000000000000227e+01 4.072437000000000000e+06
5.820000000000000284e+01 4.514642000000000000e+06
5.829999999999999716e+01 6.714339000000000000e+06
4.539999999999999858e+01 6.266211000000000000e+06
4.788000000000000256e+01 5.446467000000000000e+06
5.215999999999999659e+01 3.841869000000000000e+06
5.553000000000000114e+01 5.904358000000000000e+06
5.495000000000000284e+01 5.439082000000000000e+06
5.121000000000000085e+01 5.713380000000000000e+06
5.596999999999999886e+01 5.900824000000000000e+06
5.289000000000000057e+01 7.527364000000000000e+06
5.957999999999999829e+01 4.656965000000000000e+06
6.110999999999999943e+01 6.060214000000000000e+06
6.067999999999999972e+01 9.324313000000000000e+06
6.931999999999999318e+01 3.717249000000000000e+06
7.190000000000000568e+01 2.895886000000000000e+06
7.431000000000000227e+01 2.981528000000000000e+06
7.120999999999999375e+01 2.990042000000000000e+06
7.348999999999999488e+01 3.649860000000000000e+06
7.123999999999999488e+01 4.189713000000000000e+06
7.164000000000000057e+01 3.192735000000000000e+06
7.479000000000000625e+01 3.824196000000000000e+06
7.490999999999999659e+01 2.164128000000000000e+06
7.745000000000000284e+01 1.999699000000000000e+06
7.906000000000000227e+01 1.845329000000000000e+06
8.043999999999999773e+01 2.097681000000000000e+06
8.110999999999999943e+01 2.054572000000000000e+06
8.029000000000000625e+01 2.184498000000000000e+06
8.076000000000000512e+01 1.169584000000000000e+06
8.026999999999999602e+01 1.657465000000000000e+06
8.051999999999999602e+01 1.773928000000000000e+06
8.062000000000000455e+01 1.642191000000000000e+06
8.109999999999999432e+01 1.415002000000000000e+06
8.042000000000000171e+01 1.491554000000000000e+06
8.084999999999999432e+01 9.837370000000000000e+05
8.035999999999999943e+01 1.596229000000000000e+06
8.061950000000000216e+01 2.029580000000000000e+06
7.949179999999999779e+01 2.113502000000000000e+06
7.869350000000000023e+01 2.333244000000000000e+06
7.978119999999999834e+01 2.967374000000000000e+06
7.962160000000000082e+01 2.461731000000000000e+06
7.988100000000000023e+01 1.740104000000000000e+06
7.920239999999999725e+01 2.671547000000000000e+06
7.972140000000000271e+01 2.283883000000000000e+06
8.041989999999999839e+01 2.151314000000000000e+06
8.051970000000000027e+01 1.467963000000000000e+06
7.997079999999999700e+01 2.626733000000000000e+06
7.910269999999999868e+01 4.436664000000000000e+06
7.791519999999999868e+01 4.977924000000000000e+06
7.918250000000000455e+01 2.010043000000000000e+06
7.889310000000000400e+01 2.863768000000000000e+06
7.976130000000000564e+01 3.173044000000000000e+06
7.809480000000000643e+01 2.948625000000000000e+06
7.802490000000000236e+01 2.504246000000000000e+06
7.704699999999999704e+01 1.967470000000000000e+06
7.626869999999999550e+01 1.412969000000000000e+06
7.607909999999999684e+01 1.617074000000000000e+06
7.565989999999999327e+01 1.411086000000000000e+06
7.562999999999999545e+01 1.930629000000000000e+06
7.519089999999999918e+01 1.107598000000000000e+06
7.463209999999999411e+01 1.118410000000000000e+06
7.548029999999999973e+01 1.070158000000000000e+06
7.485169999999999391e+01 1.594162000000000000e+06
7.497140000000000271e+01 3.001000000000000000e+05
7.525079999999999814e+01 1.521234000000000000e+06
7.520090000000000430e+01 3.077946000000000000e+06
7.457219999999999516e+01 1.548557000000000000e+06
7.407330000000000325e+01 1.781647000000000000e+06
7.497140000000000271e+01 1.591495000000000000e+06
7.475190000000000623e+01 1.402908000000000000e+06
7.444249999999999545e+01 1.391482000000000000e+06
7.388370000000000459e+01 1.396660000000000000e+06
7.349450000000000216e+01 1.315798000000000000e+06
7.317520000000000380e+01 1.946841000000000000e+06
7.295569999999999311e+01 1.254153000000000000e+06
7.356440000000000623e+01 1.267656000000000000e+06
7.255649999999999977e+01 1.458672000000000000e+06
7.234699999999999420e+01 1.223935000000000000e+06
7.215739999999999554e+01 1.825037000000000000e+06
7.195780000000000598e+01 1.534621000000000000e+06
7.249660000000000082e+01 6.853220000000000000e+05
7.274609999999999843e+01 1.101192000000000000e+06
7.265630000000000166e+01 3.043527000000000000e+06
7.207750000000000057e+01 1.416093000000000000e+06
7.169830000000000325e+01 9.104120000000000000e+05
7.146880000000000166e+01 9.726000000000000000e+05
7.185800000000000409e+01 1.286256000000000000e+06
7.172830000000000439e+01 1.824553000000000000e+06
7.101980000000000359e+01 1.937839000000000000e+06
7.122929999999999495e+01 1.739377000000000000e+06
7.139900000000000091e+01 1.471954000000000000e+06
7.006180000000000518e+01 2.007003000000000000e+06
6.911379999999999768e+01 1.984954000000000000e+06
6.875459999999999638e+01 2.330877000000000000e+06
6.949299999999999500e+01 8.559080000000000000e+05
6.955289999999999395e+01 1.633342000000000000e+06
6.921359999999999957e+01 2.133312000000000000e+06
6.834539999999999793e+01 4.205189000000000000e+06
6.959279999999999688e+01 1.654338000000000000e+06
7.055079999999999529e+01 1.914542000000000000e+06
6.987220000000000653e+01 1.414237000000000000e+06
6.997199999999999420e+01 1.988110000000000000e+06
6.905389999999999873e+01 1.442960000000000000e+06
6.955289999999999395e+01 1.079335000000000000e+06
6.920359999999999445e+01 1.201488000000000000e+06
6.974250000000000682e+01 1.462175000000000000e+06
6.942310000000000514e+01 1.123772000000000000e+06
6.913370000000000459e+01 1.279304000000000000e+06
6.999190000000000111e+01 1.573060000000000000e+06
6.959279999999999688e+01 1.695670000000000000e+06
6.956279999999999575e+01 9.928340000000000000e+05
6.912380000000000280e+01 1.605173000000000000e+06
6.909380000000000166e+01 3.046378000000000000e+06
6.800610000000000355e+01 8.377640000000000000e+05
6.816580000000000439e+01 1.368579000000000000e+06
6.782649999999999579e+01 9.547890000000000000e+05
6.752710000000000434e+01 1.304678000000000000e+06
6.644939999999999714e+01 1.092510000000000000e+06
6.737749999999999773e+01 1.312233000000000000e+06
6.721779999999999688e+01 1.245731000000000000e+06
6.637959999999999638e+01 1.246939000000000000e+06
6.551139999999999475e+01 2.305466000000000000e+06
6.681860000000000355e+01 1.768062000000000000e+06
6.673879999999999768e+01 2.846534000000000000e+06
6.554130000000000678e+01 2.380247000000000000e+06
6.633969999999999345e+01 1.623194000000000000e+06
6.610020000000000095e+01 3.417182000000000000e+06
6.580079999999999529e+01 4.354289000000000000e+06
6.677870000000000061e+01 3.032208000000000000e+06
6.721779999999999688e+01 9.563952000000000000e+06
6.760699999999999932e+01 1.813493000000000000e+06
6.769679999999999609e+01 2.625542000000000000e+06
6.778660000000000707e+01 3.111569000000000000e+06
6.800610000000000355e+01 1.830594000000000000e+06
6.771670000000000300e+01 1.907773000000000000e+06
6.742740000000000578e+01 2.829772000000000000e+06
6.545149999999999579e+01 2.973272000000000000e+06
6.626980000000000359e+01 2.638085000000000000e+06
6.714790000000000703e+01 2.754090000000000000e+06
6.776659999999999684e+01 2.175173000000000000e+06
6.702819999999999823e+01 1.207110000000000000e+06
6.633969999999999345e+01 1.488704000000000000e+06
6.558129999999999882e+01 1.687090000000000000e+06
6.547150000000000603e+01 1.411028000000000000e+06
6.548149999999999693e+01 1.219377000000000000e+06
6.465319999999999823e+01 1.652317000000000000e+06
6.425409999999999400e+01 1.534155000000000000e+06
6.337590000000000146e+01 1.221968000000000000e+06
6.260759999999999792e+01 1.458208000000000000e+06
6.399459999999999837e+01 1.539262000000000000e+06
6.499250000000000682e+01 1.321878000000000000e+06
6.500249999999999773e+01 1.048718000000000000e+06
6.526189999999999714e+01 2.204865000000000000e+06
6.469310000000000116e+01 1.774801000000000000e+06
6.351559999999999917e+01 1.257110000000000000e+06
6.307659999999999911e+01 1.632700000000000000e+06
6.470310000000000628e+01 1.963792000000000000e+06
6.338589999999999947e+01 1.222669000000000000e+06
6.427400000000000091e+01 1.371595000000000000e+06
6.425409999999999400e+01 2.360422000000000000e+06
6.290690000000000026e+01 2.305462000000000000e+06
6.298680000000000234e+01 1.711730000000000000e+06
6.210860000000000269e+01 2.237287000000000000e+06
6.369530000000000314e+01 2.137388000000000000e+06
6.390480000000000160e+01 2.943746000000000000e+06
6.428400000000000603e+01 2.107494000000000000e+06
6.509229999999999450e+01 1.278004000000000000e+06
6.525199999999999534e+01 1.655935000000000000e+06
6.532179999999999609e+01 1.116093000000000000e+06
6.455339999999999634e+01 1.213338000000000000e+06
6.467319999999999425e+01 1.635604000000000000e+06
6.511230000000000473e+01 1.046593000000000000e+06
6.511230000000000473e+01 2.098460000000000000e+06
6.491270000000000095e+01 1.256043000000000000e+06
6.539170000000000016e+01 1.514525000000000000e+06
6.523199999999999932e+01 1.720132000000000000e+06
6.542159999999999798e+01 1.809017000000000000e+06
6.544159999999999400e+01 1.451683000000000000e+06
6.543160000000000309e+01 1.637874000000000000e+06
6.526189999999999714e+01 1.308779000000000000e+06
6.470310000000000628e+01 1.417617000000000000e+06
6.467319999999999425e+01 1.362979000000000000e+06
6.444370000000000687e+01 1.009068000000000000e+06
6.448359999999999559e+01 1.441446000000000000e+06
6.498250000000000171e+01 2.357056000000000000e+06
6.452349999999999852e+01 1.803796000000000000e+06
6.447360000000000468e+01 3.495003000000000000e+06
6.358550000000000324e+01 9.489901000000000000e+06
6.296679999999999922e+01 2.660289000000000000e+06
6.223830000000000240e+01 3.360891000000000000e+06
5.913490000000000180e+01 1.887783000000000000e+06
5.943430000000000035e+01 1.443234000000000000e+06
5.975359999999999872e+01 2.067370000000000000e+06
5.976359999999999673e+01 1.239806000000000000e+06
5.942430000000000234e+01 1.521216000000000000e+06
5.895530000000000115e+01 1.369827000000000000e+06
5.923469999999999658e+01 1.010808000000000000e+06
5.919480000000000075e+01 8.942010000000000000e+05
5.913490000000000180e+01 1.281043000000000000e+06
5.932450000000000045e+01 9.767270000000000000e+05
5.951409999999999911e+01 1.749058000000000000e+06
6.062180000000000035e+01 1.198730000000000000e+06
5.947420000000000329e+01 1.530960000000000000e+06
5.909499999999999886e+01 9.512740000000000000e+05
5.891539999999999822e+01 1.728251000000000000e+06
5.809709999999999752e+01 1.451900000000000000e+06
5.753829999999999956e+01 1.935461000000000000e+06
5.726879999999999882e+01 1.407834000000000000e+06
5.769789999999999708e+01 9.417580000000000000e+05
5.739860000000000184e+01 1.371881000000000000e+06
5.769789999999999708e+01 2.475622000000000000e+06
5.825679999999999836e+01 1.619983000000000000e+06
5.763810000000000144e+01 2.049958000000000000e+06
5.859599999999999653e+01 1.555240000000000000e+06
5.830669999999999931e+01 1.424360000000000000e+06
5.737859999999999872e+01 1.349445000000000000e+06
5.727879999999999683e+01 1.889049000000000000e+06
5.756819999999999737e+01 1.885097000000000000e+06
5.650050000000000239e+01 1.365426000000000000e+06
5.602150000000000318e+01 1.280603000000000000e+06
5.452470000000000283e+01 1.419274000000000000e+06
5.608140000000000214e+01 1.227668000000000000e+06
5.560240000000000293e+01 1.418744000000000000e+06
5.603150000000000119e+01 9.453590000000000000e+05
5.596159999999999712e+01 1.718404000000000000e+06
5.685969999999999658e+01 8.476820000000000000e+05
5.687969999999999970e+01 8.186380000000000000e+05
5.644060000000000343e+01 1.460348000000000000e+06
5.636079999999999757e+01 1.221213000000000000e+06
5.713909999999999911e+01 2.041625000000000000e+06
5.677989999999999782e+01 1.239820000000000000e+06
5.645060000000000144e+01 1.307231000000000000e+06
5.618110000000000070e+01 1.161277000000000000e+06
5.596159999999999712e+01 1.429213000000000000e+06
5.617119999999999891e+01 1.793338000000000000e+06
5.554249999999999687e+01 1.837272000000000000e+06
5.489390000000000214e+01 1.190590000000000000e+06
5.449470000000000169e+01 1.338032000000000000e+06
5.505349999999999966e+01 9.929920000000000000e+05
5.501359999999999673e+01 9.015050000000000000e+05
5.496370000000000289e+01 1.242732000000000000e+06
5.489390000000000214e+01 8.641130000000000000e+05
5.485399999999999920e+01 8.663650000000000000e+05
5.475419999999999732e+01 1.055617000000000000e+06
5.477409999999999712e+01 1.487734000000000000e+06
5.465440000000000254e+01 1.310591000000000000e+06
5.484400000000000119e+01 1.557618000000000000e+06
5.482399999999999807e+01 1.495427000000000000e+06
5.461449999999999960e+01 1.905108000000000000e+06
5.454460000000000264e+01 2.255920000000000000e+06
5.426520000000000010e+01 2.467071000000000000e+06
5.369639999999999702e+01 2.948999000000000000e+06
5.248899999999999721e+01 2.897883000000000000e+06
5.315749999999999886e+01 3.710831000000000000e+06
5.422529999999999717e+01 2.206829000000000000e+06
5.442490000000000094e+01 1.509811000000000000e+06
5.534290000000000020e+01 1.503580000000000000e+06
5.470430000000000348e+01 1.546830000000000000e+06
5.513340000000000174e+01 1.588531000000000000e+06
5.517329999999999757e+01 2.410041000000000000e+06
5.440489999999999782e+01 3.956910000000000000e+06
5.401570000000000249e+01 1.561153000000000000e+06
5.427519999999999811e+01 2.047214000000000000e+06
5.397579999999999956e+01 1.672718000000000000e+06
5.350679999999999836e+01 1.819720000000000000e+06
5.242909999999999826e+01 1.295385000000000000e+06
5.278829999999999956e+01 1.646784000000000000e+06
5.292799999999999727e+01 1.289811000000000000e+06
5.331719999999999970e+01 1.145534000000000000e+06
5.345689999999999742e+01 1.819079000000000000e+06
5.386599999999999966e+01 2.573853000000000000e+06
5.305780000000000030e+01 2.875763000000000000e+06
5.293800000000000239e+01 1.618201000000000000e+06
5.290809999999999746e+01 1.482701000000000000e+06
5.287810000000000343e+01 2.174880000000000000e+06
5.299790000000000134e+01 1.715315000000000000e+06
5.296790000000000020e+01 1.535500000000000000e+06
5.292799999999999727e+01 1.411623000000000000e+06
5.301780000000000115e+01 1.541650000000000000e+06
5.330720000000000169e+01 1.917619000000000000e+06
5.287810000000000343e+01 1.123073000000000000e+06
5.323740000000000094e+01 1.940560000000000000e+06
5.299790000000000134e+01 1.580320000000000000e+06
5.249889999999999901e+01 1.474354000000000000e+06
5.229939999999999856e+01 1.570591000000000000e+06
5.209980000000000189e+01 1.695003000000000000e+06
5.216960000000000264e+01 1.218249000000000000e+06
5.209980000000000189e+01 1.856077000000000000e+06
5.211970000000000169e+01 1.906164000000000000e+06
5.166069999999999851e+01 1.726780000000000000e+06
5.181040000000000134e+01 2.825230000000000000e+06
5.132139999999999702e+01 2.590127000000000000e+06
5.049320000000000164e+01 1.873315000000000000e+06
5.067280000000000229e+01 2.304962000000000000e+06
5.141120000000000090e+01 3.612600000000000000e+06
5.090229999999999677e+01 1.184187000000000000e+06
5.114180000000000348e+01 1.384443000000000000e+06
5.139130000000000109e+01 1.985668000000000000e+06
5.150110000000000099e+01 2.416836000000000000e+06
5.129149999999999920e+01 1.931816000000000000e+06
5.100209999999999866e+01 2.999452000000000000e+06
5.066279999999999717e+01 2.868611000000000000e+06
4.954520000000000124e+01 2.023467000000000000e+06
4.967490000000000094e+01 1.202836000000000000e+06
4.978470000000000084e+01 1.645948000000000000e+06
4.950529999999999831e+01 1.846331000000000000e+06
4.965500000000000114e+01 2.038844000000000000e+06
4.922590000000000288e+01 2.480060000000000000e+06
4.869700000000000273e+01 4.098656000000000000e+06
4.650160000000000338e+01 1.922973000000000000e+06
4.731989999999999696e+01 2.424775000000000000e+06
4.786869999999999692e+01 1.578518000000000000e+06
4.722010000000000218e+01 1.260109000000000000e+06
4.760929999999999751e+01 2.300063000000000000e+06
4.712030000000000030e+01 2.042015000000000000e+06
4.483520000000000039e+01 1.256127000000000000e+06
4.629209999999999781e+01 7.106536000000000000e+06
4.759929999999999950e+01 3.829214000000000000e+06
4.832780000000000342e+01 3.013748000000000000e+06
4.940550000000000352e+01 4.140794000000000000e+06
4.844749999999999801e+01 4.136113000000000000e+06
4.872690000000000055e+01 2.636232000000000000e+06
4.943540000000000134e+01 2.261231000000000000e+06
5.016389999999999816e+01 2.660364000000000000e+06
5.045329999999999870e+01 2.350345000000000000e+06
5.068280000000000030e+01 2.365389000000000000e+06
5.078260000000000218e+01 2.408347000000000000e+06
5.168070000000000164e+01 2.869116000000000000e+06
5.239920000000000044e+01 2.221755000000000000e+06
5.408559999999999945e+01 3.320750000000000000e+06
5.325730000000000075e+01 2.070749000000000000e+06
5.268849999999999767e+01 1.720756000000000000e+06
5.272849999999999682e+01 1.898658000000000000e+06
5.086240000000000094e+01 1.828123000000000000e+06
5.076259999999999906e+01 1.942913000000000000e+06
4.972480000000000189e+01 1.017138000000000000e+06
5.026370000000000005e+01 1.491786000000000000e+06
4.965500000000000114e+01 4.042759000000000000e+06
5.049320000000000164e+01 2.713782000000000000e+06
5.233930000000000149e+01 2.033810000000000000e+06
5.206980000000000075e+01 2.503527000000000000e+06
5.081250000000000000e+01 2.634121000000000000e+06
5.091230000000000189e+01 3.413586000000000000e+06
5.123160000000000025e+01 1.856789000000000000e+06
5.279829999999999757e+01 2.368063000000000000e+06
5.366649999999999920e+01 2.116809000000000000e+06
5.297789999999999822e+01 1.542640000000000000e+06
5.217960000000000065e+01 1.485407000000000000e+06
5.179039999999999822e+01 1.353653000000000000e+06
5.208979999999999677e+01 1.508736000000000000e+06
5.235920000000000130e+01 1.963370000000000000e+06
5.241910000000000025e+01 2.321743000000000000e+06
5.132139999999999702e+01 2.055686000000000000e+06
5.031360000000000099e+01 2.200816000000000000e+06
5.063289999999999935e+01 2.483704000000000000e+06
5.078260000000000218e+01 3.086378000000000000e+06
4.989439999999999742e+01 2.103482000000000000e+06
5.109190000000000254e+01 1.817585000000000000e+06
5.173060000000000258e+01 1.409166000000000000e+06
5.194010000000000105e+01 1.944151000000000000e+06
5.237919999999999732e+01 1.777855000000000000e+06
5.245900000000000318e+01 1.545001000000000000e+06
5.238920000000000243e+01 1.135962000000000000e+06
5.132139999999999702e+01 1.707430000000000000e+06
5.173060000000000258e+01 2.288073000000000000e+06
5.037339999999999662e+01 2.930725000000000000e+06
5.103199999999999648e+01 1.965857000000000000e+06
5.300789999999999935e+01 1.621961000000000000e+06
5.273839999999999861e+01 1.710451000000000000e+06
5.358659999999999712e+01 1.377961000000000000e+06
5.356669999999999732e+01 1.666551000000000000e+06
5.438490000000000180e+01 1.559942000000000000e+06
5.395589999999999975e+01 1.374997000000000000e+06
5.396580000000000155e+01 1.486998000000000000e+06
5.384609999999999985e+01 2.494711000000000000e+06
5.328730000000000189e+01 2.066626000000000000e+06
5.326729999999999876e+01 3.031176000000000000e+06
5.378620000000000090e+01 3.581300000000000000e+06
5.416539999999999822e+01 2.856686000000000000e+06
5.509349999999999881e+01 2.754055000000000000e+06
5.482399999999999807e+01 1.281330000000000000e+06
5.422529999999999717e+01 1.359607000000000000e+06
5.499369999999999692e+01 1.420445000000000000e+06
5.432509999999999906e+01 9.310790000000000000e+05
5.502360000000000184e+01 1.105109000000000000e+06
5.533290000000000219e+01 1.120133000000000000e+06
5.493379999999999797e+01 9.027770000000000000e+05
5.489390000000000214e+01 1.357226000000000000e+06
5.485399999999999920e+01 1.151497000000000000e+06
5.454460000000000264e+01 9.483330000000000000e+05
5.470430000000000348e+01 1.159142000000000000e+06
5.491380000000000194e+01 1.156182000000000000e+06
5.558239999999999981e+01 1.474342000000000000e+06
5.488389999999999702e+01 1.473417000000000000e+06
5.467430000000000234e+01 8.912950000000000000e+05
5.478410000000000224e+01 1.453424000000000000e+06
5.425520000000000209e+01 1.564648000000000000e+06
5.423530000000000229e+01 1.703986000000000000e+06
5.355669999999999931e+01 1.095324000000000000e+06
5.358659999999999712e+01 1.179810000000000000e+06
5.362660000000000338e+01 1.899172000000000000e+06
5.389600000000000080e+01 1.271333000000000000e+06
5.391590000000000060e+01 9.893420000000000000e+05
5.364650000000000318e+01 1.587738000000000000e+06
5.368639999999999901e+01 8.724070000000000000e+05
5.343699999999999761e+01 1.744348000000000000e+06
5.406560000000000343e+01 8.942980000000000000e+05
5.382609999999999673e+01 9.781050000000000000e+05
5.367640000000000100e+01 7.794260000000000000e+05
5.407560000000000144e+01 9.752450000000000000e+05
5.374629999999999797e+01 6.357190000000000000e+05
5.372630000000000194e+01 8.211820000000000000e+05
5.342699999999999960e+01 8.458810000000000000e+05
5.283820000000000050e+01 1.484708000000000000e+06
5.323740000000000094e+01 1.299359000000000000e+06
5.333720000000000283e+01 1.191398000000000000e+06
5.291810000000000258e+01 1.166969000000000000e+06
5.278829999999999956e+01 9.425950000000000000e+05
5.324739999999999895e+01 1.020327000000000000e+06
5.403569999999999851e+01 1.155121000000000000e+06
5.402570000000000050e+01 1.170744000000000000e+06
5.328730000000000189e+01 1.026892000000000000e+06
5.323740000000000094e+01 1.919394000000000000e+06
5.261869999999999692e+01 1.152552000000000000e+06
5.257880000000000109e+01 9.052240000000000000e+05
5.293800000000000239e+01 1.201232000000000000e+06
5.272849999999999682e+01 1.149887000000000000e+06
5.200000000000000000e+01 9.840710000000000000e+05
5.215970000000000084e+01 1.453457000000000000e+06
5.285819999999999652e+01 1.178277000000000000e+06
5.269850000000000279e+01 1.964451000000000000e+06
5.233930000000000149e+01 2.563697000000000000e+06
5.236919999999999931e+01 2.014760000000000000e+06
5.253889999999999816e+01 1.506552000000000000e+06
5.249889999999999901e+01 2.515088000000000000e+06
5.168070000000000164e+01 1.266085000000000000e+06
5.173060000000000258e+01 1.852417000000000000e+06
5.148109999999999786e+01 2.760483000000000000e+06
5.190019999999999811e+01 2.873911000000000000e+06
5.117170000000000130e+01 5.556070000000000000e+06
5.238920000000000243e+01 3.864387000000000000e+06
5.001420000000000243e+01 1.963511000000000000e+06
5.114180000000000348e+01 5.372074000000000000e+06
5.067280000000000229e+01 1.312809000000000000e+06
5.112189999999999657e+01 2.357373000000000000e+06
5.056300000000000239e+01 2.750476000000000000e+06
5.056300000000000239e+01 1.110066000000000000e+06
5.070270000000000010e+01 2.742226000000000000e+06
5.065279999999999916e+01 2.242392000000000000e+06
5.017390000000000327e+01 1.884615000000000000e+06
5.049320000000000164e+01 2.409964000000000000e+06
5.058299999999999841e+01 1.442185000000000000e+06
5.103199999999999648e+01 1.323120000000000000e+06
5.105199999999999960e+01 1.283861000000000000e+06
5.138130000000000308e+01 9.472120000000000000e+05
5.047319999999999851e+01 1.617633000000000000e+06
4.985450000000000159e+01 1.699024000000000000e+06
4.961500000000000199e+01 1.827006000000000000e+06
4.917600000000000193e+01 2.554658000000000000e+06
4.930570000000000164e+01 2.580471000000000000e+06
4.927579999999999671e+01 2.061502000000000000e+06
4.984459999999999980e+01 1.302331000000000000e+06
5.059300000000000352e+01 1.333615000000000000e+06
5.066279999999999717e+01 1.648955000000000000e+06
5.116179999999999950e+01 1.697835000000000000e+06
5.149110000000000298e+01 2.038019000000000000e+06
5.132139999999999702e+01 4.003325000000000000e+06
5.122160000000000224e+01 1.080935000000000000e+06
5.152100000000000080e+01 1.179501000000000000e+06
5.161079999999999757e+01 1.608946000000000000e+06
5.182039999999999935e+01 2.173127000000000000e+06
5.212969999999999970e+01 1.865962000000000000e+06
5.170060000000000144e+01 1.912048000000000000e+06
5.108189999999999742e+01 1.699152000000000000e+06
5.044330000000000069e+01 1.979743000000000000e+06
5.005409999999999826e+01 1.993460000000000000e+06
4.926579999999999870e+01 3.175202000000000000e+06
4.849739999999999895e+01 3.108492000000000000e+06
4.913609999999999900e+01 1.514876000000000000e+06
4.930570000000000164e+01 1.584152000000000000e+06
4.902629999999999910e+01 1.755295000000000000e+06
4.915599999999999881e+01 1.495077000000000000e+06
4.889659999999999940e+01 1.506032000000000000e+06
4.866700000000000159e+01 1.449475000000000000e+06
4.900630000000000308e+01 2.301021000000000000e+06
4.894650000000000034e+01 1.435286000000000000e+06
4.916599999999999682e+01 1.706029000000000000e+06
4.939549999999999841e+01 1.037946000000000000e+06
4.928569999999999851e+01 1.346910000000000000e+06
4.899629999999999797e+01 1.675460000000000000e+06
4.868699999999999761e+01 1.382529000000000000e+06
4.841760000000000019e+01 1.381119000000000000e+06
4.860719999999999885e+01 1.311979000000000000e+06
4.824790000000000134e+01 1.467904000000000000e+06
4.837769999999999726e+01 1.802506000000000000e+06
4.789869999999999806e+01 1.715269000000000000e+06
4.796849999999999881e+01 2.265891000000000000e+06
4.860719999999999885e+01 1.847606000000000000e+06
4.812819999999999965e+01 3.033552000000000000e+06
4.772899999999999920e+01 2.724548000000000000e+06
4.741969999999999885e+01 2.606843000000000000e+06
4.813819999999999766e+01 2.345846000000000000e+06
4.784879999999999711e+01 3.383500000000000000e+06
4.849739999999999895e+01 3.385787000000000000e+06
4.792860000000000298e+01 2.509165000000000000e+06
4.677109999999999701e+01 2.068264000000000000e+06
4.766919999999999646e+01 2.088532000000000000e+06
4.868699999999999761e+01 2.053734000000000000e+06
4.899629999999999797e+01 2.211919000000000000e+06
4.859720000000000084e+01 1.871910000000000000e+06
4.867699999999999960e+01 2.538539000000000000e+06
4.880680000000000263e+01 1.687005000000000000e+06
4.873689999999999856e+01 1.850710000000000000e+06
4.886659999999999826e+01 1.246152000000000000e+06
4.900630000000000308e+01 1.349279000000000000e+06
4.895640000000000214e+01 1.535635000000000000e+06
4.798850000000000193e+01 1.488634000000000000e+06
4.737980000000000302e+01 2.089168000000000000e+06
4.740970000000000084e+01 2.229695000000000000e+06
4.730989999999999895e+01 3.070326000000000000e+06
4.606260000000000332e+01 3.186857000000000000e+06
4.596280000000000143e+01 3.071320000000000000e+06
4.695069999999999766e+01 1.847958000000000000e+06
4.691080000000000183e+01 1.071164000000000000e+06
4.749949999999999761e+01 9.589230000000000000e+05
4.732990000000000208e+01 9.825470000000000000e+05
4.672120000000000317e+01 1.755381000000000000e+06
4.635190000000000055e+01 1.770346000000000000e+06
4.650160000000000338e+01 1.569387000000000000e+06
4.667130000000000223e+01 1.336363000000000000e+06
4.644180000000000064e+01 9.307960000000000000e+05
4.600269999999999726e+01 1.587213000000000000e+06
4.520439999999999969e+01 1.131666000000000000e+06
4.511460000000000292e+01 2.516593000000000000e+06
4.421650000000000347e+01 2.171416000000000000e+06
4.363770000000000238e+01 2.316429000000000000e+06
4.507459999999999667e+01 1.571268000000000000e+06
4.569330000000000069e+01 4.026014000000000000e+06
4.505469999999999686e+01 4.396718000000000000e+06
4.692069999999999652e+01 2.085537000000000000e+06
4.749949999999999761e+01 1.290013000000000000e+06
4.762919999999999732e+01 2.505388000000000000e+06
4.767909999999999826e+01 1.744045000000000000e+06
4.744959999999999667e+01 2.275243000000000000e+06
4.813819999999999766e+01 2.803898000000000000e+06
4.834770000000000323e+01 1.703345000000000000e+06
4.857719999999999771e+01 1.570001000000000000e+06
4.840760000000000218e+01 1.431737000000000000e+06
4.826789999999999736e+01 2.073591000000000000e+06
4.876680000000000348e+01 3.006693000000000000e+06
4.754939999999999856e+01 3.716665000000000000e+06
4.776890000000000214e+01 3.180823000000000000e+06
4.788870000000000005e+01 3.945394000000000000e+06
4.774900000000000233e+01 2.642034000000000000e+06
4.735979999999999990e+01 2.392944000000000000e+06
4.687080000000000268e+01 1.917264000000000000e+06
4.670120000000000005e+01 1.654751000000000000e+06
4.658149999999999835e+01 2.255573000000000000e+06
4.585300000000000153e+01 1.750465000000000000e+06
4.558359999999999701e+01 3.053304000000000000e+06
4.511460000000000292e+01 2.437398000000000000e+06
4.545380000000000109e+01 1.870497000000000000e+06
4.505469999999999686e+01 1.105492000000000000e+06
4.519440000000000168e+01 8.731970000000000000e+05
4.507459999999999667e+01 1.351700000000000000e+06
4.490500000000000114e+01 6.650130000000000000e+05
4.495490000000000208e+01 1.747740000000000000e+06
4.494489999999999696e+01 1.134148000000000000e+06
4.533409999999999940e+01 1.276758000000000000e+06
4.497489999999999810e+01 1.338163000000000000e+06
4.543390000000000128e+01 1.721256000000000000e+06
4.543390000000000128e+01 2.487878000000000000e+06
4.478529999999999944e+01 1.483068000000000000e+06
4.489500000000000313e+01 1.732240000000000000e+06
4.510459999999999781e+01 1.307178000000000000e+06
4.503470000000000084e+01 9.643100000000000000e+05
4.549380000000000024e+01 1.376048000000000000e+06
4.546379999999999910e+01 1.573566000000000000e+06
4.524430000000000263e+01 1.631064000000000000e+06
4.457569999999999766e+01 1.389476000000000000e+06
4.434620000000000317e+01 2.164522000000000000e+06
4.461560000000000059e+01 2.235543000000000000e+06
4.452579999999999671e+01 2.045278000000000000e+06
4.406680000000000064e+01 1.424932000000000000e+06
4.452579999999999671e+01 2.407656000000000000e+06
4.377740000000000009e+01 2.032578000000000000e+06
4.367759999999999820e+01 5.904470000000000000e+05
4.333829999999999671e+01 1.469452000000000000e+06
4.313870000000000005e+01 1.642329000000000000e+06
4.375739999999999696e+01 1.518684000000000000e+06
4.352790000000000248e+01 3.879743000000000000e+06
4.336829999999999785e+01 1.517876000000000000e+06
4.343809999999999860e+01 2.254168000000000000e+06
4.379729999999999990e+01 4.060376000000000000e+06
4.289920000000000044e+01 2.293863000000000000e+06
4.283939999999999770e+01 1.631149000000000000e+06
4.310880000000000223e+01 1.247385000000000000e+06
4.383729999999999905e+01 2.106676000000000000e+06
4.333829999999999671e+01 1.965361000000000000e+06
4.351789999999999736e+01 1.148415000000000000e+06
4.339820000000000277e+01 1.715419000000000000e+06
4.283939999999999770e+01 1.837831000000000000e+06
4.260990000000000322e+01 1.959449000000000000e+06
4.252000000000000313e+01 2.496324000000000000e+06
4.236039999999999850e+01 2.243165000000000000e+06
4.322860000000000014e+01 4.075966000000000000e+06
4.289920000000000044e+01 3.132302000000000000e+06
4.285929999999999751e+01 1.515637000000000000e+06
4.344809999999999661e+01 1.095521000000000000e+06
4.386719999999999686e+01 1.183764000000000000e+06
4.393710000000000093e+01 2.544920000000000000e+06
4.342810000000000059e+01 1.453372000000000000e+06
4.353790000000000049e+01 1.554089000000000000e+06
4.366760000000000019e+01 1.573196000000000000e+06
4.371750000000000114e+01 1.553919000000000000e+06
4.380729999999999791e+01 9.886670000000000000e+05
4.390709999999999980e+01 1.519795000000000000e+06
4.387720000000000198e+01 2.371683000000000000e+06
4.414659999999999940e+01 1.001650000000000000e+06
4.410669999999999646e+01 2.085473000000000000e+06
4.388719999999999999e+01 2.453634000000000000e+06
4.399689999999999657e+01 1.904454000000000000e+06
4.423640000000000327e+01 2.308650000000000000e+06
4.391709999999999781e+01 3.054429000000000000e+06
4.398689999999999856e+01 3.749286000000000000e+06
4.398689999999999856e+01 3.687646000000000000e+06
4.403679999999999950e+01 3.138055000000000000e+06
4.386719999999999686e+01 6.972456000000000000e+06
4.402689999999999770e+01 7.776463000000000000e+06
4.818809999999999860e+01 2.308828000000000000e+06
4.832780000000000342e+01 1.821100000000000000e+06
4.806830000000000069e+01 1.682266000000000000e+06
4.781880000000000308e+01 1.759166000000000000e+06
4.734980000000000189e+01 1.881639000000000000e+06
4.742969999999999686e+01 2.245191000000000000e+06
4.729990000000000094e+01 7.880793000000000000e+06
4.705049999999999955e+01 2.764869000000000000e+06
4.724009999999999820e+01 2.443383000000000000e+06
4.819800000000000040e+01 2.263321000000000000e+06
4.784879999999999711e+01 3.066951000000000000e+06
4.742969999999999686e+01 1.667672000000000000e+06
4.714030000000000342e+01 2.309295000000000000e+06
4.725000000000000000e+01 1.996327000000000000e+06
4.715030000000000143e+01 4.410810000000000000e+06
4.667130000000000223e+01 2.081699000000000000e+06
4.674609999999999843e+01 3.183080000000000000e+06
4.642179999999999751e+01 1.685759000000000000e+06
4.630199999999999960e+01 1.194117000000000000e+06
4.652159999999999940e+01 1.418023000000000000e+06
4.642179999999999751e+01 1.234977000000000000e+06
4.646170000000000044e+01 1.306587000000000000e+06
4.629209999999999781e+01 1.363962000000000000e+06
4.630199999999999960e+01 1.415463000000000000e+06
4.577320000000000277e+01 1.545742000000000000e+06
4.565339999999999776e+01 5.012231000000000000e+06
4.612239999999999895e+01 2.019573000000000000e+06
4.689079999999999870e+01 1.847453000000000000e+06
4.629209999999999781e+01 1.447838000000000000e+06
4.588289999999999935e+01 1.492804000000000000e+06
4.555360000000000298e+01 1.499860000000000000e+06
4.506470000000000198e+01 1.240461000000000000e+06
4.526420000000000243e+01 2.159078000000000000e+06
4.524430000000000263e+01 2.050064000000000000e+06
4.588289999999999935e+01 2.037915000000000000e+06
4.629209999999999781e+01 1.368588000000000000e+06
4.656150000000000233e+01 1.987487000000000000e+06
4.689079999999999870e+01 1.511739000000000000e+06
4.708039999999999736e+01 3.440323000000000000e+06
4.655149999999999721e+01 1.552992000000000000e+06
4.643180000000000263e+01 2.197091000000000000e+06
4.597270000000000323e+01 1.275011000000000000e+06
4.583299999999999841e+01 1.531590000000000000e+06
4.548380000000000223e+01 1.567781000000000000e+06
4.560349999999999682e+01 2.141112000000000000e+06
4.555360000000000298e+01 1.810129000000000000e+06
4.519440000000000168e+01 1.087240000000000000e+06
4.529419999999999646e+01 1.353376000000000000e+06
4.529419999999999646e+01 1.418216000000000000e+06
4.516449999999999676e+01 1.822859000000000000e+06
4.466550000000000153e+01 1.371667000000000000e+06
4.440610000000000213e+01 1.491154000000000000e+06
4.438609999999999900e+01 1.765771000000000000e+06
4.369760000000000133e+01 1.636363000000000000e+06
4.362769999999999726e+01 1.466288000000000000e+06
4.417649999999999721e+01 1.383722000000000000e+06
4.383729999999999905e+01 1.893786000000000000e+06
4.424640000000000128e+01 1.790070000000000000e+06
4.407679999999999865e+01 2.064755000000000000e+06
4.394700000000000273e+01 2.445731000000000000e+06
4.409669999999999845e+01 2.785844000000000000e+06
4.495490000000000208e+01 4.608133000000000000e+06
4.527420000000000044e+01 4.857637000000000000e+06
4.630199999999999960e+01 3.711416000000000000e+06
4.645170000000000243e+01 1.749704600000000000e+07
4.658149999999999835e+01 2.280866000000000000e+06
4.667130000000000223e+01 2.634053000000000000e+06
4.684089999999999776e+01 3.040727000000000000e+06
4.775900000000000034e+01 2.091634000000000000e+06
4.742969999999999686e+01 4.775275000000000000e+06
4.722010000000000218e+01 3.074953000000000000e+06
4.709040000000000248e+01 2.598530000000000000e+06
4.650160000000000338e+01 2.363774000000000000e+06
4.621220000000000283e+01 3.881811000000000000e+06
4.622220000000000084e+01 2.199217000000000000e+06
4.638190000000000168e+01 2.988432000000000000e+06
4.652159999999999940e+01 2.311536000000000000e+06
4.653159999999999741e+01 2.320343000000000000e+06
4.670120000000000005e+01 4.082775000000000000e+06
4.696070000000000277e+01 5.727129000000000000e+06
4.651160000000000139e+01 5.823357400000000000e+07
4.575319999999999965e+01 7.649244000000000000e+06
4.618229999999999791e+01 5.602350000000000000e+06
4.616230000000000189e+01 5.078591000000000000e+06
4.580310000000000059e+01 1.222031100000000000e+07
4.473539999999999850e+01 1.437365000000000000e+06
4.458570000000000277e+01 6.766080000000000000e+05
4.460560000000000258e+01 1.125252000000000000e+06
4.420649999999999835e+01 1.648002000000000000e+06
4.401689999999999969e+01 2.644853000000000000e+06
4.314869999999999806e+01 1.323841000000000000e+06
4.376740000000000208e+01 1.290523000000000000e+06
4.363770000000000238e+01 1.887258000000000000e+06
4.310880000000000223e+01 1.284282000000000000e+06
4.334830000000000183e+01 1.090967000000000000e+06
4.334830000000000183e+01 1.438665000000000000e+06
4.340820000000000078e+01 9.762530000000000000e+05
4.389710000000000178e+01 1.200257000000000000e+06
4.363770000000000238e+01 2.088628000000000000e+06
4.375739999999999696e+01 2.365732000000000000e+06
4.348799999999999955e+01 1.756170000000000000e+06
4.361769999999999925e+01 1.669958000000000000e+06
4.356779999999999831e+01 1.781384000000000000e+06
4.330839999999999890e+01 1.370512000000000000e+06
4.361769999999999925e+01 1.237493000000000000e+06
4.355789999999999651e+01 1.812662000000000000e+06
4.366760000000000019e+01 1.272113000000000000e+06
4.371750000000000114e+01 1.156139000000000000e+06
4.315870000000000317e+01 6.904990000000000000e+05
4.330839999999999890e+01 1.127018000000000000e+06
4.281940000000000168e+01 1.452479000000000000e+06
4.268970000000000198e+01 1.224721000000000000e+06
4.253999999999999915e+01 1.387051000000000000e+06
4.212089999999999890e+01 2.083901000000000000e+06
4.235040000000000049e+01 1.601896000000000000e+06
4.235040000000000049e+01 1.456810000000000000e+06
4.212089999999999890e+01 1.380008000000000000e+06
4.209100000000000108e+01 1.320811000000000000e+06
4.211090000000000089e+01 1.534555000000000000e+06
4.183149999999999835e+01 1.898342000000000000e+06
4.191129999999999711e+01 2.165879000000000000e+06
4.169180000000000064e+01 3.547129000000000000e+06
4.186140000000000327e+01 2.942932000000000000e+06
4.154209999999999781e+01 1.516824000000000000e+06
4.143240000000000123e+01 2.266399000000000000e+06
4.132260000000000133e+01 4.220653000000000000e+06
4.003529999999999944e+01 2.303423000000000000e+06
4.024490000000000123e+01 1.461310000000000000e+06
4.009519999999999840e+01 1.490658000000000000e+06
4.007520000000000238e+01 1.394471000000000000e+06
4.034470000000000312e+01 2.418844000000000000e+06
4.051429999999999865e+01 1.494918000000000000e+06
4.026480000000000103e+01 4.907907000000000000e+06
4.073380000000000223e+01 1.232350000000000000e+06
4.068390000000000128e+01 1.444835000000000000e+06
4.039450000000000074e+01 1.137740000000000000e+06
4.053430000000000177e+01 2.009711000000000000e+06
4.003529999999999944e+01 2.306425000000000000e+06
4.018500000000000227e+01 1.775056000000000000e+06
4.051429999999999865e+01 1.606167000000000000e+06
4.047440000000000282e+01 1.268442000000000000e+06
4.058409999999999940e+01 1.849863000000000000e+06
4.068390000000000128e+01 1.768177000000000000e+06
4.053430000000000177e+01 2.046319000000000000e+06
4.056419999999999959e+01 3.994280000000000000e+06
3.971600000000000108e+01 3.767860000000000000e+06
4.001530000000000342e+01 1.808201000000000000e+06
3.999539999999999651e+01 1.159400000000000000e+06
4.025480000000000302e+01 1.664011000000000000e+06
4.017499999999999716e+01 1.415943000000000000e+06
4.042450000000000188e+01 2.936360000000000000e+06
4.011509999999999820e+01 2.769284000000000000e+06
3.991559999999999775e+01 4.471994000000000000e+06
4.031470000000000198e+01 3.573418000000000000e+06
3.988559999999999661e+01 1.419623000000000000e+06
3.984570000000000078e+01 2.798531000000000000e+06
3.958630000000000138e+01 1.785706000000000000e+06
3.965610000000000213e+01 2.066027000000000000e+06
3.962619999999999720e+01 1.620413000000000000e+06
3.942660000000000053e+01 2.082267000000000000e+06
3.944659999999999656e+01 1.781976000000000000e+06
3.961619999999999919e+01 1.683732000000000000e+06
3.935669999999999646e+01 2.577201000000000000e+06
3.936670000000000158e+01 2.008110000000000000e+06
3.936670000000000158e+01 2.360482000000000000e+06
3.955630000000000024e+01 2.709651000000000000e+06
3.937669999999999959e+01 1.735966000000000000e+06
3.937669999999999959e+01 2.331276000000000000e+06
3.970600000000000307e+01 2.842072000000000000e+06
3.891770000000000351e+01 3.532697000000000000e+06
3.866819999999999879e+01 2.292817000000000000e+06
3.870810000000000173e+01 3.220481000000000000e+06
3.808939999999999770e+01 2.763940000000000000e+06
3.851850000000000307e+01 3.165118000000000000e+06
3.824909999999999854e+01 4.523418000000000000e+06
3.695179999999999865e+01 1.969065000000000000e+06
3.672229999999999706e+01 1.070778000000000000e+06
3.669239999999999924e+01 1.556735000000000000e+06
3.653269999999999840e+01 1.242192000000000000e+06
3.649280000000000257e+01 1.395515000000000000e+06
3.658259999999999934e+01 1.541366000000000000e+06
3.621340000000000003e+01 1.786706000000000000e+06
3.612360000000000326e+01 1.651319000000000000e+06
3.584420000000000073e+01 2.792168000000000000e+06
3.533520000000000039e+01 2.637317000000000000e+06
3.503589999999999804e+01 1.282244000000000000e+06
3.518560000000000088e+01 1.874053000000000000e+06
3.522549999999999670e+01 1.471936000000000000e+06
3.531530000000000058e+01 1.530149000000000000e+06
3.541510000000000247e+01 1.933880000000000000e+06
3.533520000000000039e+01 2.140719000000000000e+06
3.513569999999999993e+01 3.075531000000000000e+06
3.450699999999999790e+01 2.589259000000000000e+06
3.468659999999999854e+01 4.160178000000000000e+06
3.461679999999999779e+01 3.437680000000000000e+06
3.441720000000000113e+01 3.822363000000000000e+06
3.534519999999999840e+01 3.655845000000000000e+06
3.568449999999999989e+01 2.696860000000000000e+06
3.562460000000000093e+01 2.406553000000000000e+06
3.564459999999999695e+01 4.060741000000000000e+06
3.520550000000000068e+01 4.843725000000000000e+06
3.504590000000000316e+01 4.843846000000000000e+06
3.482630000000000337e+01 2.646352000000000000e+06
3.480639999999999645e+01 4.293530000000000000e+06
3.503589999999999804e+01 2.153568000000000000e+06
3.586410000000000053e+01 8.228307000000000000e+06
3.556479999999999819e+01 2.248913000000000000e+06
3.574439999999999884e+01 3.244056000000000000e+06
3.539509999999999934e+01 4.539360000000000000e+05
3.539509999999999934e+01 1.744969000000000000e+06
3.593399999999999750e+01 2.450058000000000000e+06
3.574439999999999884e+01 2.870469000000000000e+06
3.486619999999999919e+01 2.439141000000000000e+06
3.532529999999999859e+01 1.589844000000000000e+06
3.487619999999999720e+01 2.394480000000000000e+06
3.467660000000000053e+01 2.973886000000000000e+06
3.491610000000000014e+01 2.057153000000000000e+06
3.541510000000000247e+01 3.254720000000000000e+06
3.523550000000000182e+01 2.987988000000000000e+06
3.533520000000000039e+01 3.803938000000000000e+06
3.552479999999999905e+01 2.191531000000000000e+06
3.565460000000000207e+01 2.904839000000000000e+06
3.545499999999999829e+01 2.842594000000000000e+06
3.608370000000000033e+01 2.513340000000000000e+06
3.672229999999999706e+01 2.368061000000000000e+06
3.674230000000000018e+01 6.937891000000000000e+06
3.671229999999999905e+01 1.468665000000000000e+06
3.682209999999999894e+01 1.432267000000000000e+06
3.680210000000000292e+01 1.273677000000000000e+06
3.732099999999999795e+01 3.006416000000000000e+06
3.753059999999999974e+01 1.303080000000000000e+06
3.773020000000000351e+01 1.213611000000000000e+06
3.756049999999999756e+01 1.730589000000000000e+06
3.757050000000000267e+01 2.130182000000000000e+06
3.745080000000000098e+01 1.843336000000000000e+06
3.722129999999999939e+01 1.685897000000000000e+06
3.650280000000000058e+01 1.404660000000000000e+06
3.652270000000000039e+01 1.807726000000000000e+06
3.609360000000000213e+01 1.147670000000000000e+06
3.618350000000000222e+01 1.212906000000000000e+06
3.604379999999999740e+01 1.384873000000000000e+06
3.649280000000000257e+01 9.940470000000000000e+05
3.633310000000000173e+01 1.427361000000000000e+06
3.662250000000000227e+01 1.225498000000000000e+06
3.667240000000000322e+01 2.568413000000000000e+06
3.692190000000000083e+01 2.266782000000000000e+06
3.744080000000000297e+01 2.758812000000000000e+06
3.747070000000000078e+01 3.143882000000000000e+06
3.723120000000000118e+01 3.570877000000000000e+06
3.670239999999999725e+01 3.658413000000000000e+06
3.556479999999999819e+01 2.134809000000000000e+06
3.617349999999999710e+01 1.482878000000000000e+06
3.658259999999999934e+01 1.141445000000000000e+06
3.669239999999999924e+01 1.510977000000000000e+06
3.685199999999999676e+01 8.519550000000000000e+05
3.663250000000000028e+01 1.243949000000000000e+06
3.642289999999999850e+01 8.534790000000000000e+05
3.658259999999999934e+01 3.148913000000000000e+06
3.643289999999999651e+01 2.886353000000000000e+06
3.629319999999999879e+01 1.406530000000000000e+06
3.691190000000000282e+01 8.796280000000000000e+05
3.747070000000000078e+01 1.068024000000000000e+06
3.697180000000000177e+01 1.115399000000000000e+06
3.761039999999999850e+01 1.051195000000000000e+06
3.768030000000000257e+01 9.745620000000000000e+05
3.724119999999999919e+01 2.226724000000000000e+06
3.742079999999999984e+01 1.223116000000000000e+06
3.698179999999999978e+01 2.433583000000000000e+06
3.724119999999999919e+01 2.864364000000000000e+06
3.716140000000000043e+01 1.351651000000000000e+06
3.739090000000000202e+01 2.551307000000000000e+06
3.698179999999999978e+01 1.541161000000000000e+06
3.648279999999999745e+01 9.842390000000000000e+05
3.634309999999999974e+01 9.831790000000000000e+05
3.634309999999999974e+01 1.099975000000000000e+06
3.626330000000000098e+01 1.318433000000000000e+06
3.623329999999999984e+01 9.069210000000000000e+05
3.616349999999999909e+01 1.142727000000000000e+06
3.580429999999999779e+01 1.627743000000000000e+06
3.518560000000000088e+01 1.003013000000000000e+06
3.524539999999999651e+01 1.250624000000000000e+06
3.518560000000000088e+01 1.096279000000000000e+06
3.547500000000000142e+01 1.715033000000000000e+06
3.495609999999999928e+01 1.234011000000000000e+06
3.495609999999999928e+01 4.334759000000000000e+06
3.503589999999999804e+01 8.359730000000000000e+05
3.502590000000000003e+01 1.204826000000000000e+06
3.460679999999999978e+01 4.615980000000000000e+05
3.477640000000000242e+01 1.085913000000000000e+06
3.455689999999999884e+01 1.329619000000000000e+06
3.467660000000000053e+01 6.928520000000000000e+05
3.466669999999999874e+01 1.487136000000000000e+06
3.476650000000000063e+01 1.151648000000000000e+06
3.453690000000000282e+01 1.779672000000000000e+06
3.481629999999999825e+01 1.437001000000000000e+06
3.496600000000000108e+01 2.168963000000000000e+06
3.557469999999999999e+01 3.663429000000000000e+06
3.612360000000000326e+01 4.387897000000000000e+06
3.558469999999999800e+01 3.742366000000000000e+06
3.627329999999999899e+01 9.132756000000000000e+06
3.512570000000000192e+01 2.120049000000000000e+06
3.508579999999999899e+01 3.907133000000000000e+06
3.581419999999999959e+01 4.682532000000000000e+06
3.602380000000000138e+01 8.660118000000000000e+06
3.277069999999999794e+01 4.398316000000000000e+06
3.259109999999999729e+01 1.445828000000000000e+06
3.196239999999999881e+01 1.331455000000000000e+06
3.189249999999999829e+01 8.412110000000000000e+05
3.215200000000000102e+01 1.172178000000000000e+06
3.248129999999999740e+01 1.562888000000000000e+06
3.303009999999999735e+01 1.814565000000000000e+06
3.253119999999999834e+01 6.317290000000000000e+05
3.221189999999999998e+01 8.325010000000000000e+05
3.123389999999999844e+01 1.423020000000000000e+06
3.033579999999999899e+01 1.117307000000000000e+06
3.114410000000000167e+01 1.301574000000000000e+06
3.262100000000000222e+01 1.671200000000000000e+05
3.223179999999999978e+01 7.240250000000000000e+05
3.259109999999999729e+01 2.724840000000000000e+05
3.266089999999999804e+01 4.942130000000000000e+05
3.258109999999999928e+01 2.999880000000000000e+05
3.234159999999999968e+01 6.382360000000000000e+05
3.236149999999999949e+01 6.053710000000000000e+05
3.271079999999999899e+01 3.872400000000000000e+05
3.268090000000000117e+01 6.774620000000000000e+05
3.303009999999999735e+01 6.058890000000000000e+05
3.326959999999999695e+01 3.394070000000000000e+05
3.347919999999999874e+01 4.277840000000000000e+05
3.333950000000000102e+01 3.069640000000000000e+05
3.368869999999999720e+01 2.629010000000000000e+05
3.388830000000000098e+01 1.822960000000000000e+05
3.382840000000000202e+01 4.857730000000000000e+05
3.374860000000000326e+01 4.682840000000000000e+05
3.429740000000000322e+01 8.462660000000000000e+05
3.416770000000000351e+01 6.502960000000000000e+05
3.382840000000000202e+01 6.181780000000000000e+05
3.409790000000000276e+01 4.598990000000000000e+05
3.433740000000000236e+01 4.375420000000000000e+05
3.439719999999999800e+01 6.574370000000000000e+05
3.420759999999999934e+01 1.083461000000000000e+06
3.395819999999999794e+01 7.165800000000000000e+05
3.391819999999999879e+01 6.487330000000000000e+05
3.342929999999999779e+01 4.112570000000000000e+05
3.357900000000000063e+01 5.108170000000000000e+05
3.362890000000000157e+01 4.473140000000000000e+05
3.381850000000000023e+01 7.919250000000000000e+05
3.408789999999999765e+01 2.358150000000000000e+05
3.441720000000000113e+01 6.471960000000000000e+05
3.432739999999999725e+01 6.725420000000000000e+05
3.442719999999999914e+01 5.215450000000000000e+05
3.433740000000000236e+01 5.909930000000000000e+05
3.485629999999999740e+01 1.839547000000000000e+06
3.456689999999999685e+01 3.672700000000000000e+05
3.529529999999999745e+01 6.449950000000000000e+05
3.481629999999999825e+01 4.977180000000000000e+05
3.481629999999999825e+01 4.170810000000000000e+05
3.478640000000000043e+01 4.699280000000000000e+05
3.500589999999999691e+01 2.689490000000000000e+05
3.499600000000000222e+01 4.812400000000000000e+05
3.524539999999999651e+01 5.955010000000000000e+05
3.507580000000000098e+01 3.607860000000000000e+05
3.495609999999999928e+01 1.214639000000000000e+06
3.545499999999999829e+01 7.126620000000000000e+05
3.553479999999999706e+01 5.180210000000000000e+05
3.544500000000000028e+01 1.106781000000000000e+06
3.518059999999999832e+01 6.907370000000000000e+05
3.499600000000000222e+01 5.622440000000000000e+05
3.453690000000000282e+01 1.168123000000000000e+06
3.458679999999999666e+01 3.672410000000000000e+05
3.413779999999999859e+01 1.250514000000000000e+06
3.410779999999999745e+01 5.352230000000000000e+05
3.442719999999999914e+01 7.480310000000000000e+05
3.424750000000000227e+01 9.083550000000000000e+05
3.516559999999999775e+01 6.976270000000000000e+05
3.517560000000000286e+01 5.792990000000000000e+05
3.527539999999999765e+01 1.257174000000000000e+06
3.493610000000000326e+01 1.737825000000000000e+06
3.487619999999999720e+01 4.297030000000000000e+05
3.455689999999999884e+01 1.044671000000000000e+06
3.423760000000000048e+01 3.202702000000000000e+06
3.350909999999999656e+01 3.854754000000000000e+06
3.421759999999999735e+01 7.409171000000000000e+06
3.343930000000000291e+01 1.027854200000000000e+07
2.942770000000000152e+01 3.359360000000000000e+05
2.951760000000000161e+01 3.275430000000000000e+05
2.918830000000000169e+01 3.443670000000000000e+05
2.900860000000000127e+01 3.330060000000000000e+05
2.896869999999999834e+01 3.014120000000000000e+05
2.892879999999999896e+01 4.280300000000000000e+05
2.890879999999999939e+01 8.980600000000000000e+05
2.865940000000000154e+01 5.754960000000000000e+05
2.853460000000000107e+01 5.057660000000000000e+05
2.852959999999999852e+01 6.057300000000000000e+05
2.850969999999999871e+01 6.296820000000000000e+05
2.843980000000000175e+01 5.352180000000000000e+05
2.816039999999999921e+01 7.732700000000000000e+05
2.817040000000000077e+01 1.186749000000000000e+06
2.776129999999999853e+01 7.122770000000000000e+05
2.788100000000000023e+01 5.816310000000000000e+05
2.775130000000000052e+01 6.401570000000000000e+05
2.755170000000000030e+01 5.056000000000000000e+05
2.747190000000000154e+01 4.631760000000000000e+05
2.776129999999999853e+01 4.412750000000000000e+05
2.813050000000000139e+01 3.262350000000000000e+05
2.802070000000000149e+01 4.911170000000000000e+05
2.786110000000000042e+01 5.728840000000000000e+05
2.732219999999999871e+01 2.340050000000000000e+05
2.709270000000000067e+01 6.480880000000000000e+05
2.645400000000000063e+01 7.050890000000000000e+05
2.694300000000000139e+01 9.842270000000000000e+05
2.707270000000000110e+01 6.527860000000000000e+05
2.742200000000000060e+01 7.033080000000000000e+05
2.783109999999999928e+01 3.779520000000000000e+05
2.824030000000000129e+01 6.562700000000000000e+05
2.833010000000000161e+01 2.798250000000000000e+05
2.867930000000000135e+01 4.287550000000000000e+05
2.876910000000000167e+01 4.810010000000000000e+05
2.830010000000000048e+01 8.259070000000000000e+05
2.840990000000000038e+01 5.979760000000000000e+05
2.851970000000000027e+01 6.887480000000000000e+05
2.835000000000000142e+01 1.159980000000000000e+06
2.791100000000000136e+01 5.316400000000000000e+05
2.824030000000000129e+01 1.356994000000000000e+06
2.698290000000000077e+01 5.267660000000000000e+05
2.666359999999999886e+01 4.656860000000000000e+05
2.702280000000000015e+01 6.000350000000000000e+05
2.734219999999999828e+01 5.382140000000000000e+05
2.787099999999999866e+01 4.710600000000000000e+05
2.785109999999999886e+01 3.149240000000000000e+05
2.835000000000000142e+01 6.414440000000000000e+05
2.815040000000000120e+01 6.391150000000000000e+05
2.844979999999999976e+01 1.871613000000000000e+06
2.883899999999999864e+01 6.531390000000000000e+05
2.926810000000000045e+01 7.780930000000000000e+05
2.968720000000000070e+01 4.806700000000000000e+05
2.947759999999999891e+01 8.576740000000000000e+05
3.010630000000000095e+01 2.794230000000000000e+05
3.028590000000000160e+01 5.651120000000000000e+05
3.005640000000000001e+01 5.496050000000000000e+05
2.981690000000000040e+01 5.037470000000000000e+05
2.978699999999999903e+01 2.536790000000000000e+05
2.947759999999999891e+01 4.716350000000000000e+05
2.907849999999999824e+01 3.510320000000000000e+05
2.911840000000000117e+01 4.493760000000000000e+05
2.901859999999999928e+01 9.057760000000000000e+05
2.941779999999999973e+01 5.785360000000000000e+05
2.914829999999999899e+01 3.380750000000000000e+05
2.882900000000000063e+01 6.088680000000000000e+05
2.877909999999999968e+01 5.329900000000000000e+05
2.883899999999999864e+01 4.308000000000000000e+05
2.882900000000000063e+01 4.070290000000000000e+05
2.917830000000000013e+01 7.042280000000000000e+05
2.948760000000000048e+01 5.328140000000000000e+05
2.937790000000000035e+01 4.354970000000000000e+05
2.950760000000000005e+01 5.321560000000000000e+05
2.888889999999999958e+01 2.939910000000000000e+05
2.926810000000000045e+01 4.858590000000000000e+05
2.983689999999999998e+01 7.182100000000000000e+05
2.943769999999999953e+01 1.008542000000000000e+06
2.904850000000000065e+01 4.012430000000000000e+05
2.920820000000000149e+01 1.170014000000000000e+06
2.891880000000000095e+01 3.696040000000000000e+05
2.917830000000000013e+01 2.068000000000000000e+05
2.925809999999999889e+01 2.716600000000000000e+05
2.925809999999999889e+01 3.082820000000000000e+05
2.900860000000000127e+01 2.458130000000000000e+05
2.907849999999999824e+01 4.670500000000000000e+05
2.886890000000000001e+01 5.724960000000000000e+05
2.861949999999999861e+01 8.253650000000000000e+05
2.889890000000000114e+01 4.648210000000000000e+05
2.948760000000000048e+01 3.783220000000000000e+05
2.963729999999999976e+01 9.600840000000000000e+05
2.995660000000000167e+01 8.325710000000000000e+05
2.937790000000000035e+01 1.239460000000000000e+06
2.983689999999999998e+01 4.684250000000000000e+05
3.039570000000000149e+01 2.043700000000000000e+05
3.051539999999999964e+01 5.235220000000000000e+05
3.042559999999999931e+01 7.990720000000000000e+05
3.043560000000000088e+01 1.842260000000000000e+05
3.046559999999999846e+01 2.489290000000000000e+05
3.056530000000000058e+01 4.553500000000000000e+05
3.018609999999999971e+01 1.425310000000000000e+05
3.026599999999999824e+01 7.673050000000000000e+05
3.038569999999999993e+01 3.594060000000000000e+05
3.043560000000000088e+01 5.697240000000000000e+05
3.022609999999999886e+01 5.094390000000000000e+05
3.035579999999999856e+01 2.431060000000000000e+05
3.065510000000000090e+01 1.740040000000000000e+05
3.047550000000000026e+01 4.944100000000000000e+05
3.057529999999999859e+01 4.728750000000000000e+05
2.972710000000000008e+01 1.520980000000000000e+05
2.966720000000000113e+01 1.434100000000000000e+05
3.017620000000000147e+01 2.781650000000000000e+05
2.993669999999999831e+01 4.768340000000000000e+05
2.961730000000000018e+01 1.920480000000000000e+05
2.946770000000000067e+01 1.754810000000000000e+05
2.960739999999999839e+01 2.064230000000000000e+05
2.983689999999999998e+01 2.639220000000000000e+05
2.948760000000000048e+01 4.503060000000000000e+05
2.907849999999999824e+01 5.064760000000000000e+05
2.893880000000000052e+01 2.956290000000000000e+05
2.837999999999999901e+01 3.333150000000000000e+05
2.843980000000000175e+01 4.706350000000000000e+05
2.883899999999999864e+01 4.480290000000000000e+05
2.892879999999999896e+01 2.438860000000000000e+05
2.932799999999999940e+01 1.791710000000000000e+05
2.917830000000000013e+01 3.264420000000000000e+05
2.918830000000000169e+01 3.668350000000000000e+05
2.935790000000000077e+01 6.035760000000000000e+05
2.930799999999999983e+01 4.960940000000000000e+05
2.919819999999999993e+01 4.759960000000000000e+05
2.934789999999999921e+01 6.502970000000000000e+05
2.878910000000000124e+01 2.485790000000000000e+05
2.868929999999999936e+01 3.783120000000000000e+05
2.837000000000000099e+01 8.700700000000000000e+05
2.854960000000000164e+01 4.946190000000000000e+05
2.875919999999999987e+01 6.261970000000000000e+05
2.872919999999999874e+01 4.193540000000000000e+05
2.895870000000000033e+01 6.515710000000000000e+05
2.869930000000000092e+01 3.809750000000000000e+05
2.824030000000000129e+01 8.228290000000000000e+05
2.851970000000000027e+01 2.077980000000000000e+05
2.841989999999999839e+01 3.195040000000000000e+05
2.823029999999999973e+01 4.193570000000000000e+05
2.833010000000000161e+01 2.866280000000000000e+05
2.791590000000000060e+01 5.681760000000000000e+05
2.785109999999999886e+01 6.800800000000000000e+05
2.878910000000000124e+01 6.609490000000000000e+05
2.912839999999999918e+01 5.777720000000000000e+05
2.946770000000000067e+01 7.192690000000000000e+05
2.923809999999999931e+01 7.024650000000000000e+05
2.923809999999999931e+01 5.945100000000000000e+05
2.946770000000000067e+01 1.473787000000000000e+06
2.936789999999999878e+01 1.890761000000000000e+06
2.830010000000000048e+01 7.068390000000000000e+05
2.699289999999999878e+01 3.175230000000000000e+05
2.755170000000000030e+01 8.525900000000000000e+05
2.667360000000000042e+01 4.520700000000000000e+05
2.657379999999999853e+01 2.053060000000000000e+05
2.652390000000000114e+01 4.370530000000000000e+05
2.621450000000000102e+01 2.972260000000000000e+05
2.647400000000000020e+01 2.878590000000000000e+05
2.656380000000000052e+01 4.170790000000000000e+05
2.646399999999999864e+01 4.585060000000000000e+05
2.647400000000000020e+01 3.042270000000000000e+05
2.623450000000000060e+01 2.472050000000000000e+05
2.611479999999999890e+01 4.890470000000000000e+05
2.664359999999999928e+01 3.809900000000000000e+05
2.649399999999999977e+01 3.054190000000000000e+05
2.636420000000000030e+01 1.445980000000000000e+05
2.621450000000000102e+01 1.581160000000000000e+05
2.640409999999999968e+01 2.607370000000000000e+05
2.650390000000000157e+01 6.898760000000000000e+05
2.638419999999999987e+01 2.018640000000000000e+05
2.621450000000000102e+01 1.728810000000000000e+05
2.638419999999999987e+01 6.322450000000000000e+05
2.623450000000000060e+01 3.678550000000000000e+05
2.620459999999999923e+01 2.938900000000000000e+05
2.623450000000000060e+01 1.930780000000000000e+05
2.625450000000000017e+01 2.821360000000000000e+05
2.625450000000000017e+01 4.003190000000000000e+05
2.628440000000000154e+01 2.863720000000000000e+05
2.645400000000000063e+01 2.746200000000000000e+05
2.633429999999999893e+01 6.786630000000000000e+05
2.551599999999999824e+01 5.516140000000000000e+05
2.557590000000000074e+01 4.227690000000000000e+05
2.629439999999999955e+01 3.215640000000000000e+05
2.658380000000000010e+01 4.041650000000000000e+05
2.664359999999999928e+01 4.272220000000000000e+05
2.666359999999999886e+01 1.583280000000000000e+05
2.663370000000000104e+01 2.585610000000000000e+05
2.642409999999999926e+01 3.283710000000000000e+05
2.661370000000000147e+01 3.875810000000000000e+05
2.651389999999999958e+01 2.486830000000000000e+05
2.675339999999999918e+01 3.039280000000000000e+05
2.673339999999999961e+01 3.050860000000000000e+05
2.682329999999999970e+01 2.857330000000000000e+05
2.670349999999999824e+01 4.663880000000000000e+05
2.657379999999999853e+01 7.140520000000000000e+05
2.645400000000000063e+01 1.723334000000000000e+06
2.657379999999999853e+01 1.132963000000000000e+06
2.645400000000000063e+01 5.966123000000000000e+06
2.619460000000000122e+01 1.732049000000000000e+06
2.674340000000000117e+01 3.102410000000000000e+05
2.675339999999999918e+01 1.052601000000000000e+06
2.669350000000000023e+01 1.072667000000000000e+06
2.675339999999999918e+01 6.057750000000000000e+05
2.653389999999999915e+01 6.217800000000000000e+05
2.633429999999999893e+01 6.973560000000000000e+05
2.607479999999999976e+01 5.740460000000000000e+05
2.629439999999999955e+01 5.505780000000000000e+05
2.612470000000000070e+01 5.452350000000000000e+05
2.621450000000000102e+01 5.688290000000000000e+05
2.628440000000000154e+01 4.365620000000000000e+05
2.610480000000000089e+01 3.484420000000000000e+05
2.627439999999999998e+01 6.117800000000000000e+05
2.630440000000000111e+01 1.055258000000000000e+06
2.600499999999999901e+01 1.600340000000000000e+06
2.599500000000000099e+01 5.433180000000000000e+05
2.587529999999999930e+01 2.961340000000000000e+05
2.566570000000000107e+01 3.642810000000000000e+05
2.556589999999999918e+01 2.917930000000000000e+05
2.566570000000000107e+01 3.866470000000000000e+05
2.585529999999999973e+01 7.527180000000000000e+05
2.613469999999999871e+01 3.728940000000000000e+05
2.630440000000000111e+01 1.653560000000000000e+05
2.559590000000000032e+01 3.925340000000000000e+05
2.580539999999999878e+01 1.629860000000000000e+05
2.570560000000000045e+01 1.811260000000000000e+05
2.574549999999999983e+01 3.542180000000000000e+05
2.588520000000000110e+01 4.075300000000000000e+05
2.593509999999999849e+01 3.059170000000000000e+05
2.576549999999999940e+01 1.314710000000000000e+05
2.572560000000000002e+01 3.650490000000000000e+05
2.584530000000000172e+01 6.029470000000000000e+05
2.597510000000000119e+01 3.379170000000000000e+05
2.642409999999999926e+01 3.882330000000000000e+05
2.658380000000000010e+01 1.811140000000000000e+05
2.673339999999999961e+01 2.712500000000000000e+05
2.705280000000000129e+01 2.515280000000000000e+05
2.690309999999999846e+01 3.561810000000000000e+05
2.699289999999999878e+01 1.072810000000000000e+05
2.707270000000000110e+01 2.518100000000000000e+05
2.709270000000000067e+01 2.127250000000000000e+05
2.714260000000000161e+01 4.380020000000000000e+05
2.717249999999999943e+01 6.099400000000000000e+05
2.712259999999999849e+01 1.244417000000000000e+06
2.684319999999999951e+01 4.554530000000000000e+05
2.703280000000000172e+01 2.109710000000000000e+05
2.668359999999999843e+01 3.066440000000000000e+05
2.687320000000000064e+01 1.625490000000000000e+05
2.679329999999999856e+01 2.743960000000000000e+05
2.696300000000000097e+01 1.710680000000000000e+05
2.728229999999999933e+01 4.511490000000000000e+05
2.719249999999999901e+01 2.813340000000000000e+05
2.697289999999999921e+01 6.096210000000000000e+05
2.674340000000000117e+01 1.963190000000000000e+05
2.636420000000000030e+01 2.528000000000000000e+05
2.633429999999999893e+01 2.366670000000000000e+05
2.584530000000000172e+01 3.146960000000000000e+05
2.599500000000000099e+01 3.066580000000000000e+05
2.556589999999999918e+01 5.807370000000000000e+05
2.573560000000000159e+01 4.789520000000000000e+05
2.596509999999999962e+01 2.834930000000000000e+05
2.582539999999999836e+01 4.662570000000000000e+05
2.625450000000000017e+01 1.933620000000000000e+05
2.629439999999999955e+01 5.942280000000000000e+05
2.674340000000000117e+01 3.150130000000000000e+05
2.708269999999999911e+01 1.180729000000000000e+06
2.659369999999999834e+01 2.911280000000000000e+05
2.649399999999999977e+01 5.217630000000000000e+05
2.646399999999999864e+01 7.408590000000000000e+05
2.644409999999999883e+01 4.841670000000000000e+05
2.631429999999999936e+01 1.974840000000000000e+05
2.629439999999999955e+01 2.696370000000000000e+05
2.614470000000000027e+01 1.044604000000000000e+06
2.604489999999999839e+01 6.168090000000000000e+05
2.597510000000000119e+01 6.719040000000000000e+05
2.608480000000000132e+01 1.231022000000000000e+06
2.675339999999999918e+01 1.588387000000000000e+06
2.690309999999999846e+01 2.450980000000000000e+05
2.668359999999999843e+01 3.307940000000000000e+05
2.648400000000000176e+01 2.284130000000000000e+05
2.637419999999999831e+01 1.512280000000000000e+05
2.642409999999999926e+01 1.170430000000000000e+05
2.638419999999999987e+01 3.219460000000000000e+05
2.635419999999999874e+01 1.593500000000000000e+05
2.631429999999999936e+01 3.130760000000000000e+05
2.619460000000000122e+01 1.705520000000000000e+05
2.624449999999999861e+01 3.108190000000000000e+05
2.667360000000000042e+01 5.306020000000000000e+05
2.635419999999999874e+01 4.713120000000000000e+05
2.577550000000000097e+01 1.451570000000000000e+05
2.581540000000000035e+01 1.840970000000000000e+05
2.550600000000000023e+01 3.892690000000000000e+05
2.560579999999999856e+01 1.492570000000000000e+05
2.560579999999999856e+01 4.363830000000000000e+05
2.593509999999999849e+01 2.570140000000000000e+05
2.539630000000000010e+01 3.716520000000000000e+05
2.629439999999999955e+01 5.226730000000000000e+05
2.676340000000000074e+01 3.207550000000000000e+05
2.637419999999999831e+01 2.330640000000000000e+05
2.677339999999999876e+01 2.305210000000000000e+05
2.689310000000000045e+01 4.341350000000000000e+05
2.642409999999999926e+01 4.570650000000000000e+05
2.555590000000000117e+01 5.331870000000000000e+05
2.590520000000000067e+01 3.400330000000000000e+05
2.654380000000000095e+01 8.232740000000000000e+05
2.637419999999999831e+01 1.284690000000000000e+05
2.648400000000000176e+01 8.524800000000000000e+04
2.643410000000000082e+01 8.395900000000000000e+04
2.643410000000000082e+01 1.010960000000000000e+05
2.649399999999999977e+01 4.379000000000000000e+04
2.663370000000000104e+01 3.946120000000000000e+05
2.591519999999999868e+01 4.930030000000000000e+05
2.498710000000000164e+01 4.352770000000000000e+05
2.526650000000000063e+01 5.371670000000000000e+05
2.491730000000000089e+01 2.192450000000000000e+05
2.490729999999999933e+01 1.905735000000000000e+06
2.539630000000000010e+01 3.873510000000000000e+05
2.552599999999999980e+01 8.895120000000000000e+05
2.626439999999999841e+01 2.575880000000000000e+05
2.606490000000000151e+01 7.456640000000000000e+05
2.644409999999999883e+01 9.371800000000000000e+05
2.580539999999999878e+01 4.515730000000000000e+05
2.525659999999999883e+01 6.646210000000000000e+05
2.485739999999999839e+01 4.958990000000000000e+05
2.504700000000000060e+01 3.892230000000000000e+05
2.514679999999999893e+01 2.989470000000000000e+05
2.502710000000000079e+01 4.295700000000000000e+05
2.537630000000000052e+01 2.333220000000000000e+05
2.554599999999999937e+01 2.060320000000000000e+05
2.534639999999999915e+01 4.630220000000000000e+05
2.545609999999999928e+01 8.004700000000000000e+05
2.568570000000000064e+01 3.949660000000000000e+05
2.581540000000000035e+01 6.798580000000000000e+05
2.544620000000000104e+01 4.202470000000000000e+05
2.528650000000000020e+01 4.225110000000000000e+05
2.476760000000000161e+01 4.295960000000000000e+05
2.486739999999999995e+01 4.592170000000000000e+05
2.490729999999999933e+01 3.835270000000000000e+05
2.505699999999999861e+01 4.674500000000000000e+05
2.402919999999999945e+01 3.917760000000000000e+05
2.368990000000000151e+01 2.089640000000000000e+05
2.374980000000000047e+01 3.375060000000000000e+05
2.417889999999999873e+01 3.578220000000000000e+05
2.470769999999999911e+01 3.459330000000000000e+05
2.394930000000000092e+01 1.248710000000000000e+05
2.455799999999999983e+01 5.082680000000000000e+05
2.548610000000000042e+01 3.744390000000000000e+05
2.435849999999999937e+01 2.196630000000000000e+05
2.398930000000000007e+01 2.941700000000000000e+05
2.339049999999999940e+01 3.810460000000000000e+05
2.264209999999999923e+01 4.167940000000000000e+05
2.366989999999999839e+01 2.491080000000000000e+05
2.368990000000000151e+01 4.015180000000000000e+05
2.316100000000000136e+01 2.554430000000000000e+05
2.299139999999999873e+01 4.552830000000000000e+05
2.292150000000000176e+01 1.541790000000000000e+05
2.294150000000000134e+01 3.232960000000000000e+05
2.291150000000000020e+01 3.030050000000000000e+05
2.291150000000000020e+01 6.327520000000000000e+05
2.291150000000000020e+01 9.785480000000000000e+05
2.260219999999999985e+01 6.670590000000000000e+05
2.191359999999999886e+01 4.950360000000000000e+05
2.216310000000000002e+01 4.089260000000000000e+05
2.256230000000000047e+01 1.348513000000000000e+06
2.099559999999999960e+01 1.049318000000000000e+06
2.239260000000000161e+01 5.822850000000000000e+05
2.321089999999999876e+01 3.793330000000000000e+05
2.288159999999999883e+01 3.469820000000000000e+05
2.325080000000000169e+01 3.352140000000000000e+05
2.330069999999999908e+01 4.085600000000000000e+05
2.361009999999999920e+01 3.059810000000000000e+05
2.365990000000000038e+01 1.537060000000000000e+05
2.355020000000000024e+01 1.998670000000000000e+05
2.377969999999999828e+01 2.136430000000000000e+05
2.366989999999999839e+01 3.392000000000000000e+05
2.397929999999999851e+01 2.541000000000000000e+05
2.412900000000000134e+01 2.527000000000000000e+05
2.419879999999999853e+01 3.552000000000000000e+05
2.416890000000000072e+01 1.146000000000000000e+05
2.434850000000000136e+01 8.980000000000000000e+04
2.442830000000000013e+01 1.286000000000000000e+05
2.441829999999999856e+01 3.046000000000000000e+05
2.474759999999999849e+01 2.025000000000000000e+05
2.443830000000000169e+01 9.291000000000000000e+05
2.434850000000000136e+01 6.031000000000000000e+05
2.462790000000000035e+01 2.430000000000000000e+05
2.482750000000000057e+01 6.568000000000000000e+05
2.483749999999999858e+01 2.886000000000000000e+05
2.533640000000000114e+01 1.999000000000000000e+05
2.495720000000000027e+01 2.147000000000000000e+05
2.495720000000000027e+01 5.017000000000000000e+05
2.495720000000000027e+01 3.582000000000000000e+05
2.516679999999999851e+01 4.689000000000000000e+05
2.527649999999999864e+01 8.836000000000000000e+05
2.515680000000000049e+01 5.021000000000000000e+05
2.533640000000000114e+01 4.525000000000000000e+05
2.547609999999999886e+01 2.790000000000000000e+05
2.589519999999999911e+01 8.661000000000000000e+05
2.570560000000000045e+01 5.439000000000000000e+05
2.537630000000000052e+01 6.396000000000000000e+05
2.539630000000000010e+01 5.404000000000000000e+05
2.551599999999999824e+01 3.126000000000000000e+05
2.536629999999999896e+01 9.753000000000000000e+05
2.611479999999999890e+01 5.503000000000000000e+05
2.577550000000000097e+01 1.523000000000000000e+05
2.545609999999999928e+01 1.873000000000000000e+05
2.534639999999999915e+01 1.095000000000000000e+05
2.515680000000000049e+01 1.287000000000000000e+05
2.504700000000000060e+01 2.085000000000000000e+05
2.540630000000000166e+01 1.922000000000000000e+05
2.494719999999999871e+01 4.007000000000000000e+05
2.525659999999999883e+01 3.676000000000000000e+05
2.593509999999999849e+01 2.207000000000000000e+05
2.590520000000000067e+01 2.373000000000000000e+05
2.607479999999999976e+01 3.061000000000000000e+05
2.599500000000000099e+01 7.068000000000000000e+05
2.562580000000000169e+01 5.797000000000000000e+05
2.571559999999999846e+01 1.004100000000000000e+06
2.554599999999999937e+01 1.213800000000000000e+06
2.574549999999999983e+01 1.044900000000000000e+06
2.599500000000000099e+01 4.029000000000000000e+05
2.598499999999999943e+01 2.769000000000000000e+05
2.599500000000000099e+01 2.764000000000000000e+05
2.594510000000000005e+01 5.309000000000000000e+05
2.602489999999999881e+01 2.140600000000000000e+06
2.662369999999999948e+01 4.845000000000000000e+05
2.660369999999999990e+01 4.702000000000000000e+05
2.682329999999999970e+01 2.244000000000000000e+05
2.680330000000000013e+01 4.453000000000000000e+05
2.688309999999999889e+01 2.646000000000000000e+05
2.689310000000000045e+01 4.679000000000000000e+05
2.671349999999999980e+01 1.401700000000000000e+06
2.668359999999999843e+01 9.996000000000000000e+05
2.692299999999999827e+01 6.945000000000000000e+05
2.692299999999999827e+01 1.097700000000000000e+06
2.692299999999999827e+01 1.161300000000000000e+06
2.684319999999999951e+01 9.211000000000000000e+05
2.670349999999999824e+01 1.102900000000000000e+06
2.668359999999999843e+01 1.526300000000000000e+06
2.689310000000000045e+01 3.840000000000000000e+06
2.664359999999999928e+01 3.201400000000000000e+07
