1.048100000000000023e+02 1.193816000000000000e+06
1.000400000000000063e+02 2.084252000000000000e+06
1.078599999999999994e+02 2.853185000000000000e+06
1.129800000000000040e+02 1.627212000000000000e+06
1.071400000000000006e+02 3.063690000000000000e+06
1.105499999999999972e+02 2.865269000000000000e+06
1.048799999999999955e+02 3.646422000000000000e+06
9.690999999999999659e+01 2.750435000000000000e+06
8.400000000000000000e+01 2.740882000000000000e+06
9.167000000000000171e+01 2.987842000000000000e+06
9.062000000000000455e+01 3.712016000000000000e+06
8.987999999999999545e+01 4.695580000000000000e+06
1.076899999999999977e+02 3.699856000000000000e+06
1.023599999999999994e+02 5.128914000000000000e+06
1.187099999999999937e+02 2.244627000000000000e+06
1.130100000000000051e+02 2.910971000000000000e+06
1.254200000000000017e+02 2.112994000000000000e+06
1.308199999999999932e+02 2.721815000000000000e+06
1.240000000000000000e+02 2.760829000000000000e+06
1.360500000000000114e+02 2.110569000000000000e+06
1.382100000000000080e+02 2.214990000000000000e+06
1.478899999999999864e+02 1.228700000000000000e+06
1.413600000000000136e+02 1.557197000000000000e+06
1.470800000000000125e+02 2.504941000000000000e+06
1.394900000000000091e+02 3.112235000000000000e+06
1.427400000000000091e+02 3.406937000000000000e+06
1.493899999999999864e+02 1.667780000000000000e+06
1.500600000000000023e+02 2.918784000000000000e+06
1.580800000000000125e+02 1.313101000000000000e+06
1.634300000000000068e+02 9.679080000000000000e+05
1.641399999999999864e+02 1.574310000000000000e+06
1.643899999999999864e+02 1.070708000000000000e+06
1.654199999999999875e+02 1.436201000000000000e+06
1.643199999999999932e+02 2.967361000000000000e+06
1.657899999999999920e+02 1.439956000000000000e+06
1.661100000000000136e+02 2.302381000000000000e+06
1.616999999999999886e+02 1.582595000000000000e+06
1.599300000000000068e+02 1.303778000000000000e+06
1.570000000000000000e+02 1.193042000000000000e+06
1.605300000000000011e+02 9.766180000000000000e+05
1.597599999999999909e+02 1.373281000000000000e+06
1.570399999999999920e+02 3.384339000000000000e+06
1.552500000000000000e+02 1.786059000000000000e+06
1.552500000000000000e+02 1.143230000000000000e+06
1.570000000000000000e+02 1.594972000000000000e+06
1.585000000000000000e+02 8.210910000000000000e+05
1.586699999999999875e+02 8.545540000000000000e+05
1.571599999999999966e+02 7.549160000000000000e+05
1.580999999999999943e+02 8.214320000000000000e+05
1.609099999999999966e+02 8.116640000000000000e+05
1.605000000000000000e+02 7.338120000000000000e+05
1.608499999999999943e+02 9.799080000000000000e+05
1.615099999999999909e+02 7.774130000000000000e+05
1.609699999999999989e+02 7.507440000000000000e+05
1.593700000000000045e+02 9.500080000000000000e+05
1.589300000000000068e+02 1.089547000000000000e+06
1.581500000000000057e+02 1.885061000000000000e+06
1.593000000000000114e+02 8.764030000000000000e+05
1.595000000000000000e+02 8.504410000000000000e+05
1.575999999999999943e+02 1.182144000000000000e+06
1.568000000000000114e+02 1.052869000000000000e+06
1.550000000000000000e+02 1.539150000000000000e+06
1.541899999999999977e+02 1.047163000000000000e+06
1.564099999999999966e+02 1.925893000000000000e+06
1.545099999999999909e+02 7.608940000000000000e+05
1.534499999999999886e+02 8.979360000000000000e+05
1.544399999999999977e+02 8.739210000000000000e+05
1.541399999999999864e+02 1.307260000000000000e+06
1.546999999999999886e+02 4.833690000000000000e+05
1.548700000000000045e+02 2.124739000000000000e+06
1.559499999999999886e+02 3.610166000000000000e+06
1.496899999999999977e+02 1.638095000000000000e+06
1.471599999999999966e+02 2.005418000000000000e+06
1.479900000000000091e+02 1.482485000000000000e+06
1.465300000000000011e+02 1.289530000000000000e+06
1.448499999999999943e+02 1.162883000000000000e+06
1.452899999999999920e+02 1.121464000000000000e+06
1.438400000000000034e+02 1.304091000000000000e+06
1.461200000000000045e+02 1.609474000000000000e+06
1.464000000000000057e+02 1.412409000000000000e+06
1.484900000000000091e+02 1.107832000000000000e+06
1.453499999999999943e+02 1.290281000000000000e+06
1.451399999999999864e+02 6.969520000000000000e+05
1.433400000000000034e+02 1.336916000000000000e+06
1.439399999999999977e+02 1.175545000000000000e+06
1.459799999999999898e+02 7.156900000000000000e+05
1.475200000000000102e+02 1.594954000000000000e+06
1.479600000000000080e+02 1.622326000000000000e+06
1.464900000000000091e+02 1.631305000000000000e+06
1.437400000000000091e+02 1.122376000000000000e+06
1.434799999999999898e+02 1.072186000000000000e+06
1.423600000000000136e+02 1.905790000000000000e+06
1.428600000000000136e+02 8.024600000000000000e+05
1.421200000000000045e+02 1.533916000000000000e+06
1.465000000000000000e+02 9.074980000000000000e+05
1.456999999999999886e+02 7.668410000000000000e+05
1.435699999999999932e+02 9.308330000000000000e+05
1.429399999999999977e+02 1.340507000000000000e+06
1.405200000000000102e+02 1.739242000000000000e+06
1.375900000000000034e+02 1.451326000000000000e+06
1.378400000000000034e+02 1.643056000000000000e+06
1.380399999999999920e+02 2.474841000000000000e+06
1.398899999999999864e+02 1.684856000000000000e+06
1.465000000000000000e+02 9.374540000000000000e+05
1.467400000000000091e+02 9.856570000000000000e+05
1.444199999999999875e+02 1.091004000000000000e+06
1.457400000000000091e+02 3.386542000000000000e+06
1.500900000000000034e+02 2.091206000000000000e+06
1.477500000000000000e+02 1.070544000000000000e+06
1.475099999999999909e+02 1.179865000000000000e+06
1.451699999999999875e+02 1.212055000000000000e+06
1.434799999999999898e+02 1.198036000000000000e+06
1.428600000000000136e+02 1.075554000000000000e+06
1.431399999999999864e+02 1.052910000000000000e+06
1.434900000000000091e+02 1.517785000000000000e+06
1.433499999999999943e+02 1.108730000000000000e+06
1.448300000000000125e+02 1.335681000000000000e+06
1.465600000000000023e+02 9.282360000000000000e+05
1.463600000000000136e+02 7.207030000000000000e+05
1.459799999999999898e+02 7.552560000000000000e+05
1.448899999999999864e+02 7.785650000000000000e+05
1.455800000000000125e+02 7.575850000000000000e+05
1.445300000000000011e+02 8.675350000000000000e+05
1.486999999999999886e+02 9.564400000000000000e+05
1.493000000000000114e+02 9.613950000000000000e+05
1.475200000000000102e+02 1.890611000000000000e+06
1.432400000000000091e+02 1.850390000000000000e+06
1.450300000000000011e+02 1.704339000000000000e+06
1.493799999999999955e+02 1.042840000000000000e+06
1.482500000000000000e+02 1.666492000000000000e+06
1.518400000000000034e+02 1.182571000000000000e+06
1.546500000000000057e+02 1.663430000000000000e+06
1.554199999999999875e+02 1.617915000000000000e+06
1.573400000000000034e+02 1.763096000000000000e+06
1.555999999999999943e+02 5.382869000000000000e+06
1.539199999999999875e+02 1.124442000000000000e+06
1.534399999999999977e+02 1.463189000000000000e+06
1.529399999999999977e+02 1.909348000000000000e+06
1.508400000000000034e+02 1.773042000000000000e+06
1.513499999999999943e+02 1.467163000000000000e+06
1.507299999999999898e+02 1.670186000000000000e+06
1.502299999999999898e+02 1.597196000000000000e+06
1.504099999999999966e+02 2.097064000000000000e+06
1.518700000000000045e+02 1.947843000000000000e+06
1.540699999999999932e+02 9.981400000000000000e+05
1.540800000000000125e+02 1.454268000000000000e+06
1.514600000000000080e+02 1.258187000000000000e+06
1.539099999999999966e+02 7.484990000000000000e+05
1.551500000000000057e+02 7.932530000000000000e+05
1.559799999999999898e+02 5.284270000000000000e+05
1.534600000000000080e+02 8.407200000000000000e+05
1.536599999999999966e+02 1.134197000000000000e+06
1.551200000000000045e+02 7.079760000000000000e+05
1.531500000000000057e+02 1.083112000000000000e+06
1.565500000000000114e+02 7.909920000000000000e+05
1.571899999999999977e+02 7.174010000000000000e+05
1.548199999999999932e+02 5.851610000000000000e+05
1.567199999999999989e+02 8.338990000000000000e+05
1.552100000000000080e+02 8.633790000000000000e+05
1.521500000000000057e+02 1.206371000000000000e+06
1.512100000000000080e+02 1.437298000000000000e+06
1.570800000000000125e+02 8.181530000000000000e+05
1.554099999999999966e+02 1.000600000000000000e+06
1.560000000000000000e+02 2.073935000000000000e+06
1.580999999999999943e+02 9.414560000000000000e+05
1.552500000000000000e+02 1.114313000000000000e+06
1.544499999999999886e+02 8.333920000000000000e+05
1.518000000000000114e+02 1.478419000000000000e+06
1.570800000000000125e+02 1.057574000000000000e+06
1.582100000000000080e+02 7.606340000000000000e+05
1.591699999999999875e+02 1.030387000000000000e+06
1.605300000000000011e+02 1.054452000000000000e+06
1.593000000000000114e+02 7.340800000000000000e+05
1.598799999999999955e+02 6.573340000000000000e+05
1.600900000000000034e+02 1.527917000000000000e+06
1.606100000000000136e+02 1.946776000000000000e+06
1.567599999999999909e+02 1.041135000000000000e+06
1.562700000000000102e+02 8.906980000000000000e+05
1.558499999999999943e+02 1.020098000000000000e+06
1.572800000000000011e+02 1.067406000000000000e+06
1.560200000000000102e+02 8.614200000000000000e+05
1.565699999999999932e+02 7.153260000000000000e+05
1.584000000000000057e+02 5.860870000000000000e+05
1.573600000000000136e+02 7.835340000000000000e+05
1.592400000000000091e+02 1.046867000000000000e+06
1.593499999999999943e+02 1.380244000000000000e+06
1.585399999999999920e+02 1.455915000000000000e+06
1.591399999999999864e+02 1.358874000000000000e+06
1.609000000000000057e+02 8.142100000000000000e+05
1.614600000000000080e+02 7.942490000000000000e+05
1.608899999999999864e+02 1.100845000000000000e+06
1.606999999999999886e+02 1.199738000000000000e+06
1.609000000000000057e+02 3.479000000000000000e+06
1.566299999999999955e+02 6.576580000000000000e+05
1.556299999999999955e+02 1.520974000000000000e+06
1.541399999999999864e+02 1.623864000000000000e+06
1.574300000000000068e+02 1.428467000000000000e+06
1.586699999999999875e+02 2.799390000000000000e+06
1.545200000000000102e+02 1.865791000000000000e+06
1.542400000000000091e+02 4.014272000000000000e+06
1.456599999999999966e+02 2.138729000000000000e+06
1.414499999999999886e+02 9.419580000000000000e+05
1.413000000000000114e+02 1.090431000000000000e+06
1.410800000000000125e+02 1.574565000000000000e+06
1.399000000000000057e+02 1.142596000000000000e+06
1.394300000000000068e+02 1.243089000000000000e+06
1.397199999999999989e+02 1.270356000000000000e+06
1.387400000000000091e+02 8.898870000000000000e+05
1.374099999999999966e+02 8.714810000000000000e+05
1.381699999999999875e+02 1.283456000000000000e+06
1.355699999999999932e+02 1.838287000000000000e+06
1.329499999999999886e+02 2.051563000000000000e+06
1.358499999999999943e+02 9.721590000000000000e+05
1.361299999999999955e+02 5.459510000000000000e+05
1.353199999999999932e+02 9.247420000000000000e+05
1.366100000000000136e+02 1.418541000000000000e+06
1.363799999999999955e+02 9.840850000000000000e+05
1.344399999999999977e+02 1.354995000000000000e+06
1.348199999999999932e+02 1.246630000000000000e+06
1.345699999999999932e+02 6.999180000000000000e+05
1.336699999999999875e+02 1.022199000000000000e+06
1.336699999999999875e+02 1.372548000000000000e+06
1.352400000000000091e+02 7.871930000000000000e+05
1.352700000000000102e+02 9.973440000000000000e+05
1.345500000000000114e+02 1.036762000000000000e+06
1.322800000000000011e+02 1.446371000000000000e+06
1.341599999999999966e+02 1.648593000000000000e+06
1.331399999999999864e+02 1.337529000000000000e+06
1.332199999999999989e+02 1.140354000000000000e+06
1.343700000000000045e+02 1.124856000000000000e+06
1.387700000000000102e+02 1.189414000000000000e+06
1.388400000000000034e+02 1.597501000000000000e+06
1.361399999999999864e+02 1.417057000000000000e+06
1.349900000000000091e+02 1.773665000000000000e+06
1.389000000000000057e+02 1.127332000000000000e+06
1.390900000000000034e+02 8.444380000000000000e+05
1.386999999999999886e+02 9.300420000000000000e+05
1.373600000000000136e+02 1.212413000000000000e+06
1.357899999999999920e+02 1.240764000000000000e+06
1.370200000000000102e+02 1.195240000000000000e+06
1.343700000000000045e+02 1.144835000000000000e+06
1.330099999999999909e+02 1.190671000000000000e+06
1.323100000000000023e+02 2.170287000000000000e+06
1.362899999999999920e+02 1.243017000000000000e+06
1.410800000000000125e+02 9.665460000000000000e+05
1.425200000000000102e+02 8.143170000000000000e+05
1.431800000000000068e+02 9.094490000000000000e+05
1.448100000000000023e+02 1.256068000000000000e+06
1.442899999999999920e+02 9.732760000000000000e+05
1.440399999999999920e+02 7.574170000000000000e+05
1.442599999999999909e+02 1.398913000000000000e+06
1.422299999999999898e+02 1.738010000000000000e+06
1.444000000000000057e+02 1.865014000000000000e+06
1.443000000000000114e+02 7.715610000000000000e+05
1.443100000000000023e+02 9.849040000000000000e+05
1.438499999999999943e+02 1.059503000000000000e+06
1.418400000000000034e+02 7.606980000000000000e+05
1.411500000000000057e+02 1.102350000000000000e+06
1.436599999999999966e+02 7.007740000000000000e+05
1.415900000000000034e+02 1.217754000000000000e+06
1.416500000000000057e+02 1.016074000000000000e+06
1.442599999999999909e+02 1.604526000000000000e+06
1.432500000000000000e+02 1.432897000000000000e+06
1.444499999999999886e+02 1.128234000000000000e+06
1.430800000000000125e+02 1.435530000000000000e+06
1.415300000000000011e+02 1.938978000000000000e+06
1.409799999999999898e+02 7.127000000000000000e+05
1.415500000000000114e+02 1.093194000000000000e+06
1.398499999999999943e+02 1.880472000000000000e+06
1.394099999999999966e+02 1.423400000000000000e+06
1.374300000000000068e+02 7.995130000000000000e+05
1.378499999999999943e+02 2.836399000000000000e+06
1.391899999999999977e+02 2.776929000000000000e+06
1.414900000000000091e+02 1.425418000000000000e+06
1.414900000000000091e+02 9.738650000000000000e+05
1.433499999999999943e+02 1.375615000000000000e+06
1.400999999999999943e+02 1.263275000000000000e+06
1.416399999999999864e+02 1.051395000000000000e+06
1.409900000000000091e+02 1.351914000000000000e+06
1.417700000000000102e+02 1.362441000000000000e+06
1.424600000000000080e+02 1.050594000000000000e+06
1.420200000000000102e+02 1.550041000000000000e+06
1.411899999999999977e+02 1.058400000000000000e+06
1.414900000000000091e+02 1.080264000000000000e+06
1.418499999999999943e+02 1.754495000000000000e+06
1.411299999999999955e+02 3.219613000000000000e+06
1.318199999999999932e+02 1.245536000000000000e+06
1.316599999999999966e+02 1.647057000000000000e+06
1.290999999999999943e+02 7.948930000000000000e+05
1.288100000000000023e+02 9.353670000000000000e+05
1.296500000000000057e+02 9.194950000000000000e+05
1.306599999999999966e+02 6.382280000000000000e+05
1.300900000000000034e+02 9.525310000000000000e+05
1.290200000000000102e+02 1.158077000000000000e+06
1.295600000000000023e+02 1.076824000000000000e+06
1.290099999999999909e+02 9.415290000000000000e+05
1.275600000000000023e+02 5.304810000000000000e+05
1.248900000000000006e+02 6.598230000000000000e+05
1.246899999999999977e+02 8.881520000000000000e+05
1.259800000000000040e+02 1.004430000000000000e+06
1.251099999999999994e+02 1.363839000000000000e+06
1.261299999999999955e+02 9.897210000000000000e+05
1.248599999999999994e+02 1.314263000000000000e+06
1.271899999999999977e+02 2.140093000000000000e+06
1.240900000000000034e+02 1.268486000000000000e+06
1.247399999999999949e+02 1.491445000000000000e+06
1.228799999999999955e+02 1.332471000000000000e+06
1.214899999999999949e+02 9.196110000000000000e+05
1.228100000000000023e+02 1.136003000000000000e+06
1.233599999999999994e+02 1.032394000000000000e+06
1.221599999999999966e+02 1.609272000000000000e+06
1.196299999999999955e+02 1.286786000000000000e+06
1.172000000000000028e+02 1.170756000000000000e+06
1.150699999999999932e+02 1.402417000000000000e+06
1.099599999999999937e+02 2.178879000000000000e+06
1.143100000000000023e+02 1.155698000000000000e+06
1.161700000000000017e+02 9.913810000000000000e+05
1.139099999999999966e+02 1.280514000000000000e+06
1.123799999999999955e+02 9.977300000000000000e+05
1.111899999999999977e+02 1.253032000000000000e+06
1.057000000000000028e+02 8.762540000000000000e+05
1.082199999999999989e+02 2.710717000000000000e+06
1.102000000000000028e+02 2.029108000000000000e+06
1.137900000000000063e+02 1.714459000000000000e+06
1.154599999999999937e+02 1.988900000000000000e+06
1.156599999999999966e+02 2.106081000000000000e+06
1.180199999999999960e+02 1.429297000000000000e+06
1.215000000000000000e+02 9.785800000000000000e+05
1.223400000000000034e+02 1.517874000000000000e+06
1.215000000000000000e+02 1.875361000000000000e+06
1.191200000000000045e+02 1.402755000000000000e+06
1.179800000000000040e+02 1.535153000000000000e+06
1.218499999999999943e+02 1.716513000000000000e+06
1.231500000000000057e+02 2.852224000000000000e+06
1.273799999999999955e+02 2.208841000000000000e+06
1.250699999999999932e+02 2.966367000000000000e+06
1.249500000000000028e+02 1.029785000000000000e+06
1.241800000000000068e+02 1.510970000000000000e+06
1.200699999999999932e+02 1.164870000000000000e+06
1.195799999999999983e+02 1.010093000000000000e+06
1.177300000000000040e+02 2.863690000000000000e+05
1.162099999999999937e+02 1.174620000000000000e+06
1.158499999999999943e+02 1.266194000000000000e+06
1.154399999999999977e+02 1.407070000000000000e+06
1.193900000000000006e+02 1.730728000000000000e+06
1.191299999999999955e+02 1.325065000000000000e+06
1.174099999999999966e+02 1.433521000000000000e+06
1.196599999999999966e+02 1.230010000000000000e+06
1.211200000000000045e+02 7.124630000000000000e+05
1.241700000000000017e+02 6.564860000000000000e+05
1.256899999999999977e+02 7.800640000000000000e+05
1.266200000000000045e+02 9.437390000000000000e+05
1.223700000000000045e+02 8.588730000000000000e+05
1.216700000000000017e+02 1.847735000000000000e+06
1.217099999999999937e+02 1.135796000000000000e+06
1.222399999999999949e+02 1.050608000000000000e+06
1.229300000000000068e+02 1.391750000000000000e+06
1.198299999999999983e+02 1.433785000000000000e+06
1.208100000000000023e+02 1.969361000000000000e+06
1.201899999999999977e+02 2.385772000000000000e+06
1.199200000000000017e+02 1.809372000000000000e+06
1.152399999999999949e+02 1.954565000000000000e+06
1.224800000000000040e+02 2.968120000000000000e+06
1.264500000000000028e+02 2.807000000000000000e+06
1.268900000000000006e+02 1.574001000000000000e+06
1.284199999999999875e+02 8.074860000000000000e+05
1.293799999999999955e+02 6.999140000000000000e+05
1.296100000000000136e+02 9.303710000000000000e+05
1.242600000000000051e+02 6.759310000000000000e+05
1.247900000000000063e+02 8.177840000000000000e+05
1.225799999999999983e+02 1.626682000000000000e+06
1.228100000000000023e+02 8.790710000000000000e+05
1.273799999999999955e+02 9.457530000000000000e+05
1.264399999999999977e+02 8.219210000000000000e+05
1.277900000000000063e+02 1.072643000000000000e+06
1.270000000000000000e+02 9.396310000000000000e+05
1.303499999999999943e+02 9.937250000000000000e+05
1.301999999999999886e+02 9.678790000000000000e+05
1.300699999999999932e+02 1.538667000000000000e+06
1.297400000000000091e+02 1.106579000000000000e+06
1.307700000000000102e+02 8.268930000000000000e+05
1.299300000000000068e+02 1.387085000000000000e+06
1.298199999999999932e+02 1.150648000000000000e+06
1.285600000000000023e+02 8.070590000000000000e+05
1.275799999999999983e+02 2.623377000000000000e+06
1.271700000000000017e+02 1.254273000000000000e+06
1.252300000000000040e+02 7.476420000000000000e+05
1.255499999999999972e+02 1.513444000000000000e+06
1.250699999999999932e+02 1.272732000000000000e+06
1.265900000000000034e+02 5.602070000000000000e+05
1.265100000000000051e+02 1.167710000000000000e+06
1.251500000000000057e+02 1.268309000000000000e+06
1.249899999999999949e+02 2.235883000000000000e+06
1.279200000000000017e+02 5.292080000000000000e+05
1.270199999999999960e+02 1.014546000000000000e+06
1.268799999999999955e+02 1.066201000000000000e+06
1.259500000000000028e+02 1.301749000000000000e+06
1.280399999999999920e+02 8.106760000000000000e+05
1.270900000000000034e+02 7.366950000000000000e+05
1.259099999999999966e+02 4.589670000000000000e+05
1.261899999999999977e+02 6.826770000000000000e+05
1.265600000000000023e+02 4.660970000000000000e+05
1.264200000000000017e+02 8.527310000000000000e+05
1.254200000000000017e+02 1.011349000000000000e+06
1.243900000000000006e+02 8.849200000000000000e+05
1.238599999999999994e+02 1.122108000000000000e+06
1.225199999999999960e+02 1.899973000000000000e+06
1.202999999999999972e+02 1.405354000000000000e+06
1.202800000000000011e+02 8.338920000000000000e+05
1.210300000000000011e+02 4.912730000000000000e+05
1.202000000000000028e+02 1.111266000000000000e+06
1.212000000000000028e+02 8.378970000000000000e+05
1.207999999999999972e+02 5.914220000000000000e+05
1.211500000000000057e+02 4.857150000000000000e+05
1.217000000000000028e+02 5.889180000000000000e+05
1.219800000000000040e+02 4.374450000000000000e+05
1.228599999999999994e+02 6.501730000000000000e+05
1.221599999999999966e+02 1.299873000000000000e+06
1.231400000000000006e+02 7.424910000000000000e+05
1.243599999999999994e+02 1.321038000000000000e+06
1.220600000000000023e+02 8.612030000000000000e+05
1.219399999999999977e+02 1.221093000000000000e+06
1.209200000000000017e+02 1.109052000000000000e+06
1.204500000000000028e+02 8.122040000000000000e+05
1.220300000000000011e+02 2.457711000000000000e+06
1.252399999999999949e+02 3.040326000000000000e+06
1.183799999999999955e+02 3.575806000000000000e+06
1.113700000000000045e+02 1.925833000000000000e+06
1.111099999999999994e+02 1.364024000000000000e+06
1.102500000000000000e+02 1.282018000000000000e+06
1.096800000000000068e+02 1.384234000000000000e+06
1.090000000000000000e+02 1.029543000000000000e+06
1.076899999999999977e+02 1.482803000000000000e+06
1.072699999999999960e+02 1.259026000000000000e+06
1.069000000000000057e+02 1.188634000000000000e+06
1.042099999999999937e+02 1.242941000000000000e+06
1.039200000000000017e+02 8.880420000000000000e+05
1.027500000000000000e+02 1.053936000000000000e+06
1.017099999999999937e+02 9.860070000000000000e+05
1.004000000000000057e+02 9.631200000000000000e+05
1.006099999999999994e+02 9.280300000000000000e+05
9.929999999999999716e+01 1.634590000000000000e+06
9.981999999999999318e+01 1.833514000000000000e+06
9.918999999999999773e+01 1.734850000000000000e+06
9.870000000000000284e+01 1.139907000000000000e+06
1.007000000000000028e+02 1.264867000000000000e+06
1.008100000000000023e+02 1.757966000000000000e+06
1.038400000000000034e+02 5.843702000000000000e+06
1.047300000000000040e+02 9.845430000000000000e+05
1.056099999999999994e+02 1.278369000000000000e+06
1.059500000000000028e+02 2.742743000000000000e+06
1.048799999999999955e+02 3.648112000000000000e+06
1.032800000000000011e+02 2.575702000000000000e+06
1.031599999999999966e+02 1.751558000000000000e+06
1.033599999999999994e+02 4.309684000000000000e+06
1.049500000000000028e+02 7.055960000000000000e+05
1.041700000000000017e+02 6.363730000000000000e+05
1.045999999999999943e+02 1.090887000000000000e+06
1.031700000000000017e+02 5.697570000000000000e+05
1.036899999999999977e+02 7.223850000000000000e+05
1.018799999999999955e+02 7.567970000000000000e+05
1.012399999999999949e+02 7.503170000000000000e+05
1.004899999999999949e+02 6.695910000000000000e+05
9.893000000000000682e+01 1.818753000000000000e+06
1.004800000000000040e+02 9.688660000000000000e+05
9.918000000000000682e+01 1.240565000000000000e+06
1.005000000000000000e+02 1.128663000000000000e+06
1.017600000000000051e+02 1.223542000000000000e+06
1.024399999999999977e+02 1.882580000000000000e+06
1.026299999999999955e+02 1.387080000000000000e+06
1.022099999999999937e+02 1.434938000000000000e+06
1.016299999999999955e+02 4.200347000000000000e+06
9.782999999999999829e+01 2.271330000000000000e+06
9.912999999999999545e+01 1.072036100000000000e+07
1.020999999999999943e+02 1.220904000000000000e+06
1.028900000000000006e+02 7.840480000000000000e+05
1.030199999999999960e+02 9.050850000000000000e+05
1.009300000000000068e+02 7.941070000000000000e+05
9.939000000000000057e+01 5.796770000000000000e+05
9.825000000000000000e+01 7.089040000000000000e+05
9.817000000000000171e+01 1.037108000000000000e+06
9.901999999999999602e+01 9.517840000000000000e+05
9.729999999999999716e+01 9.501750000000000000e+05
9.690999999999999659e+01 1.581203000000000000e+06
9.798999999999999488e+01 1.392842000000000000e+06
9.576000000000000512e+01 1.097680000000000000e+06
9.645000000000000284e+01 9.369050000000000000e+05
9.650000000000000000e+01 1.037132000000000000e+06
9.648999999999999488e+01 5.487270000000000000e+05
9.673999999999999488e+01 8.648900000000000000e+05
9.801000000000000512e+01 1.104917000000000000e+06
9.726999999999999602e+01 6.038980000000000000e+05
9.806999999999999318e+01 5.696670000000000000e+05
9.925000000000000000e+01 8.446290000000000000e+05
9.879999999999999716e+01 6.629790000000000000e+05
9.804000000000000625e+01 7.100660000000000000e+05
9.770999999999999375e+01 8.945770000000000000e+05
9.612000000000000455e+01 5.610740000000000000e+05
9.598000000000000398e+01 8.654120000000000000e+05
9.660999999999999943e+01 6.711660000000000000e+05
9.548000000000000398e+01 5.423920000000000000e+05
9.484999999999999432e+01 9.648420000000000000e+05
9.700000000000000000e+01 8.452100000000000000e+05
9.682999999999999829e+01 6.302570000000000000e+05
9.571999999999999886e+01 1.525027000000000000e+06
9.570000000000000284e+01 1.063671000000000000e+06
9.810999999999999943e+01 2.042889000000000000e+06
9.862000000000000455e+01 1.203437000000000000e+06
1.000600000000000023e+02 9.355350000000000000e+05
1.016599999999999966e+02 7.642180000000000000e+05
9.971999999999999886e+01 8.436390000000000000e+05
1.018799999999999955e+02 6.706770000000000000e+05
1.041099999999999994e+02 6.762970000000000000e+05
1.048100000000000023e+02 5.627720000000000000e+05
1.047600000000000051e+02 5.771590000000000000e+05
1.056899999999999977e+02 8.309590000000000000e+05
1.053400000000000034e+02 7.166260000000000000e+05
1.048400000000000034e+02 1.109950000000000000e+06
1.056800000000000068e+02 7.608410000000000000e+05
1.059300000000000068e+02 9.845270000000000000e+05
1.055999999999999943e+02 9.163570000000000000e+05
1.032500000000000000e+02 1.033460000000000000e+06
1.019300000000000068e+02 7.739030000000000000e+05
1.006599999999999966e+02 6.205960000000000000e+05
9.968999999999999773e+01 8.331410000000000000e+05
9.817000000000000171e+01 9.899020000000000000e+05
9.720000000000000284e+01 1.237524000000000000e+06
9.832999999999999829e+01 1.764197000000000000e+06
9.956999999999999318e+01 1.146329000000000000e+06
9.996999999999999886e+01 1.655956000000000000e+06
9.978000000000000114e+01 1.397831000000000000e+06
9.837999999999999545e+01 1.248036000000000000e+06
9.976000000000000512e+01 1.364059000000000000e+06
1.002600000000000051e+02 1.300382000000000000e+06
1.017199999999999989e+02 1.266937000000000000e+06
1.015699999999999932e+02 1.869338000000000000e+06
1.046800000000000068e+02 2.270776000000000000e+06
1.000600000000000023e+02 1.313741000000000000e+06
9.862999999999999545e+01 1.257163000000000000e+06
9.604999999999999716e+01 1.183251000000000000e+06
9.523000000000000398e+01 9.415900000000000000e+05
9.820999999999999375e+01 9.048920000000000000e+05
9.806000000000000227e+01 1.621334000000000000e+06
9.675000000000000000e+01 1.291530000000000000e+06
1.005400000000000063e+02 8.256470000000000000e+05
1.041200000000000045e+02 1.083753000000000000e+06
1.021899999999999977e+02 1.382801000000000000e+06
1.043700000000000045e+02 7.746710000000000000e+05
1.055799999999999983e+02 8.582520000000000000e+05
1.060100000000000051e+02 1.763264000000000000e+06
1.045799999999999983e+02 8.149980000000000000e+05
1.035000000000000000e+02 7.033730000000000000e+05
1.032099999999999937e+02 9.300520000000000000e+05
1.028400000000000034e+02 1.661433000000000000e+06
1.030000000000000000e+02 1.315872000000000000e+06
9.992000000000000171e+01 7.732370000000000000e+05
1.002199999999999989e+02 9.751070000000000000e+05
9.993000000000000682e+01 9.575070000000000000e+05
1.000400000000000063e+02 7.420410000000000000e+05
9.985999999999999943e+01 1.462166000000000000e+06
9.887000000000000455e+01 7.756880000000000000e+05
9.854000000000000625e+01 1.159777000000000000e+06
9.859999999999999432e+01 8.303630000000000000e+05
9.856000000000000227e+01 1.376490000000000000e+06
9.728000000000000114e+01 1.795633000000000000e+06
9.951999999999999602e+01 7.382600000000000000e+05
9.976000000000000512e+01 1.348932000000000000e+06
9.790000000000000568e+01 8.383940000000000000e+05
9.831000000000000227e+01 1.244955000000000000e+06
9.854000000000000625e+01 1.297653000000000000e+06
9.834999999999999432e+01 7.165150000000000000e+05
9.937999999999999545e+01 9.604880000000000000e+05
1.001400000000000006e+02 1.279939000000000000e+06
1.003199999999999932e+02 1.468751000000000000e+06
1.012600000000000051e+02 1.257915000000000000e+06
1.024800000000000040e+02 1.000150000000000000e+06
1.020600000000000023e+02 2.334663000000000000e+06
1.014699999999999989e+02 9.416470000000000000e+05
1.022199999999999989e+02 1.211197000000000000e+06
1.016500000000000057e+02 7.843880000000000000e+05
1.016800000000000068e+02 1.008121000000000000e+06
1.013499999999999943e+02 7.057390000000000000e+05
1.009200000000000017e+02 1.057768000000000000e+06
1.010100000000000051e+02 9.198540000000000000e+05
1.010000000000000000e+02 1.012132000000000000e+06
1.012699999999999960e+02 1.364375000000000000e+06
1.022699999999999960e+02 1.668173000000000000e+06
1.020100000000000051e+02 2.777482000000000000e+06
1.013100000000000023e+02 1.711510000000000000e+06
1.017300000000000040e+02 6.121725000000000000e+06
1.025499999999999972e+02 1.129982000000000000e+06
1.042699999999999960e+02 4.836270000000000000e+05
1.039500000000000028e+02 7.586030000000000000e+05
1.043599999999999994e+02 1.210517000000000000e+06
1.039000000000000057e+02 1.126726000000000000e+06
1.044599999999999937e+02 6.901630000000000000e+05
1.044399999999999977e+02 9.347520000000000000e+05
1.038400000000000034e+02 5.855270000000000000e+05
1.034800000000000040e+02 1.299753000000000000e+06
1.029099999999999966e+02 1.532547000000000000e+06
1.040499999999999972e+02 1.138189000000000000e+06
1.035100000000000051e+02 2.696460000000000000e+06
1.047199999999999989e+02 3.088739000000000000e+06
1.081899999999999977e+02 1.162706000000000000e+06
1.085600000000000023e+02 9.543130000000000000e+05
1.080199999999999960e+02 1.059100000000000000e+06
1.072999999999999972e+02 9.635260000000000000e+05
1.084300000000000068e+02 8.137170000000000000e+05
1.080999999999999943e+02 1.389366000000000000e+06
1.071700000000000017e+02 1.021326000000000000e+06
1.076599999999999966e+02 2.775287000000000000e+06
1.055000000000000000e+02 3.206995000000000000e+06
1.014300000000000068e+02 1.300186000000000000e+06
1.023299999999999983e+02 1.220216000000000000e+06
1.021599999999999966e+02 1.484220000000000000e+06
1.030300000000000011e+02 1.920105000000000000e+06
1.018199999999999932e+02 1.472363000000000000e+06
1.009300000000000068e+02 1.689442000000000000e+06
9.967000000000000171e+01 1.137575000000000000e+06
9.932999999999999829e+01 1.198088000000000000e+06
9.984999999999999432e+01 1.584104000000000000e+06
9.845000000000000284e+01 1.055883000000000000e+06
9.776000000000000512e+01 2.483153000000000000e+06
9.620000000000000284e+01 1.605543000000000000e+06
9.579000000000000625e+01 7.279090000000000000e+05
9.570000000000000284e+01 1.546728000000000000e+06
9.559999999999999432e+01 1.257246000000000000e+06
9.525000000000000000e+01 8.549130000000000000e+05
9.509999999999999432e+01 9.671550000000000000e+05
9.500000000000000000e+01 1.226638000000000000e+06
9.506999999999999318e+01 1.027172000000000000e+06
9.495999999999999375e+01 7.550670000000000000e+05
9.520999999999999375e+01 1.892090000000000000e+06
9.407999999999999829e+01 1.617769000000000000e+06
9.495000000000000284e+01 1.133175000000000000e+06
9.470000000000000284e+01 1.149074000000000000e+06
9.421999999999999886e+01 9.212660000000000000e+05
9.464000000000000057e+01 1.510201000000000000e+06
9.500000000000000000e+01 1.086208000000000000e+06
9.506999999999999318e+01 2.055918000000000000e+06
9.446999999999999886e+01 5.759583000000000000e+06
9.545000000000000284e+01 1.326993000000000000e+06
9.656999999999999318e+01 1.002617000000000000e+06
9.751999999999999602e+01 8.886470000000000000e+05
9.693999999999999773e+01 1.334263000000000000e+06
9.700000000000000000e+01 8.349550000000000000e+05
9.673999999999999488e+01 1.061914000000000000e+06
9.625000000000000000e+01 1.565566000000000000e+06
9.695000000000000284e+01 2.303308000000000000e+06
9.568000000000000682e+01 1.270031000000000000e+06
9.603000000000000114e+01 1.835676000000000000e+06
9.579000000000000625e+01 1.909190000000000000e+06
9.600000000000000000e+01 3.382304000000000000e+06
9.554999999999999716e+01 3.442815100000000000e+07
9.881999999999999318e+01 9.833611000000000000e+06
9.510999999999999943e+01 1.461141000000000000e+06
9.410999999999999943e+01 6.764400000000000000e+05
9.473000000000000398e+01 1.055703000000000000e+06
9.307999999999999829e+01 1.154399000000000000e+06
9.154999999999999716e+01 1.191690000000000000e+06
9.170000000000000284e+01 1.255161000000000000e+06
9.259000000000000341e+01 1.271411000000000000e+06
9.153000000000000114e+01 1.679376000000000000e+06
8.998999999999999488e+01 1.208324000000000000e+06
8.890999999999999659e+01 1.006508000000000000e+06
8.756999999999999318e+01 1.364169000000000000e+06
9.009999999999999432e+01 1.320509000000000000e+06
9.067000000000000171e+01 9.802860000000000000e+05
9.118999999999999773e+01 1.055896000000000000e+06
9.042000000000000171e+01 1.263883000000000000e+06
9.109999999999999432e+01 1.584430000000000000e+06
9.162000000000000455e+01 1.451161000000000000e+06
9.129000000000000625e+01 1.039447000000000000e+06
9.054999999999999716e+01 8.907310000000000000e+05
9.065000000000000568e+01 1.015413000000000000e+06
9.159000000000000341e+01 9.671880000000000000e+05
9.170000000000000284e+01 8.404770000000000000e+05
9.051999999999999602e+01 8.605410000000000000e+05
9.171999999999999886e+01 9.158980000000000000e+05
9.115000000000000568e+01 7.532380000000000000e+05
9.029999999999999716e+01 7.600890000000000000e+05
9.095999999999999375e+01 6.496180000000000000e+05
9.006999999999999318e+01 6.418870000000000000e+05
9.007999999999999829e+01 9.583130000000000000e+05
8.937999999999999545e+01 4.644840000000000000e+05
8.921999999999999886e+01 6.343760000000000000e+05
8.890999999999999659e+01 5.512750000000000000e+05
8.812000000000000455e+01 6.066870000000000000e+05
8.826999999999999602e+01 5.982250000000000000e+05
8.884999999999999432e+01 9.545210000000000000e+05
8.785999999999999943e+01 7.236720000000000000e+05
8.915999999999999659e+01 6.344880000000000000e+05
8.823000000000000398e+01 5.321320000000000000e+05
8.950000000000000000e+01 7.187690000000000000e+05
8.942000000000000171e+01 8.675600000000000000e+05
9.059000000000000341e+01 7.158780000000000000e+05
8.946999999999999886e+01 7.121490000000000000e+05
9.018000000000000682e+01 7.694390000000000000e+05
9.107999999999999829e+01 2.552751000000000000e+06
9.087999999999999545e+01 2.837425000000000000e+06
8.978000000000000114e+01 1.291978000000000000e+06
8.839000000000000057e+01 8.973070000000000000e+05
8.787000000000000455e+01 7.441100000000000000e+05
8.712999999999999545e+01 1.524616000000000000e+06
8.662999999999999545e+01 8.260610000000000000e+05
8.634999999999999432e+01 5.652550000000000000e+05
8.673000000000000398e+01 9.748350000000000000e+05
8.559000000000000341e+01 1.550443000000000000e+06
8.615000000000000568e+01 1.042610000000000000e+06
8.779999999999999716e+01 9.434240000000000000e+05
8.756999999999999318e+01 7.585230000000000000e+05
8.709000000000000341e+01 6.596650000000000000e+05
8.729000000000000625e+01 8.979280000000000000e+05
8.793000000000000682e+01 1.081006000000000000e+06
8.712999999999999545e+01 1.148366000000000000e+06
8.643999999999999773e+01 1.502905000000000000e+06
8.550000000000000000e+01 8.840260000000000000e+05
8.601999999999999602e+01 1.374708000000000000e+06
8.470000000000000284e+01 2.406964000000000000e+06
8.421999999999999886e+01 6.318070000000000000e+05
8.379999999999999716e+01 7.675770000000000000e+05
8.354000000000000625e+01 5.558190000000000000e+05
8.304999999999999716e+01 1.122290000000000000e+06
8.309000000000000341e+01 6.480780000000000000e+05
8.221999999999999886e+01 1.078525000000000000e+06
8.318999999999999773e+01 1.106170000000000000e+06
8.362000000000000455e+01 8.178110000000000000e+05
8.289000000000000057e+01 5.891710000000000000e+05
8.345999999999999375e+01 1.192682000000000000e+06
8.379999999999999716e+01 1.391502000000000000e+06
8.426999999999999602e+01 1.330697000000000000e+06
8.364000000000000057e+01 1.593446000000000000e+06
8.329999999999999716e+01 1.186171000000000000e+06
8.220000000000000284e+01 1.740677000000000000e+06
8.264000000000000057e+01 1.747407000000000000e+06
8.534000000000000341e+01 1.304535000000000000e+06
8.459000000000000341e+01 1.335543000000000000e+06
8.428000000000000114e+01 1.003008000000000000e+06
8.368000000000000682e+01 1.065003000000000000e+06
8.301999999999999602e+01 1.394375000000000000e+06
8.265000000000000568e+01 2.069857000000000000e+06
8.275000000000000000e+01 1.109425000000000000e+06
8.225000000000000000e+01 1.781453000000000000e+06
8.287999999999999545e+01 1.848578000000000000e+06
8.129999999999999716e+01 2.451944000000000000e+06
7.998999999999999488e+01 1.224697000000000000e+06
7.948000000000000398e+01 5.141110000000000000e+05
7.895000000000000284e+01 7.485090000000000000e+05
7.867000000000000171e+01 7.484100000000000000e+05
7.876000000000000512e+01 6.759830000000000000e+05
7.884999999999999432e+01 6.782940000000000000e+05
7.918999999999999773e+01 7.956400000000000000e+05
7.932999999999999829e+01 9.982450000000000000e+05
7.823000000000000398e+01 1.143649000000000000e+06
7.884999999999999432e+01 7.728170000000000000e+05
8.001999999999999602e+01 1.502924000000000000e+06
8.053000000000000114e+01 9.673800000000000000e+05
7.993000000000000682e+01 9.227210000000000000e+05
8.015000000000000568e+01 1.633984000000000000e+06
7.870000000000000284e+01 1.476611000000000000e+06
7.870000000000000284e+01 9.910940000000000000e+05
7.798999999999999488e+01 6.993690000000000000e+05
7.746999999999999886e+01 1.005294000000000000e+06
7.753000000000000114e+01 1.891792000000000000e+06
7.792000000000000171e+01 1.378879000000000000e+06
8.000000000000000000e+01 1.995714000000000000e+06
8.151000000000000512e+01 3.547616000000000000e+06
8.040999999999999659e+01 1.289258000000000000e+06
8.084000000000000341e+01 1.525545000000000000e+06
7.962999999999999545e+01 2.170141000000000000e+06
8.054000000000000625e+01 2.418387000000000000e+06
8.070000000000000284e+01 2.378775000000000000e+06
7.979999999999999716e+01 1.947543000000000000e+06
7.912999999999999545e+01 1.974438000000000000e+06
7.748000000000000398e+01 1.340661000000000000e+06
7.790000000000000568e+01 1.549737000000000000e+06
7.784999999999999432e+01 1.218989000000000000e+06
7.678000000000000114e+01 1.376892000000000000e+06
7.709999999999999432e+01 2.035099000000000000e+06
7.739000000000000057e+01 1.959706000000000000e+06
7.946999999999999886e+01 1.563227000000000000e+06
7.764000000000000057e+01 1.861848000000000000e+06
7.812000000000000455e+01 1.954538000000000000e+06
7.734999999999999432e+01 1.626389000000000000e+06
7.625000000000000000e+01 1.226137000000000000e+06
7.675000000000000000e+01 1.470641000000000000e+06
7.687000000000000455e+01 1.616593000000000000e+06
7.784999999999999432e+01 3.810487000000000000e+06
8.229999999999999716e+01 3.615777000000000000e+06
8.000000000000000000e+01 1.924529000000000000e+06
7.956000000000000227e+01 1.011381000000000000e+06
7.884999999999999432e+01 1.187051000000000000e+06
7.812999999999999545e+01 1.175957000000000000e+06
7.798999999999999488e+01 1.019382000000000000e+06
7.775000000000000000e+01 9.611400000000000000e+05
7.762000000000000455e+01 1.033702000000000000e+06
7.820999999999999375e+01 6.668150000000000000e+05
7.856000000000000227e+01 1.046130000000000000e+06
7.848999999999999488e+01 1.145599000000000000e+06
7.534999999999999432e+01 6.718840000000000000e+05
7.635999999999999943e+01 1.027367000000000000e+06
7.554000000000000625e+01 1.026318000000000000e+06
7.553000000000000114e+01 9.644470000000000000e+05
7.534999999999999432e+01 1.547198000000000000e+06
7.584999999999999432e+01 9.522250000000000000e+05
7.609999999999999432e+01 8.393790000000000000e+05
7.606999999999999318e+01 1.523167000000000000e+06
7.559000000000000341e+01 1.983015000000000000e+06
7.679000000000000625e+01 1.015076000000000000e+06
7.715999999999999659e+01 6.540820000000000000e+05
7.718999999999999773e+01 1.207749000000000000e+06
7.698000000000000398e+01 1.784583000000000000e+06
7.787999999999999545e+01 1.164628000000000000e+06
7.798999999999999488e+01 6.380160000000000000e+05
7.781999999999999318e+01 5.693290000000000000e+05
7.700000000000000000e+01 6.519130000000000000e+05
7.728000000000000114e+01 1.138622000000000000e+06
7.693000000000000682e+01 1.413465000000000000e+06
7.604999999999999716e+01 8.486490000000000000e+05
7.587999999999999545e+01 5.495240000000000000e+05
7.595999999999999375e+01 8.077680000000000000e+05
7.584999999999999432e+01 1.177761000000000000e+06
7.621999999999999886e+01 6.233270000000000000e+05
7.495000000000000284e+01 1.742831000000000000e+06
7.543999999999999773e+01 1.105493000000000000e+06
7.689000000000000057e+01 9.196450000000000000e+05
7.668000000000000682e+01 1.059065000000000000e+06
7.787999999999999545e+01 2.614697000000000000e+06
8.054000000000000625e+01 2.450771000000000000e+06
7.939000000000000057e+01 1.983217000000000000e+06
7.931999999999999318e+01 1.358386000000000000e+06
7.940999999999999659e+01 1.930766000000000000e+06
7.834000000000000341e+01 1.905434000000000000e+06
7.754000000000000625e+01 1.826940000000000000e+06
7.693000000000000682e+01 3.079688000000000000e+06
7.757999999999999829e+01 2.461138000000000000e+06
7.570000000000000284e+01 1.718248000000000000e+06
7.403000000000000114e+01 2.486636000000000000e+06
7.300000000000000000e+01 5.998122000000000000e+06
7.682999999999999829e+01 4.811134000000000000e+06
8.093000000000000682e+01 1.737841000000000000e+06
7.981999999999999318e+01 1.516096000000000000e+06
8.056999999999999318e+01 5.495860000000000000e+05
7.987000000000000455e+01 2.045444000000000000e+06
8.020000000000000284e+01 1.376644000000000000e+06
8.001999999999999602e+01 1.879005000000000000e+06
7.987999999999999545e+01 1.866465000000000000e+06
7.948000000000000398e+01 1.523750000000000000e+06
7.731000000000000227e+01 1.646584000000000000e+06
7.793999999999999773e+01 1.744684000000000000e+06
7.689000000000000057e+01 1.382488000000000000e+06
7.712999999999999545e+01 1.890523000000000000e+06
7.834000000000000341e+01 1.747245000000000000e+06
7.768000000000000682e+01 2.051323000000000000e+06
7.593999999999999773e+01 2.252115000000000000e+06
7.459000000000000341e+01 2.666728000000000000e+06
7.259000000000000341e+01 1.728762000000000000e+06
7.220999999999999375e+01 1.826799000000000000e+06
7.235999999999999943e+01 2.333934000000000000e+06
7.165999999999999659e+01 1.734083000000000000e+06
7.173999999999999488e+01 1.458200000000000000e+06
7.176999999999999602e+01 1.451097000000000000e+06
7.209999999999999432e+01 2.295635000000000000e+06
7.312000000000000455e+01 2.196107000000000000e+06
7.443000000000000682e+01 1.624164000000000000e+06
7.454000000000000625e+01 2.339583000000000000e+06
7.401999999999999602e+01 1.849565000000000000e+06
7.442000000000000171e+01 2.417881000000000000e+06
7.520999999999999375e+01 1.158315000000000000e+06
7.632999999999999829e+01 9.114260000000000000e+05
7.528000000000000114e+01 8.155910000000000000e+05
7.534000000000000341e+01 7.070260000000000000e+05
7.570000000000000284e+01 1.341438000000000000e+06
7.589000000000000057e+01 1.162307000000000000e+06
7.723000000000000398e+01 1.100715000000000000e+06
7.981000000000000227e+01 1.225832000000000000e+06
7.945999999999999375e+01 1.348221000000000000e+06
7.926999999999999602e+01 1.940854000000000000e+06
8.054000000000000625e+01 2.266240000000000000e+06
7.879000000000000625e+01 1.564160000000000000e+06
8.020000000000000284e+01 2.112968000000000000e+06
8.106000000000000227e+01 2.438185000000000000e+06
7.906000000000000227e+01 9.917370000000000000e+05
7.956999999999999318e+01 6.147840000000000000e+05
7.970000000000000284e+01 4.658530000000000000e+05
7.898000000000000398e+01 6.252910000000000000e+05
7.940999999999999659e+01 1.200846000000000000e+06
7.812999999999999545e+01 5.857940000000000000e+05
7.800000000000000000e+01 4.550620000000000000e+05
7.746999999999999886e+01 8.336440000000000000e+05
7.737999999999999545e+01 8.916360000000000000e+05
7.731000000000000227e+01 1.251626000000000000e+06
7.784999999999999432e+01 9.541530000000000000e+05
7.790000000000000568e+01 1.380660000000000000e+06
7.753000000000000114e+01 1.020045000000000000e+06
7.773999999999999488e+01 7.923560000000000000e+05
7.706999999999999318e+01 9.268430000000000000e+05
7.784999999999999432e+01 6.621490000000000000e+05
7.768999999999999773e+01 6.520480000000000000e+05
7.654000000000000625e+01 4.354110000000000000e+05
7.695999999999999375e+01 3.596840000000000000e+05
7.742000000000000171e+01 7.200250000000000000e+05
7.729999999999999716e+01 6.722740000000000000e+05
7.714000000000000057e+01 8.787070000000000000e+05
7.742000000000000171e+01 1.200543000000000000e+06
7.568999999999999773e+01 5.815880000000000000e+05
7.568000000000000682e+01 7.485740000000000000e+05
7.540999999999999659e+01 1.188752000000000000e+06
7.601000000000000512e+01 7.233820000000000000e+05
7.659000000000000341e+01 6.380260000000000000e+05
7.504999999999999716e+01 7.609820000000000000e+05
7.526000000000000512e+01 7.401730000000000000e+05
7.529999999999999716e+01 7.184860000000000000e+05
7.610999999999999943e+01 5.014070000000000000e+05
7.651000000000000512e+01 6.131480000000000000e+05
7.640000000000000568e+01 8.037750000000000000e+05
7.675000000000000000e+01 1.111938000000000000e+06
7.681000000000000227e+01 1.117849000000000000e+06
7.648000000000000398e+01 1.036554000000000000e+06
7.656000000000000227e+01 1.042007000000000000e+06
7.778000000000000114e+01 6.061060000000000000e+05
7.737999999999999545e+01 5.858840000000000000e+05
7.704000000000000625e+01 1.119688000000000000e+06
7.756000000000000227e+01 1.188694000000000000e+06
7.860999999999999943e+01 1.807270000000000000e+06
7.764000000000000057e+01 3.250255000000000000e+06
7.792000000000000171e+01 2.169710000000000000e+06
7.500000000000000000e+01 3.662097000000000000e+06
7.545000000000000284e+01 1.324643000000000000e+06
7.407999999999999829e+01 1.137314000000000000e+06
7.403000000000000114e+01 9.236550000000000000e+05
7.289000000000000057e+01 1.141733000000000000e+06
7.321999999999999886e+01 1.011051000000000000e+06
7.214000000000000057e+01 1.585387000000000000e+06
7.237000000000000455e+01 5.552750000000000000e+05
7.167000000000000171e+01 1.033053000000000000e+06
7.281999999999999318e+01 1.065888000000000000e+06
7.106000000000000227e+01 7.520520000000000000e+05
7.106000000000000227e+01 1.760360000000000000e+06
7.081999999999999318e+01 1.216178000000000000e+06
7.140999999999999659e+01 1.997216000000000000e+06
6.898999999999999488e+01 1.311163000000000000e+06
6.831000000000000227e+01 1.851527000000000000e+06
6.723000000000000398e+01 1.748050000000000000e+06
6.685999999999999943e+01 2.059079000000000000e+06
6.531999999999999318e+01 1.664637000000000000e+06
6.349000000000000199e+01 1.590918000000000000e+06
6.239999999999999858e+01 1.042022000000000000e+06
6.132000000000000028e+01 1.216093000000000000e+06
6.332000000000000028e+01 1.378221000000000000e+06
6.501999999999999602e+01 8.184140000000000000e+05
6.392000000000000171e+01 9.520920000000000000e+05
6.382999999999999829e+01 9.672470000000000000e+05
6.368999999999999773e+01 1.065245000000000000e+06
6.339999999999999858e+01 1.960830000000000000e+06
6.487000000000000455e+01 8.624660000000000000e+05
6.509999999999999432e+01 1.006483000000000000e+06
6.517000000000000171e+01 1.137420000000000000e+06
6.540000000000000568e+01 1.529941000000000000e+06
6.556999999999999318e+01 1.861286000000000000e+06
6.654000000000000625e+01 1.569163000000000000e+06
6.679999999999999716e+01 1.793150000000000000e+06
6.723999999999999488e+01 1.143870000000000000e+06
6.720999999999999375e+01 8.013520000000000000e+05
6.721999999999999886e+01 5.611330000000000000e+05
6.782999999999999829e+01 1.058886000000000000e+06
6.785999999999999943e+01 1.017070000000000000e+06
6.789000000000000057e+01 1.849253000000000000e+06
6.670000000000000284e+01 8.041650000000000000e+05
6.673999999999999488e+01 8.633910000000000000e+05
6.706000000000000227e+01 1.169245000000000000e+06
6.692000000000000171e+01 1.141615000000000000e+06
6.596999999999999886e+01 1.542681000000000000e+06
6.654999999999999716e+01 1.614537000000000000e+06
6.492000000000000171e+01 1.489749000000000000e+06
6.584999999999999432e+01 1.232285000000000000e+06
6.557999999999999829e+01 1.838713000000000000e+06
6.557999999999999829e+01 7.361660000000000000e+05
6.573999999999999488e+01 1.284374000000000000e+06
6.531000000000000227e+01 1.903764000000000000e+06
6.595000000000000284e+01 1.037538000000000000e+06
6.765000000000000568e+01 1.050457000000000000e+06
6.703000000000000114e+01 1.425157000000000000e+06
6.595999999999999375e+01 1.558272000000000000e+06
6.451999999999999602e+01 1.128565000000000000e+06
6.503000000000000114e+01 4.320105000000000000e+06
6.745999999999999375e+01 9.204548000000000000e+06
6.909999999999999432e+01 1.485734000000000000e+06
6.906999999999999318e+01 8.155510000000000000e+05
6.998000000000000398e+01 9.127600000000000000e+05
6.981999999999999318e+01 5.189780000000000000e+05
7.007999999999999829e+01 9.189350000000000000e+05
7.000000000000000000e+01 3.635360000000000000e+05
7.004000000000000625e+01 3.770380000000000000e+05
7.003000000000000114e+01 6.830730000000000000e+05
6.971999999999999886e+01 3.911920000000000000e+05
6.973999999999999488e+01 4.830600000000000000e+05
6.982999999999999829e+01 5.460720000000000000e+05
7.009000000000000341e+01 7.792990000000000000e+05
6.967000000000000171e+01 8.222670000000000000e+05
7.000000000000000000e+01 6.510950000000000000e+05
6.940000000000000568e+01 5.997820000000000000e+05
7.034999999999999432e+01 1.282891000000000000e+06
7.082999999999999829e+01 9.064340000000000000e+05
7.015999999999999659e+01 8.878740000000000000e+05
7.018999999999999773e+01 6.281670000000000000e+05
6.768999999999999773e+01 7.730840000000000000e+05
6.842000000000000171e+01 9.049760000000000000e+05
6.751999999999999602e+01 6.404590000000000000e+05
6.509999999999999432e+01 7.600340000000000000e+05
6.470000000000000284e+01 3.676530000000000000e+05
6.506999999999999318e+01 4.310250000000000000e+05
6.377000000000000313e+01 6.906550000000000000e+05
6.423000000000000398e+01 4.823740000000000000e+05
6.454000000000000625e+01 6.005380000000000000e+05
6.529999999999999716e+01 7.078580000000000000e+05
6.459999999999999432e+01 1.037394000000000000e+06
6.487999999999999545e+01 7.212390000000000000e+05
6.465000000000000568e+01 6.254930000000000000e+05
6.503000000000000114e+01 6.483800000000000000e+05
6.540000000000000568e+01 1.067995000000000000e+06
6.682999999999999829e+01 5.630330000000000000e+05
6.740000000000000568e+01 7.085890000000000000e+05
6.528000000000000114e+01 5.518980000000000000e+05
6.551000000000000512e+01 7.920990000000000000e+05
6.565000000000000568e+01 9.168480000000000000e+05
6.531999999999999318e+01 6.074940000000000000e+05
6.543999999999999773e+01 7.796380000000000000e+05
6.467000000000000171e+01 9.693760000000000000e+05
6.543999999999999773e+01 8.368520000000000000e+05
6.535999999999999943e+01 1.175414000000000000e+06
6.271000000000000085e+01 8.001340000000000000e+05
6.335000000000000142e+01 5.639140000000000000e+05
6.285999999999999943e+01 6.257040000000000000e+05
6.210000000000000142e+01 9.471020000000000000e+05
6.164999999999999858e+01 6.565960000000000000e+05
6.250000000000000000e+01 8.432740000000000000e+05
6.342999999999999972e+01 7.790890000000000000e+05
6.272999999999999687e+01 6.480530000000000000e+05
6.317000000000000171e+01 7.165070000000000000e+05
6.178999999999999915e+01 1.217980000000000000e+06
6.042999999999999972e+01 1.669203000000000000e+06
5.900000000000000000e+01 2.040002000000000000e+06
5.835000000000000142e+01 1.531053000000000000e+06
5.670000000000000284e+01 8.720520000000000000e+05
5.590999999999999659e+01 1.076557000000000000e+06
5.750000000000000000e+01 1.773733000000000000e+06
5.953000000000000114e+01 1.672955000000000000e+06
5.854999999999999716e+01 1.324223000000000000e+06
5.828000000000000114e+01 1.229195000000000000e+06
6.053000000000000114e+01 1.381088000000000000e+06
6.082999999999999829e+01 1.248935000000000000e+06
6.042999999999999972e+01 9.617880000000000000e+05
6.192999999999999972e+01 7.368900000000000000e+05
6.350000000000000000e+01 1.286026000000000000e+06
6.300000000000000000e+01 9.252420000000000000e+05
6.360999999999999943e+01 8.508030000000000000e+05
6.246999999999999886e+01 9.740310000000000000e+05
6.325000000000000000e+01 9.337970000000000000e+05
6.335999999999999943e+01 6.234800000000000000e+05
6.334000000000000341e+01 9.667270000000000000e+05
6.396000000000000085e+01 1.393860000000000000e+06
6.375999999999999801e+01 8.512800000000000000e+05
6.514000000000000057e+01 5.237100000000000000e+05
6.456999999999999318e+01 1.424584000000000000e+06
6.509999999999999432e+01 7.747870000000000000e+05
6.518000000000000682e+01 7.903860000000000000e+05
6.673999999999999488e+01 1.792417000000000000e+06
6.710999999999999943e+01 7.675110000000000000e+05
6.704000000000000625e+01 9.766830000000000000e+05
6.865999999999999659e+01 6.757080000000000000e+05
6.959000000000000341e+01 3.723140000000000000e+05
7.045999999999999375e+01 5.353320000000000000e+05
6.957999999999999829e+01 2.691070000000000000e+05
6.962999999999999545e+01 1.709060000000000000e+05
7.004000000000000625e+01 8.585610000000000000e+05
6.929000000000000625e+01 3.604080000000000000e+05
6.973999999999999488e+01 6.491550000000000000e+05
6.951999999999999602e+01 1.186812000000000000e+06
6.985999999999999943e+01 1.153749000000000000e+06
6.873000000000000398e+01 6.303080000000000000e+05
6.893000000000000682e+01 1.002392000000000000e+06
6.814000000000000057e+01 1.100636000000000000e+06
6.734999999999999432e+01 9.567170000000000000e+05
6.792000000000000171e+01 7.520080000000000000e+05
6.668999999999999773e+01 6.363280000000000000e+05
6.753000000000000114e+01 1.064439000000000000e+06
6.740999999999999659e+01 8.902030000000000000e+05
6.801999999999999602e+01 8.485600000000000000e+05
6.578000000000000114e+01 9.016670000000000000e+05
6.675000000000000000e+01 1.195708000000000000e+06
6.893999999999999773e+01 5.936830000000000000e+05
6.798999999999999488e+01 7.756690000000000000e+05
6.926000000000000512e+01 3.400310000000000000e+05
6.851000000000000512e+01 7.069480000000000000e+05
6.915999999999999659e+01 6.009130000000000000e+05
6.923999999999999488e+01 9.065660000000000000e+05
6.873000000000000398e+01 7.864380000000000000e+05
6.906999999999999318e+01 1.218558000000000000e+06
6.973000000000000398e+01 8.756130000000000000e+05
6.857999999999999829e+01 6.579320000000000000e+05
6.718999999999999773e+01 6.906310000000000000e+05
6.670999999999999375e+01 9.943320000000000000e+05
6.679999999999999716e+01 1.365716000000000000e+06
6.657999999999999829e+01 5.745890000000000000e+05
6.726000000000000512e+01 5.826860000000000000e+05
6.706000000000000227e+01 9.331600000000000000e+05
6.609000000000000341e+01 8.404910000000000000e+05
6.589000000000000057e+01 9.118800000000000000e+05
6.581999999999999318e+01 1.386963000000000000e+06
6.526999999999999602e+01 1.003226000000000000e+06
6.604999999999999716e+01 1.544051000000000000e+06
6.364999999999999858e+01 1.302345000000000000e+06
6.446999999999999886e+01 2.021132000000000000e+06
6.698999999999999488e+01 1.935651000000000000e+06
6.876000000000000512e+01 9.476010000000000000e+05
6.914000000000000057e+01 5.381280000000000000e+05
6.826999999999999602e+01 9.091190000000000000e+05
6.768999999999999773e+01 1.108207000000000000e+06
6.879000000000000625e+01 1.017199000000000000e+06
7.018000000000000682e+01 4.384250000000000000e+05
7.175000000000000000e+01 3.801680000000000000e+05
7.156999999999999318e+01 1.150223000000000000e+06
7.062999999999999545e+01 6.587650000000000000e+05
6.923000000000000398e+01 5.032240000000000000e+05
6.987999999999999545e+01 6.157970000000000000e+05
7.009000000000000341e+01 4.319970000000000000e+05
6.982999999999999829e+01 7.661320000000000000e+05
6.798000000000000398e+01 7.569280000000000000e+05
6.776999999999999602e+01 1.254369000000000000e+06
6.637000000000000455e+01 1.417384000000000000e+06
7.067000000000000171e+01 5.866770000000000000e+05
7.132999999999999829e+01 6.951770000000000000e+05
6.960999999999999943e+01 8.475610000000000000e+05
6.956999999999999318e+01 8.372370000000000000e+05
6.885999999999999943e+01 1.023962000000000000e+06
6.906000000000000227e+01 1.060715000000000000e+06
7.335999999999999943e+01 8.935280000000000000e+05
7.520000000000000284e+01 5.479210000000000000e+05
7.601000000000000512e+01 3.884030000000000000e+05
7.556999999999999318e+01 4.466730000000000000e+05
7.665000000000000568e+01 6.507720000000000000e+05
7.756999999999999318e+01 1.132472000000000000e+06
7.843999999999999773e+01 6.399010000000000000e+05
7.743999999999999773e+01 6.432280000000000000e+05
7.693999999999999773e+01 4.480360000000000000e+05
7.560999999999999943e+01 4.880010000000000000e+05
7.589000000000000057e+01 8.261950000000000000e+05
7.442000000000000171e+01 6.182820000000000000e+05
7.398999999999999488e+01 5.866370000000000000e+05
7.434999999999999432e+01 6.668870000000000000e+05
7.278000000000000114e+01 5.183270000000000000e+05
7.434000000000000341e+01 8.017690000000000000e+05
7.384000000000000341e+01 1.014706000000000000e+06
7.190000000000000568e+01 7.075660000000000000e+05
7.451000000000000512e+01 1.249997000000000000e+06
7.523999999999999488e+01 1.020418000000000000e+06
7.420000000000000284e+01 6.297380000000000000e+05
7.331999999999999318e+01 5.946830000000000000e+05
7.101000000000000512e+01 9.890550000000000000e+05
7.023999999999999488e+01 1.205190000000000000e+06
7.293999999999999773e+01 6.917310000000000000e+05
7.404000000000000625e+01 5.519980000000000000e+05
7.568999999999999773e+01 3.617430000000000000e+05
7.603000000000000114e+01 3.306630000000000000e+05
7.617000000000000171e+01 6.491730000000000000e+05
7.507999999999999829e+01 3.769040000000000000e+05
7.500000000000000000e+01 5.668230000000000000e+05
7.504000000000000625e+01 1.410602000000000000e+06
7.537999999999999545e+01 7.001020000000000000e+05
7.614000000000000057e+01 7.270970000000000000e+05
7.529000000000000625e+01 1.569404000000000000e+06
7.600000000000000000e+01 1.118649000000000000e+06
7.731999999999999318e+01 1.147719000000000000e+06
7.748999999999999488e+01 1.373725000000000000e+06
7.710999999999999943e+01 1.768600000000000000e+06
7.671999999999999886e+01 4.645563000000000000e+06
7.875000000000000000e+01 5.734360000000000000e+05
7.909999999999999432e+01 1.134467000000000000e+06
7.675000000000000000e+01 8.752740000000000000e+05
7.457999999999999829e+01 4.549090000000000000e+05
7.493999999999999773e+01 3.863560000000000000e+05
7.564000000000000057e+01 3.786270000000000000e+05
7.623000000000000398e+01 4.991030000000000000e+05
7.529000000000000625e+01 5.386790000000000000e+05
7.640999999999999659e+01 5.306080000000000000e+05
7.685999999999999943e+01 4.069630000000000000e+05
7.671999999999999886e+01 4.905310000000000000e+05
7.593000000000000682e+01 5.265790000000000000e+05
7.606999999999999318e+01 4.898040000000000000e+05
7.523999999999999488e+01 6.734010000000000000e+05
7.417000000000000171e+01 5.071110000000000000e+05
7.215999999999999659e+01 3.891350000000000000e+05
7.167000000000000171e+01 5.900370000000000000e+05
7.285999999999999943e+01 5.952750000000000000e+05
7.262000000000000455e+01 7.023700000000000000e+05
7.279999999999999716e+01 4.287540000000000000e+05
7.296999999999999886e+01 6.278650000000000000e+05
7.260999999999999943e+01 1.076120000000000000e+06
7.207999999999999829e+01 6.896720000000000000e+05
7.325000000000000000e+01 1.974635000000000000e+06
7.348999999999999488e+01 8.625680000000000000e+05
7.290000000000000568e+01 1.131020000000000000e+06
7.351000000000000512e+01 1.005703000000000000e+06
7.271999999999999886e+01 7.025060000000000000e+05
7.184999999999999432e+01 6.697940000000000000e+05
7.110999999999999943e+01 4.144320000000000000e+05
7.078000000000000114e+01 4.668250000000000000e+05
7.057999999999999829e+01 4.226460000000000000e+05
6.968999999999999773e+01 4.007990000000000000e+05
7.003000000000000114e+01 3.987420000000000000e+05
6.985999999999999943e+01 5.133150000000000000e+05
6.942000000000000171e+01 6.131490000000000000e+05
6.943000000000000682e+01 3.724890000000000000e+05
6.945000000000000284e+01 2.707290000000000000e+05
6.970999999999999375e+01 5.954330000000000000e+05
6.967000000000000171e+01 3.649450000000000000e+05
6.964000000000000057e+01 3.815220000000000000e+05
6.968000000000000682e+01 8.338990000000000000e+05
7.004000000000000625e+01 5.222960000000000000e+05
6.970999999999999375e+01 1.109790000000000000e+06
7.059000000000000341e+01 4.758150000000000000e+05
7.051999999999999602e+01 8.338020000000000000e+05
6.926999999999999602e+01 1.311017000000000000e+06
6.970000000000000284e+01 9.917550000000000000e+05
6.870999999999999375e+01 6.751440000000000000e+05
6.881000000000000227e+01 7.314980000000000000e+05
6.837000000000000455e+01 8.396710000000000000e+05
6.753000000000000114e+01 1.012823000000000000e+06
6.714000000000000057e+01 1.572184000000000000e+06
6.567000000000000171e+01 3.189503000000000000e+06
6.548000000000000398e+01 7.898270000000000000e+05
6.446999999999999886e+01 9.254740000000000000e+05
6.435999999999999943e+01 1.071273000000000000e+06
6.484999999999999432e+01 9.163870000000000000e+05
6.485999999999999943e+01 7.309260000000000000e+05
6.490000000000000568e+01 5.523780000000000000e+05
6.459000000000000341e+01 6.653880000000000000e+05
6.623000000000000398e+01 1.077954000000000000e+06
6.729999999999999716e+01 1.176438000000000000e+06
6.587999999999999545e+01 9.708550000000000000e+05
6.846999999999999886e+01 1.577908000000000000e+06
6.931000000000000227e+01 1.151652000000000000e+06
6.890000000000000568e+01 8.656150000000000000e+05
6.909000000000000341e+01 9.510060000000000000e+05
6.768999999999999773e+01 7.334560000000000000e+05
6.645000000000000284e+01 5.754490000000000000e+05
6.670000000000000284e+01 2.580510000000000000e+05
6.648999999999999488e+01 2.551880000000000000e+05
6.668999999999999773e+01 5.561070000000000000e+05
6.748000000000000398e+01 3.027720000000000000e+05
6.715999999999999659e+01 2.893350000000000000e+05
6.720999999999999375e+01 2.706690000000000000e+05
6.787000000000000455e+01 3.265840000000000000e+05
6.762999999999999545e+01 3.893140000000000000e+05
6.740999999999999659e+01 5.577420000000000000e+05
6.717000000000000171e+01 4.379530000000000000e+05
6.620000000000000284e+01 5.463800000000000000e+05
6.645999999999999375e+01 5.326270000000000000e+05
6.639000000000000057e+01 4.696050000000000000e+05
6.787000000000000455e+01 7.898860000000000000e+05
6.696999999999999886e+01 1.052059000000000000e+06
6.800000000000000000e+01 4.264070000000000000e+05
6.726000000000000512e+01 6.000850000000000000e+05
6.629000000000000625e+01 9.817820000000000000e+05
6.631000000000000227e+01 5.341780000000000000e+05
6.745000000000000284e+01 6.659170000000000000e+05
6.796999999999999886e+01 6.245530000000000000e+05
6.725000000000000000e+01 8.828780000000000000e+05
6.687000000000000455e+01 3.105560000000000000e+05
6.675000000000000000e+01 3.102060000000000000e+05
6.679999999999999716e+01 3.558240000000000000e+05
6.656999999999999318e+01 4.431210000000000000e+05
6.604999999999999716e+01 5.122400000000000000e+05
6.534000000000000341e+01 4.730260000000000000e+05
6.498000000000000398e+01 4.557510000000000000e+05
6.443999999999999773e+01 4.942270000000000000e+05
6.534000000000000341e+01 2.771870000000000000e+05
6.529999999999999716e+01 2.775970000000000000e+05
6.570000000000000284e+01 4.129560000000000000e+05
6.493000000000000682e+01 3.683050000000000000e+05
6.554000000000000625e+01 4.382180000000000000e+05
6.554000000000000625e+01 5.309460000000000000e+05
6.498000000000000398e+01 3.170420000000000000e+05
6.495000000000000284e+01 3.178680000000000000e+05
6.503000000000000114e+01 4.279610000000000000e+05
6.448999999999999488e+01 5.062530000000000000e+05
6.498999999999999488e+01 5.823260000000000000e+05
6.515000000000000568e+01 5.871950000000000000e+05
6.451999999999999602e+01 5.679340000000000000e+05
6.460999999999999943e+01 4.632080000000000000e+05
6.401000000000000512e+01 1.371160000000000000e+06
6.331000000000000227e+01 5.964220000000000000e+05
6.325000000000000000e+01 1.192736000000000000e+06
6.067999999999999972e+01 7.708470000000000000e+05
6.010999999999999943e+01 7.121420000000000000e+05
5.924000000000000199e+01 4.053530000000000000e+05
6.046000000000000085e+01 2.899320000000000000e+05
6.121000000000000085e+01 3.053470000000000000e+05
6.075000000000000000e+01 4.878460000000000000e+05
6.027000000000000313e+01 5.504480000000000000e+05
6.056000000000000227e+01 5.599130000000000000e+05
6.050000000000000000e+01 4.875140000000000000e+05
6.175999999999999801e+01 3.643260000000000000e+05
6.165999999999999659e+01 4.728740000000000000e+05
6.189999999999999858e+01 4.102060000000000000e+05
6.196000000000000085e+01 7.330350000000000000e+05
6.096999999999999886e+01 6.454500000000000000e+05
6.053999999999999915e+01 4.305940000000000000e+05
5.978000000000000114e+01 5.524510000000000000e+05
5.995000000000000284e+01 5.734550000000000000e+05
5.957999999999999829e+01 9.671930000000000000e+05
5.903999999999999915e+01 5.578470000000000000e+05
5.910000000000000142e+01 3.546350000000000000e+05
5.949000000000000199e+01 6.122260000000000000e+05
5.906000000000000227e+01 3.889000000000000000e+05
5.882000000000000028e+01 4.544090000000000000e+05
5.920000000000000284e+01 4.360580000000000000e+05
5.777000000000000313e+01 7.376820000000000000e+05
5.707000000000000028e+01 9.659800000000000000e+05
5.840999999999999659e+01 6.383050000000000000e+05
5.910999999999999943e+01 4.584760000000000000e+05
5.886999999999999744e+01 3.778670000000000000e+05
5.968999999999999773e+01 2.613760000000000000e+05
5.995000000000000284e+01 3.187030000000000000e+05
6.065999999999999659e+01 4.578470000000000000e+05
5.947999999999999687e+01 2.216800000000000000e+05
5.946999999999999886e+01 4.621260000000000000e+05
6.009000000000000341e+01 3.994900000000000000e+05
6.039000000000000057e+01 1.333041000000000000e+06
5.938000000000000256e+01 1.261329000000000000e+06
5.753999999999999915e+01 1.751700000000000000e+06
5.717000000000000171e+01 1.147993000000000000e+06
5.704999999999999716e+01 1.104304000000000000e+06
5.736999999999999744e+01 1.658163000000000000e+06
5.747999999999999687e+01 1.232494000000000000e+06
5.721000000000000085e+01 5.416090000000000000e+05
5.778999999999999915e+01 1.140795000000000000e+06
5.700000000000000000e+01 3.207980000000000000e+05
5.736999999999999744e+01 3.295330000000000000e+05
5.739999999999999858e+01 4.025710000000000000e+05
5.825000000000000000e+01 6.963320000000000000e+05
5.753999999999999915e+01 4.177070000000000000e+05
5.675000000000000000e+01 5.911740000000000000e+05
5.782000000000000028e+01 2.300310000000000000e+05
5.796000000000000085e+01 3.650170000000000000e+05
5.775000000000000000e+01 6.911700000000000000e+05
5.759000000000000341e+01 7.145580000000000000e+05
5.785999999999999943e+01 9.085240000000000000e+05
5.775000000000000000e+01 1.180539000000000000e+06
5.771999999999999886e+01 8.312400000000000000e+05
5.732999999999999829e+01 8.828010000000000000e+05
5.642999999999999972e+01 1.064260000000000000e+06
5.582999999999999829e+01 1.095911000000000000e+06
5.639000000000000057e+01 5.332820000000000000e+05
5.640999999999999659e+01 6.477720000000000000e+05
5.681000000000000227e+01 5.201130000000000000e+05
5.721999999999999886e+01 4.940690000000000000e+05
5.721000000000000085e+01 9.030860000000000000e+05
5.795000000000000284e+01 1.435459000000000000e+06
5.706000000000000227e+01 4.117077000000000000e+06
5.885000000000000142e+01 8.260600000000000000e+05
5.964999999999999858e+01 1.558223000000000000e+06
5.853999999999999915e+01 1.094260000000000000e+06
5.629999999999999716e+01 1.309396000000000000e+06
5.799000000000000199e+01 4.273420000000000000e+05
5.774000000000000199e+01 3.419490000000000000e+05
5.753000000000000114e+01 2.970950000000000000e+05
5.756000000000000227e+01 5.919420000000000000e+05
5.699000000000000199e+01 3.433590000000000000e+05
5.654999999999999716e+01 3.154310000000000000e+05
5.650000000000000000e+01 5.230210000000000000e+05
5.478000000000000114e+01 3.725290000000000000e+05
5.529999999999999716e+01 2.055939000000000000e+06
5.410999999999999943e+01 8.029030000000000000e+05
5.253999999999999915e+01 5.174100000000000000e+05
5.290999999999999659e+01 4.156110000000000000e+05
5.260000000000000142e+01 4.045700000000000000e+05
5.320000000000000284e+01 5.271620000000000000e+05
5.464000000000000057e+01 4.088250000000000000e+05
5.529999999999999716e+01 4.026300000000000000e+05
5.460000000000000142e+01 3.206880000000000000e+05
5.538000000000000256e+01 4.829900000000000000e+05
5.618999999999999773e+01 9.615560000000000000e+05
5.457000000000000028e+01 8.200370000000000000e+05
5.456000000000000227e+01 9.596620000000000000e+05
5.578000000000000114e+01 5.531800000000000000e+05
5.720000000000000284e+01 5.424000000000000000e+05
5.692000000000000171e+01 5.537420000000000000e+05
5.582999999999999829e+01 3.408840000000000000e+05
5.697999999999999687e+01 4.135190000000000000e+05
5.575999999999999801e+01 4.306390000000000000e+05
5.628999999999999915e+01 4.537640000000000000e+05
5.732000000000000028e+01 1.176200000000000000e+06
5.700000000000000000e+01 5.331000000000000000e+05
5.621999999999999886e+01 5.950000000000000000e+05
5.715999999999999659e+01 5.275000000000000000e+05
5.725000000000000000e+01 4.679000000000000000e+05
5.757000000000000028e+01 6.590000000000000000e+05
5.867000000000000171e+01 9.629000000000000000e+05
5.650000000000000000e+01 6.143000000000000000e+05
5.553999999999999915e+01 5.374000000000000000e+05
5.596000000000000085e+01 4.961000000000000000e+05
5.568999999999999773e+01 5.119000000000000000e+05
5.627000000000000313e+01 8.535000000000000000e+05
5.597999999999999687e+01 7.743000000000000000e+05
5.588000000000000256e+01 3.679000000000000000e+05
5.611999999999999744e+01 3.480000000000000000e+05
5.635999999999999943e+01 2.069000000000000000e+05
5.675999999999999801e+01 3.214000000000000000e+05
5.585000000000000142e+01 3.610000000000000000e+05
5.549000000000000199e+01 4.469000000000000000e+05
5.574000000000000199e+01 2.536000000000000000e+05
5.634000000000000341e+01 3.100000000000000000e+05
5.604999999999999716e+01 3.102000000000000000e+05
5.613000000000000256e+01 7.287000000000000000e+05
5.707999999999999829e+01 4.635000000000000000e+05
5.702000000000000313e+01 3.236000000000000000e+05
5.717000000000000171e+01 3.322000000000000000e+05
5.639000000000000057e+01 2.639000000000000000e+05
5.610000000000000142e+01 4.356000000000000000e+05
5.593999999999999773e+01 3.378000000000000000e+05
5.585000000000000142e+01 3.857000000000000000e+05
5.575999999999999801e+01 5.295000000000000000e+05
5.506000000000000227e+01 3.676000000000000000e+05
5.553000000000000114e+01 3.974000000000000000e+05
5.540999999999999659e+01 5.186000000000000000e+05
5.503999999999999915e+01 5.430000000000000000e+05
5.492999999999999972e+01 1.113400000000000000e+06
5.682000000000000028e+01 1.027000000000000000e+06
5.593999999999999773e+01 6.196000000000000000e+05
5.479999999999999716e+01 3.361000000000000000e+05
5.499000000000000199e+01 1.993000000000000000e+05
5.484000000000000341e+01 3.050000000000000000e+05
5.500000000000000000e+01 3.047000000000000000e+05
5.496999999999999886e+01 3.631000000000000000e+05
5.527000000000000313e+01 3.011000000000000000e+05
5.521000000000000085e+01 2.465000000000000000e+05
5.447999999999999687e+01 2.564000000000000000e+05
5.489999999999999858e+01 4.037000000000000000e+05
5.510000000000000142e+01 5.153000000000000000e+05
5.502000000000000313e+01 5.366000000000000000e+05
5.539000000000000057e+01 3.792000000000000000e+05
5.554999999999999716e+01 4.337000000000000000e+05
5.504999999999999716e+01 6.157000000000000000e+05
5.492000000000000171e+01 6.457000000000000000e+05
5.529999999999999716e+01 9.022000000000000000e+05
5.496000000000000085e+01 1.152200000000000000e+06
5.442000000000000171e+01 6.799000000000000000e+05
5.356000000000000227e+01 4.876000000000000000e+05
5.328999999999999915e+01 5.129000000000000000e+05
5.192000000000000171e+01 1.900900000000000000e+06
5.228000000000000114e+01 4.759000000000000000e+05
5.268999999999999773e+01 5.575000000000000000e+05
5.288000000000000256e+01 6.180000000000000000e+05
5.295000000000000284e+01 3.827000000000000000e+05
5.332999999999999829e+01 5.371000000000000000e+05
5.292999999999999972e+01 6.849000000000000000e+05
5.125000000000000000e+01 3.781000000000000000e+05
5.125000000000000000e+01 6.816000000000000000e+05
5.104999999999999716e+01 6.532000000000000000e+05
5.160999999999999943e+01 3.083000000000000000e+05
5.214000000000000057e+01 2.439000000000000000e+05
5.234000000000000341e+01 2.601000000000000000e+05
5.267000000000000171e+01 3.451000000000000000e+05
5.297999999999999687e+01 4.529000000000000000e+05
5.299000000000000199e+01 4.625000000000000000e+05
5.281000000000000227e+01 5.351000000000000000e+05
5.263000000000000256e+01 1.229600000000000000e+06
5.143999999999999773e+01 4.525000000000000000e+05
5.110000000000000142e+01 3.804000000000000000e+05
5.097999999999999687e+01 2.637600000000000000e+06
5.086999999999999744e+01 4.932000000000000000e+05
5.086999999999999744e+01 5.974000000000000000e+05
5.125999999999999801e+01 4.598000000000000000e+05
5.124000000000000199e+01 3.008000000000000000e+05
5.089000000000000057e+01 4.187000000000000000e+05
5.064000000000000057e+01 6.690000000000000000e+05
5.039999999999999858e+01 9.151000000000000000e+05
4.981000000000000227e+01 6.312000000000000000e+05
4.960000000000000142e+01 7.779000000000000000e+05
4.921999999999999886e+01 8.823000000000000000e+05
4.775999999999999801e+01 5.746000000000000000e+05
4.750000000000000000e+01 4.965000000000000000e+05
4.786999999999999744e+01 7.294000000000000000e+05
4.753999999999999915e+01 5.205000000000000000e+05
4.699000000000000199e+01 4.971000000000000000e+05
4.735000000000000142e+01 6.440000000000000000e+05
4.675000000000000000e+01 5.961000000000000000e+05
4.699000000000000199e+01 6.160000000000000000e+05
4.732000000000000028e+01 1.399500000000000000e+06
4.875999999999999801e+01 1.786300000000000000e+06
4.713000000000000256e+01 1.390700000000000000e+06
4.757999999999999829e+01 8.667000000000000000e+05
4.752000000000000313e+01 1.326800000000000000e+06
4.939000000000000057e+01 3.973000000000000000e+05
4.993999999999999773e+01 3.821000000000000000e+05
4.946999999999999886e+01 4.305000000000000000e+05
4.995000000000000284e+01 7.454000000000000000e+05
5.067999999999999972e+01 5.428000000000000000e+05
5.021999999999999886e+01 2.364000000000000000e+05
5.060000000000000142e+01 3.846000000000000000e+05
5.067000000000000171e+01 5.265000000000000000e+05
5.054999999999999716e+01 5.443000000000000000e+05
5.028000000000000114e+01 6.669000000000000000e+05
5.139999999999999858e+01 9.271000000000000000e+05
5.134000000000000341e+01 8.009000000000000000e+05
5.104999999999999716e+01 5.929000000000000000e+05
4.971000000000000085e+01 6.346000000000000000e+05
5.010999999999999943e+01 7.292000000000000000e+05
5.093999999999999773e+01 4.259000000000000000e+05
5.107000000000000028e+01 7.321000000000000000e+05
5.110999999999999943e+01 8.418000000000000000e+05
5.077000000000000313e+01 4.495000000000000000e+05
4.996999999999999886e+01 4.634000000000000000e+05
5.006000000000000227e+01 2.922000000000000000e+05
5.000999999999999801e+01 6.925000000000000000e+05
4.979999999999999716e+01 8.868000000000000000e+05
5.043999999999999773e+01 5.427000000000000000e+05
5.102000000000000313e+01 2.305000000000000000e+06
5.292000000000000171e+01 1.087700000000000000e+06
5.271999999999999886e+01 7.383000000000000000e+05
5.296000000000000085e+01 8.247000000000000000e+05
5.245000000000000284e+01 1.349200000000000000e+06
5.217000000000000171e+01 1.911000000000000000e+06
5.124000000000000199e+01 1.261880000000000000e+07
5.282000000000000028e+01 1.528900000000000000e+06
5.281000000000000227e+01 9.269000000000000000e+05
5.429999999999999716e+01 7.235000000000000000e+05
5.410999999999999943e+01 2.900000000000000000e+05
5.447999999999999687e+01 5.565000000000000000e+05
5.411999999999999744e+01 5.355000000000000000e+05
5.406000000000000227e+01 3.141000000000000000e+05
5.286999999999999744e+01 4.777000000000000000e+05
5.414999999999999858e+01 3.989000000000000000e+05
5.350000000000000000e+01 3.451000000000000000e+05
5.361999999999999744e+01 2.608000000000000000e+05
5.325999999999999801e+01 2.667000000000000000e+05
5.363000000000000256e+01 4.145000000000000000e+05
5.392999999999999972e+01 5.724000000000000000e+05
5.453999999999999915e+01 7.500000000000000000e+05
5.493999999999999773e+01 7.427000000000000000e+05
5.377000000000000313e+01 7.431000000000000000e+05
5.314999999999999858e+01 1.273800000000000000e+06
5.220000000000000284e+01 1.732600000000000000e+06
4.943999999999999773e+01 4.315000000000000000e+05
4.914999999999999858e+01 3.750000000000000000e+05
4.860999999999999943e+01 3.569000000000000000e+05
4.822999999999999687e+01 4.687000000000000000e+05
4.900000000000000000e+01 8.649000000000000000e+05
4.836999999999999744e+01 6.070000000000000000e+05
4.660999999999999943e+01 2.263000000000000000e+05
4.642999999999999972e+01 4.553000000000000000e+05
4.763000000000000256e+01 2.280000000000000000e+05
4.770000000000000284e+01 3.218000000000000000e+05
4.642999999999999972e+01 2.773000000000000000e+05
4.729999999999999716e+01 3.614000000000000000e+05
4.653999999999999915e+01 4.371000000000000000e+05
4.621000000000000085e+01 8.151000000000000000e+05
4.774000000000000199e+01 3.121000000000000000e+05
4.800999999999999801e+01 4.262000000000000000e+05
4.814999999999999858e+01 9.883000000000000000e+05
4.897999999999999687e+01 7.639000000000000000e+05
4.978000000000000114e+01 3.689000000000000000e+05
4.950000000000000000e+01 4.105000000000000000e+05
4.900000000000000000e+01 2.212000000000000000e+05
4.915999999999999659e+01 6.878000000000000000e+05
4.860999999999999943e+01 5.223000000000000000e+05
4.784000000000000341e+01 2.854000000000000000e+05
4.742000000000000171e+01 3.840000000000000000e+05
4.678999999999999915e+01 5.568000000000000000e+05
4.603000000000000114e+01 2.409000000000000000e+05
4.628999999999999915e+01 2.614000000000000000e+05
4.579999999999999716e+01 2.746000000000000000e+05
4.634000000000000341e+01 2.156000000000000000e+05
4.645000000000000284e+01 1.677000000000000000e+05
4.639999999999999858e+01 1.306000000000000000e+05
4.647999999999999687e+01 2.725000000000000000e+05
4.639999999999999858e+01 1.542000000000000000e+05
4.620000000000000284e+01 3.987000000000000000e+05
4.542000000000000171e+01 1.581600000000000000e+06
4.515999999999999659e+01 4.414000000000000000e+05
4.567999999999999972e+01 7.814000000000000000e+05
4.521999999999999886e+01 7.146000000000000000e+05
4.514999999999999858e+01 6.008000000000000000e+05
4.496999999999999886e+01 5.791000000000000000e+05
4.507000000000000028e+01 1.052600000000000000e+06
4.377000000000000313e+01 7.270000000000000000e+05
4.372999999999999687e+01 1.564200000000000000e+06
4.274000000000000199e+01 4.284000000000000000e+05
4.203000000000000114e+01 3.818000000000000000e+05
4.186999999999999744e+01 4.199000000000000000e+05
4.193999999999999773e+01 4.201000000000000000e+05
4.235000000000000142e+01 4.800000000000000000e+05
4.278999999999999915e+01 3.973000000000000000e+05
4.318999999999999773e+01 1.013000000000000000e+05
4.299000000000000199e+01 2.667000000000000000e+05
4.300000000000000000e+01 4.231000000000000000e+05
4.270000000000000284e+01 4.462000000000000000e+05
4.310999999999999943e+01 3.598000000000000000e+05
4.325000000000000000e+01 8.963000000000000000e+05
4.288000000000000256e+01 9.264000000000000000e+05
4.285999999999999943e+01 6.829000000000000000e+05
4.331000000000000227e+01 1.040500000000000000e+06
4.397999999999999687e+01 3.201000000000000000e+05
4.396999999999999886e+01 3.544000000000000000e+05
4.436999999999999744e+01 2.610000000000000000e+05
4.414000000000000057e+01 3.617000000000000000e+05
4.397999999999999687e+01 2.537000000000000000e+05
4.409000000000000341e+01 3.387000000000000000e+05
4.404999999999999716e+01 4.821000000000000000e+05
4.400000000000000000e+01 3.073000000000000000e+05
4.409000000000000341e+01 3.256000000000000000e+05
4.420000000000000284e+01 3.361000000000000000e+05
4.342999999999999972e+01 1.490100000000000000e+06
4.199000000000000199e+01 1.466600000000000000e+06
4.338000000000000256e+01 6.540000000000000000e+05
4.377000000000000313e+01 1.870000000000000000e+05
4.389999999999999858e+01 1.844000000000000000e+05
4.431000000000000227e+01 1.759000000000000000e+05
4.454999999999999716e+01 2.736000000000000000e+05
4.381000000000000227e+01 8.150000000000000000e+04
4.410999999999999943e+01 2.886000000000000000e+05
4.397999999999999687e+01 2.480000000000000000e+05
4.392999999999999972e+01 1.815000000000000000e+05
4.353000000000000114e+01 2.643000000000000000e+05
4.311999999999999744e+01 3.104000000000000000e+05
4.199000000000000199e+01 1.531000000000000000e+05
4.202000000000000313e+01 3.968000000000000000e+05
4.222999999999999687e+01 3.129000000000000000e+05
4.257000000000000028e+01 2.346000000000000000e+05
4.221999999999999886e+01 5.089000000000000000e+05
4.157999999999999829e+01 1.117700000000000000e+06
4.254999999999999716e+01 4.993000000000000000e+05
4.397999999999999687e+01 3.302000000000000000e+05
4.325000000000000000e+01 2.573000000000000000e+05
4.403999999999999915e+01 3.180000000000000000e+05
4.467000000000000171e+01 5.436000000000000000e+05
4.488000000000000256e+01 2.039000000000000000e+05
4.492999999999999972e+01 2.764000000000000000e+05
4.510000000000000142e+01 2.305000000000000000e+05
4.468999999999999773e+01 1.744000000000000000e+05
4.475999999999999801e+01 5.050000000000000000e+05
4.485999999999999943e+01 4.564000000000000000e+05
4.471999999999999886e+01 6.699000000000000000e+05
4.400000000000000000e+01 4.831000000000000000e+05
4.509000000000000341e+01 2.147000000000000000e+05
4.477000000000000313e+01 2.845000000000000000e+05
4.445000000000000284e+01 2.244000000000000000e+05
4.436999999999999744e+01 1.670000000000000000e+05
4.446999999999999886e+01 5.065000000000000000e+05
4.372999999999999687e+01 4.442000000000000000e+05
4.377000000000000313e+01 4.217000000000000000e+05
4.314999999999999858e+01 2.497000000000000000e+05
4.282000000000000028e+01 1.941000000000000000e+05
4.318999999999999773e+01 6.270000000000000000e+04
4.322999999999999687e+01 3.391000000000000000e+05
4.310000000000000142e+01 1.934000000000000000e+05
4.325999999999999801e+01 2.050000000000000000e+05
4.389999999999999858e+01 1.704000000000000000e+05
4.397999999999999687e+01 2.160000000000000000e+05
4.311999999999999744e+01 2.260000000000000000e+05
4.342999999999999972e+01 1.562000000000000000e+05
4.353000000000000114e+01 1.160000000000000000e+05
4.365999999999999659e+01 1.208000000000000000e+05
4.400000000000000000e+01 1.934000000000000000e+05
4.428999999999999915e+01 3.227000000000000000e+05
4.432000000000000028e+01 3.143000000000000000e+05
4.415999999999999659e+01 2.364000000000000000e+05
4.475000000000000000e+01 1.776000000000000000e+05
4.529999999999999716e+01 2.506000000000000000e+05
4.538000000000000256e+01 2.178000000000000000e+05
4.557999999999999829e+01 2.314000000000000000e+05
4.564000000000000057e+01 1.197000000000000000e+05
4.538000000000000256e+01 1.718000000000000000e+05
4.553999999999999915e+01 2.921000000000000000e+05
4.595000000000000284e+01 3.685000000000000000e+05
4.532999999999999829e+01 3.238000000000000000e+05
4.521999999999999886e+01 4.982000000000000000e+05
4.628999999999999915e+01 1.155000000000000000e+06
4.485000000000000142e+01 7.335000000000000000e+05
4.339000000000000057e+01 2.504000000000000000e+05
4.346999999999999886e+01 3.700000000000000000e+04
4.327000000000000313e+01 2.227000000000000000e+05
4.347999999999999687e+01 2.174000000000000000e+05
4.352000000000000313e+01 1.872000000000000000e+05
4.432000000000000028e+01 2.448000000000000000e+05
4.457000000000000028e+01 1.293000000000000000e+05
4.407000000000000028e+01 1.352000000000000000e+05
4.403999999999999915e+01 9.370000000000000000e+04
4.382999999999999829e+01 5.403000000000000000e+05
4.374000000000000199e+01 3.819000000000000000e+05
4.364999999999999858e+01 2.154000000000000000e+05
4.350000000000000000e+01 2.115000000000000000e+05
4.327000000000000313e+01 3.374000000000000000e+05
4.360999999999999943e+01 1.313000000000000000e+05
4.368999999999999773e+01 1.150000000000000000e+05
4.392999999999999972e+01 2.337000000000000000e+05
4.324000000000000199e+01 1.975000000000000000e+05
4.361999999999999744e+01 4.939000000000000000e+05
4.306000000000000227e+01 2.561000000000000000e+05
4.295000000000000284e+01 3.550000000000000000e+05
4.256000000000000227e+01 1.400900000000000000e+06
4.232999999999999829e+01 6.758000000000000000e+05
4.202000000000000313e+01 7.533000000000000000e+05
4.300000000000000000e+01 2.147000000000000000e+05
4.332000000000000028e+01 3.479000000000000000e+05
4.418999999999999773e+01 6.557000000000000000e+05
4.334000000000000341e+01 3.228000000000000000e+05
4.378999999999999915e+01 3.431000000000000000e+05
4.389000000000000057e+01 5.346000000000000000e+05
4.353000000000000114e+01 4.721000000000000000e+05
4.309000000000000341e+01 2.653000000000000000e+05
4.289999999999999858e+01 5.001000000000000000e+05
4.300000000000000000e+01 5.315000000000000000e+05
4.395000000000000284e+01 3.299000000000000000e+05
4.364000000000000057e+01 8.084000000000000000e+05
4.296999999999999886e+01 4.716000000000000000e+05
4.322999999999999687e+01 5.311000000000000000e+05
4.285000000000000142e+01 9.677000000000000000e+05
4.318999999999999773e+01 5.768000000000000000e+05
4.457999999999999829e+01 3.940000000000000000e+05
4.403999999999999915e+01 1.550000000000000000e+05
4.425000000000000000e+01 2.985000000000000000e+05
4.446999999999999886e+01 3.111000000000000000e+05
4.542999999999999972e+01 7.195000000000000000e+05
4.503000000000000114e+01 3.872000000000000000e+05
4.500000000000000000e+01 8.816000000000000000e+05
4.464999999999999858e+01 9.132000000000000000e+05
4.504999999999999716e+01 6.689000000000000000e+05
4.538000000000000256e+01 5.358000000000000000e+05
4.552000000000000313e+01 9.201000000000000000e+05
4.585000000000000142e+01 1.244600000000000000e+06
4.550000000000000000e+01 2.380500000000000000e+06
4.442999999999999972e+01 2.049800000000000000e+06
4.332000000000000028e+01 1.053100000000000000e+06
4.239000000000000057e+01 2.969700000000000000e+06
4.210999999999999943e+01 1.915340000000000000e+07
