2.303999999999999915e+01 5.583416000000000000e+06
2.378999999999999915e+01 7.902858000000000000e+06
2.480000000000000071e+01 6.458400000000000000e+06
2.375000000000000000e+01 3.760179000000000000e+06
2.262999999999999901e+01 4.304455000000000000e+06
2.341000000000000014e+01 5.518516000000000000e+06
2.328000000000000114e+01 5.175624000000000000e+06
2.241000000000000014e+01 4.696874000000000000e+06
1.950000000000000000e+01 6.477473000000000000e+06
1.960999999999999943e+01 5.899950000000000000e+06
2.001000000000000156e+01 5.737456000000000000e+06
1.921999999999999886e+01 8.292643000000000000e+06
2.153999999999999915e+01 7.718343000000000000e+06
2.125000000000000000e+01 6.441643000000000000e+06
2.300000000000000000e+01 8.556235000000000000e+06
2.133999999999999986e+01 1.057676600000000000e+07
2.348999999999999844e+01 1.068365000000000000e+07
2.385999999999999943e+01 1.031843400000000000e+07
2.332999999999999829e+01 1.130618300000000000e+07
2.778999999999999915e+01 1.699515000000000000e+07
2.682999999999999829e+01 1.575866700000000000e+07
3.094999999999999929e+01 2.520274400000000000e+07
3.169999999999999929e+01 1.786712500000000000e+07
3.279999999999999716e+01 3.818980500000000000e+07
3.278999999999999915e+01 9.109511000000000000e+06
3.360999999999999943e+01 3.235214000000000000e+06
3.575000000000000000e+01 2.791451000000000000e+06
3.572999999999999687e+01 3.193193000000000000e+06
3.656000000000000227e+01 2.042340000000000000e+06
3.860999999999999943e+01 2.869873000000000000e+06
3.864999999999999858e+01 1.833487000000000000e+06
3.765999999999999659e+01 1.948430000000000000e+06
3.754999999999999716e+01 3.619536000000000000e+06
3.682999999999999829e+01 2.220326000000000000e+06
3.754999999999999716e+01 1.065239000000000000e+06
3.847999999999999687e+01 1.770848000000000000e+06
3.774000000000000199e+01 1.271965000000000000e+06
3.756000000000000227e+01 1.764635000000000000e+06
3.709000000000000341e+01 2.812087000000000000e+06
3.702000000000000313e+01 1.151950000000000000e+06
3.675000000000000000e+01 8.422410000000000000e+05
3.656000000000000227e+01 1.085455000000000000e+06
3.577000000000000313e+01 5.831270000000000000e+05
3.531000000000000227e+01 9.359620000000000000e+05
3.621000000000000085e+01 7.404910000000000000e+05
3.610000000000000142e+01 9.064130000000000000e+05
3.557999999999999829e+01 1.315284000000000000e+06
3.452000000000000313e+01 1.406242000000000000e+06
3.465999999999999659e+01 7.738340000000000000e+05
3.486999999999999744e+01 8.842210000000000000e+05
3.450000000000000000e+01 4.435500000000000000e+05
3.456000000000000227e+01 1.096383000000000000e+06
3.547999999999999687e+01 5.788730000000000000e+05
3.510999999999999943e+01 7.623640000000000000e+05
3.450000000000000000e+01 2.566975000000000000e+06
3.492999999999999972e+01 9.111380000000000000e+05
3.543999999999999773e+01 5.087580000000000000e+05
3.514000000000000057e+01 9.857090000000000000e+05
3.579999999999999716e+01 6.487900000000000000e+05
3.575000000000000000e+01 1.131695000000000000e+06
3.600999999999999801e+01 8.394630000000000000e+05
3.628000000000000114e+01 8.073210000000000000e+05
3.671999999999999886e+01 6.945310000000000000e+05
3.688000000000000256e+01 9.170860000000000000e+05
3.667999999999999972e+01 1.035489000000000000e+06
3.649000000000000199e+01 1.058397000000000000e+06
3.695000000000000284e+01 7.143440000000000000e+05
3.695000000000000284e+01 4.943660000000000000e+05
3.678000000000000114e+01 2.685330000000000000e+05
3.688000000000000256e+01 7.496320000000000000e+05
3.664000000000000057e+01 1.967452000000000000e+06
3.649000000000000199e+01 8.160120000000000000e+05
3.615999999999999659e+01 1.757471000000000000e+06
3.607999999999999829e+01 1.779493000000000000e+06
3.617999999999999972e+01 1.340333000000000000e+06
3.553999999999999915e+01 2.092734000000000000e+06
3.502000000000000313e+01 1.253214000000000000e+06
3.428999999999999915e+01 6.973340000000000000e+05
3.343999999999999773e+01 1.121446000000000000e+06
3.385000000000000142e+01 6.181470000000000000e+05
3.409000000000000341e+01 5.318360000000000000e+05
3.352000000000000313e+01 6.728110000000000000e+05
3.338000000000000256e+01 8.902480000000000000e+05
3.327000000000000313e+01 6.423110000000000000e+05
3.353999999999999915e+01 9.520360000000000000e+05
3.386999999999999744e+01 3.836830000000000000e+05
3.411999999999999744e+01 8.156150000000000000e+05
3.393999999999999773e+01 9.634200000000000000e+05
3.395000000000000284e+01 1.081370000000000000e+06
3.365999999999999659e+01 6.138330000000000000e+05
3.320000000000000284e+01 9.767430000000000000e+05
3.357999999999999829e+01 7.666830000000000000e+05
3.365999999999999659e+01 2.363523000000000000e+06
3.374000000000000199e+01 8.142430000000000000e+05
3.364999999999999858e+01 8.356150000000000000e+05
3.300000000000000000e+01 8.763630000000000000e+05
3.338000000000000256e+01 6.662550000000000000e+05
3.363000000000000256e+01 8.497680000000000000e+05
3.382000000000000028e+01 8.411680000000000000e+05
3.372999999999999687e+01 8.936990000000000000e+05
3.324000000000000199e+01 1.027725000000000000e+06
3.272999999999999687e+01 6.923050000000000000e+05
3.264000000000000057e+01 1.455156000000000000e+06
3.343999999999999773e+01 2.389511000000000000e+06
3.285000000000000142e+01 1.331148000000000000e+06
3.182999999999999829e+01 1.708479000000000000e+06
3.210999999999999943e+01 2.745906000000000000e+06
3.302000000000000313e+01 4.255143000000000000e+06
3.232000000000000028e+01 2.550471000000000000e+06
3.278999999999999915e+01 3.739218000000000000e+06
3.225999999999999801e+01 1.526695000000000000e+06
3.256000000000000227e+01 3.298992000000000000e+06
3.198000000000000043e+01 4.137229000000000000e+06
3.110999999999999943e+01 2.456803000000000000e+06
3.085000000000000142e+01 2.546414000000000000e+06
2.966000000000000014e+01 1.193189000000000000e+06
2.944999999999999929e+01 8.315720000000000000e+05
2.939000000000000057e+01 1.417408000000000000e+06
2.907000000000000028e+01 8.260200000000000000e+05
2.957000000000000028e+01 2.271849000000000000e+06
2.812999999999999901e+01 1.477394000000000000e+06
2.732999999999999829e+01 6.043140000000000000e+05
2.701000000000000156e+01 2.736791000000000000e+06
2.757000000000000028e+01 1.030656000000000000e+06
2.821999999999999886e+01 9.727700000000000000e+05
2.782999999999999829e+01 1.514630000000000000e+06
2.712000000000000099e+01 1.861325000000000000e+06
2.705999999999999872e+01 1.882836000000000000e+06
2.828999999999999915e+01 1.756284000000000000e+06
2.867999999999999972e+01 9.350490000000000000e+05
2.917999999999999972e+01 1.192317000000000000e+06
2.930999999999999872e+01 5.977020000000000000e+05
2.892999999999999972e+01 9.836280000000000000e+05
2.930000000000000071e+01 1.317210000000000000e+06
2.950000000000000000e+01 1.424534000000000000e+06
3.003000000000000114e+01 1.099236000000000000e+06
3.075000000000000000e+01 1.015977000000000000e+06
3.105999999999999872e+01 1.184497000000000000e+06
3.185000000000000142e+01 2.385333000000000000e+06
3.123000000000000043e+01 1.281803000000000000e+06
3.073999999999999844e+01 1.434444000000000000e+06
3.021999999999999886e+01 1.663137000000000000e+06
3.037000000000000099e+01 1.973408000000000000e+06
2.876999999999999957e+01 1.693233000000000000e+06
2.816000000000000014e+01 1.331099000000000000e+06
2.826000000000000156e+01 2.558321000000000000e+06
2.676999999999999957e+01 3.811026000000000000e+06
2.746000000000000085e+01 1.171067000000000000e+06
2.867999999999999972e+01 8.304690000000000000e+05
2.848999999999999844e+01 7.212010000000000000e+05
2.801000000000000156e+01 1.493103000000000000e+06
2.773000000000000043e+01 8.579690000000000000e+05
2.821999999999999886e+01 1.084203000000000000e+06
2.823000000000000043e+01 1.473201000000000000e+06
2.948999999999999844e+01 4.491490000000000000e+05
2.958999999999999986e+01 8.676540000000000000e+05
2.975000000000000000e+01 6.868170000000000000e+05
3.025000000000000000e+01 1.265821000000000000e+06
2.998000000000000043e+01 1.195292000000000000e+06
2.944000000000000128e+01 1.107242000000000000e+06
2.939000000000000057e+01 1.727171000000000000e+06
3.057000000000000028e+01 1.510821000000000000e+06
3.019000000000000128e+01 1.129112000000000000e+06
3.041000000000000014e+01 9.428660000000000000e+05
3.094999999999999929e+01 1.339290000000000000e+06
3.069000000000000128e+01 1.517518000000000000e+06
3.089000000000000057e+01 1.378992000000000000e+06
3.017999999999999972e+01 4.331694000000000000e+06
3.105000000000000071e+01 2.714834000000000000e+06
3.121000000000000085e+01 4.026277000000000000e+06
3.296999999999999886e+01 2.816138000000000000e+06
3.320000000000000284e+01 1.658459000000000000e+06
3.228999999999999915e+01 1.292951000000000000e+06
3.310000000000000142e+01 1.161408000000000000e+06
3.350000000000000000e+01 9.074320000000000000e+05
3.400999999999999801e+01 7.565940000000000000e+05
3.385000000000000142e+01 7.294790000000000000e+05
3.345000000000000284e+01 7.950190000000000000e+05
3.353000000000000114e+01 1.115370000000000000e+06
3.278000000000000114e+01 6.647330000000000000e+05
3.292999999999999972e+01 1.634444000000000000e+06
3.335999999999999943e+01 1.347445000000000000e+06
3.250000000000000000e+01 9.815810000000000000e+05
3.325999999999999801e+01 7.909030000000000000e+05
3.228999999999999915e+01 3.126125000000000000e+06
3.306000000000000227e+01 1.624272000000000000e+06
3.304999999999999716e+01 1.793637000000000000e+06
3.410000000000000142e+01 9.652390000000000000e+05
3.449000000000000199e+01 2.283145000000000000e+06
3.460000000000000142e+01 5.933290000000000000e+05
3.449000000000000199e+01 9.930520000000000000e+05
3.482999999999999829e+01 6.825510000000000000e+05
3.460000000000000142e+01 1.481624000000000000e+06
3.389999999999999858e+01 1.081479000000000000e+06
3.370000000000000284e+01 7.272230000000000000e+05
3.385000000000000142e+01 7.428510000000000000e+05
3.377000000000000313e+01 7.504940000000000000e+05
3.410000000000000142e+01 1.622135000000000000e+06
3.489000000000000057e+01 1.491098000000000000e+06
3.482000000000000028e+01 7.622730000000000000e+05
3.459000000000000341e+01 1.159898000000000000e+06
3.359000000000000341e+01 9.226070000000000000e+05
3.342000000000000171e+01 7.895540000000000000e+05
3.347999999999999687e+01 8.219370000000000000e+05
3.309000000000000341e+01 1.105039000000000000e+06
3.375000000000000000e+01 1.238844000000000000e+06
3.403999999999999915e+01 8.222570000000000000e+05
3.363000000000000256e+01 1.039403000000000000e+06
3.379999999999999716e+01 1.541407000000000000e+06
3.360000000000000142e+01 1.733608000000000000e+06
3.418999999999999773e+01 1.208962000000000000e+06
3.375999999999999801e+01 2.627189000000000000e+06
3.396999999999999886e+01 1.659709000000000000e+06
3.471999999999999886e+01 1.267963000000000000e+06
3.493999999999999773e+01 1.451647000000000000e+06
3.529999999999999716e+01 9.160670000000000000e+05
3.527000000000000313e+01 1.278269000000000000e+06
3.489999999999999858e+01 1.589625000000000000e+06
3.567000000000000171e+01 1.741452000000000000e+06
3.589000000000000057e+01 1.724472000000000000e+06
3.514999999999999858e+01 2.102420000000000000e+06
3.472999999999999687e+01 2.737596000000000000e+06
3.506000000000000227e+01 1.766276000000000000e+06
3.525999999999999801e+01 2.176359000000000000e+06
3.446000000000000085e+01 1.693674000000000000e+06
3.378000000000000114e+01 1.666506000000000000e+06
3.431000000000000227e+01 1.306188000000000000e+06
3.342999999999999972e+01 2.166368000000000000e+06
3.332000000000000028e+01 1.437961000000000000e+06
3.399000000000000199e+01 1.875349000000000000e+06
3.410000000000000142e+01 2.183718000000000000e+06
3.470000000000000284e+01 2.637560000000000000e+06
3.496999999999999886e+01 4.847166000000000000e+06
3.460999999999999943e+01 4.704014000000000000e+06
3.375000000000000000e+01 7.293557000000000000e+06
3.254999999999999716e+01 9.869820000000000000e+06
2.805000000000000071e+01 2.633335000000000000e+06
2.778000000000000114e+01 1.543964000000000000e+06
2.782000000000000028e+01 1.470035000000000000e+06
2.780000000000000071e+01 1.073169000000000000e+06
2.732000000000000028e+01 1.219203000000000000e+06
2.707999999999999829e+01 1.302571000000000000e+06
2.689000000000000057e+01 1.152940000000000000e+06
2.742000000000000171e+01 1.259227000000000000e+06
2.726999999999999957e+01 1.444584000000000000e+06
2.773000000000000043e+01 1.878151000000000000e+06
2.823999999999999844e+01 9.370810000000000000e+05
2.801000000000000156e+01 6.331210000000000000e+05
2.783999999999999986e+01 8.990780000000000000e+05
2.832999999999999829e+01 6.343700000000000000e+05
2.826000000000000156e+01 8.049050000000000000e+05
2.803999999999999915e+01 5.536580000000000000e+05
2.798999999999999844e+01 1.215788000000000000e+06
2.782999999999999829e+01 5.010740000000000000e+05
2.796000000000000085e+01 8.638700000000000000e+05
2.780999999999999872e+01 1.581312000000000000e+06
2.726000000000000156e+01 1.026392000000000000e+06
2.705000000000000071e+01 1.057519000000000000e+06
2.732999999999999829e+01 8.594530000000000000e+05
2.710000000000000142e+01 1.198795000000000000e+06
2.676000000000000156e+01 1.126755000000000000e+06
2.798999999999999844e+01 1.205456000000000000e+06
2.782000000000000028e+01 1.631020000000000000e+06
2.773999999999999844e+01 2.120265000000000000e+06
2.819999999999999929e+01 1.505937000000000000e+06
2.791000000000000014e+01 2.031564000000000000e+06
2.700000000000000000e+01 1.734259000000000000e+06
2.771999999999999886e+01 1.656625000000000000e+06
2.705999999999999872e+01 1.379412000000000000e+06
2.712000000000000099e+01 1.514107000000000000e+06
2.619999999999999929e+01 1.119287000000000000e+06
2.608999999999999986e+01 1.670573000000000000e+06
2.630999999999999872e+01 9.730380000000000000e+05
2.694000000000000128e+01 8.646570000000000000e+05
2.698000000000000043e+01 1.085664000000000000e+06
2.733999999999999986e+01 1.068632000000000000e+06
2.685000000000000142e+01 1.331280000000000000e+06
2.664999999999999858e+01 9.737600000000000000e+05
2.666000000000000014e+01 1.396568000000000000e+06
2.705999999999999872e+01 1.709700000000000000e+06
2.673999999999999844e+01 1.350513000000000000e+06
2.705000000000000071e+01 1.459036000000000000e+06
2.657000000000000028e+01 2.435660000000000000e+06
2.592000000000000171e+01 2.895821000000000000e+06
2.610999999999999943e+01 1.428187000000000000e+06
2.535999999999999943e+01 1.654348000000000000e+06
2.530000000000000071e+01 2.274545000000000000e+06
2.462999999999999901e+01 1.457069000000000000e+06
2.442999999999999972e+01 1.284436000000000000e+06
2.437000000000000099e+01 1.073445000000000000e+06
2.492000000000000171e+01 1.801512000000000000e+06
2.514999999999999858e+01 1.146585000000000000e+06
2.503999999999999915e+01 9.532840000000000000e+05
2.489999999999999858e+01 1.009434000000000000e+06
2.478999999999999915e+01 1.231212000000000000e+06
2.467000000000000171e+01 1.637345000000000000e+06
2.462999999999999901e+01 1.604140000000000000e+06
2.444000000000000128e+01 2.079325000000000000e+06
2.396999999999999886e+01 1.828518000000000000e+06
2.417999999999999972e+01 2.219764000000000000e+06
2.264999999999999858e+01 7.451180000000000000e+05
2.242999999999999972e+01 1.039893000000000000e+06
2.278000000000000114e+01 2.240509000000000000e+06
2.321999999999999886e+01 2.099514000000000000e+06
2.223000000000000043e+01 8.400780000000000000e+05
2.183999999999999986e+01 1.185037000000000000e+06
2.192000000000000171e+01 1.721097000000000000e+06
2.200000000000000000e+01 1.200224000000000000e+06
2.271000000000000085e+01 6.795580000000000000e+05
2.248999999999999844e+01 1.007683000000000000e+06
2.237999999999999901e+01 1.224017000000000000e+06
2.185999999999999943e+01 1.387641000000000000e+06
2.160999999999999943e+01 2.296070000000000000e+06
2.094000000000000128e+01 2.041885000000000000e+06
2.057999999999999829e+01 1.246252000000000000e+06
2.100000000000000000e+01 1.602217000000000000e+06
2.044999999999999929e+01 9.072410000000000000e+05
2.037999999999999901e+01 1.394351000000000000e+06
2.039000000000000057e+01 9.172520000000000000e+05
2.021999999999999886e+01 9.815270000000000000e+05
1.892000000000000171e+01 6.878410000000000000e+05
1.985999999999999943e+01 3.130550000000000000e+06
1.919999999999999929e+01 1.294808000000000000e+06
1.973000000000000043e+01 1.658516000000000000e+06
2.060000000000000142e+01 1.622975000000000000e+06
2.050000000000000000e+01 1.188697000000000000e+06
2.121999999999999886e+01 1.356125000000000000e+06
2.135000000000000142e+01 1.715200000000000000e+06
2.183999999999999986e+01 2.509717000000000000e+06
2.157999999999999829e+01 1.080327000000000000e+06
2.207999999999999829e+01 2.086130000000000000e+06
2.230000000000000071e+01 1.572893000000000000e+06
2.289999999999999858e+01 3.272106000000000000e+06
2.328000000000000114e+01 1.732866000000000000e+06
2.537000000000000099e+01 1.090104000000000000e+06
2.475000000000000000e+01 1.081948000000000000e+06
2.533999999999999986e+01 2.197710000000000000e+06
2.533999999999999986e+01 1.316018000000000000e+06
2.444000000000000128e+01 1.250752000000000000e+06
2.496000000000000085e+01 1.373093000000000000e+06
2.417999999999999972e+01 2.536950000000000000e+05
2.475000000000000000e+01 9.537830000000000000e+05
2.425000000000000000e+01 1.062045000000000000e+06
2.444000000000000128e+01 1.895725000000000000e+06
2.548999999999999844e+01 9.329910000000000000e+05
2.596999999999999886e+01 1.383122000000000000e+06
2.521999999999999886e+01 1.320644000000000000e+06
2.553000000000000114e+01 1.295809000000000000e+06
2.630999999999999872e+01 1.157441000000000000e+06
2.655000000000000071e+01 3.314908000000000000e+06
2.710999999999999943e+01 3.269749000000000000e+06
2.794000000000000128e+01 2.013507000000000000e+06
2.739000000000000057e+01 1.999400000000000000e+06
2.651999999999999957e+01 4.352960000000000000e+06
2.585000000000000142e+01 2.608489000000000000e+06
2.580000000000000071e+01 1.000622300000000000e+07
2.705999999999999872e+01 1.257862000000000000e+06
2.658999999999999986e+01 1.086622000000000000e+06
2.557999999999999829e+01 1.412476000000000000e+06
2.610999999999999943e+01 3.224272000000000000e+06
2.455999999999999872e+01 2.835858000000000000e+06
2.337000000000000099e+01 2.160650000000000000e+06
2.492000000000000171e+01 1.455648000000000000e+06
2.517999999999999972e+01 1.517301000000000000e+06
2.550000000000000000e+01 1.219793000000000000e+06
2.603000000000000114e+01 9.290050000000000000e+05
2.689000000000000057e+01 8.112280000000000000e+05
2.714999999999999858e+01 8.015670000000000000e+05
2.605000000000000071e+01 1.411791000000000000e+06
2.576000000000000156e+01 1.084410000000000000e+06
2.560000000000000142e+01 1.182106000000000000e+06
2.619000000000000128e+01 1.231172000000000000e+06
2.726000000000000156e+01 1.381671000000000000e+06
2.705999999999999872e+01 7.766690000000000000e+05
2.744999999999999929e+01 6.776620000000000000e+05
2.776999999999999957e+01 7.201000000000000000e+05
2.800000000000000000e+01 2.164359000000000000e+06
2.807999999999999829e+01 2.083861000000000000e+06
2.801000000000000156e+01 1.846299000000000000e+06
2.833999999999999986e+01 1.010571000000000000e+06
2.803999999999999915e+01 1.693992000000000000e+06
2.846999999999999886e+01 1.365876000000000000e+06
2.912000000000000099e+01 1.162467000000000000e+06
2.953999999999999915e+01 1.476248000000000000e+06
2.937999999999999901e+01 3.654809000000000000e+06
2.937999999999999901e+01 1.086612000000000000e+06
2.910000000000000142e+01 7.857090000000000000e+05
2.926999999999999957e+01 9.796400000000000000e+05
2.871999999999999886e+01 1.449870000000000000e+06
2.862000000000000099e+01 2.025894000000000000e+06
2.783999999999999986e+01 3.199155000000000000e+06
2.658999999999999986e+01 1.961585000000000000e+06
2.617999999999999972e+01 1.963990000000000000e+06
2.564000000000000057e+01 1.543933000000000000e+06
2.498000000000000043e+01 2.984616000000000000e+06
2.492999999999999972e+01 4.134900000000000000e+06
2.698999999999999844e+01 1.445331000000000000e+06
2.735000000000000142e+01 6.094010000000000000e+05
2.796000000000000085e+01 4.531000000000000000e+05
2.807999999999999829e+01 6.315440000000000000e+05
2.876000000000000156e+01 7.776380000000000000e+05
2.826999999999999957e+01 8.223760000000000000e+05
2.825000000000000000e+01 1.200300000000000000e+06
2.751000000000000156e+01 1.129019000000000000e+06
2.733999999999999986e+01 7.398980000000000000e+05
2.794999999999999929e+01 9.650410000000000000e+05
2.821999999999999886e+01 4.835770000000000000e+05
2.830999999999999872e+01 8.496410000000000000e+05
2.794000000000000128e+01 1.229526000000000000e+06
2.737000000000000099e+01 8.907390000000000000e+05
2.703000000000000114e+01 7.857810000000000000e+05
2.817999999999999972e+01 6.573330000000000000e+05
2.848999999999999844e+01 5.848680000000000000e+05
2.885999999999999943e+01 1.096659000000000000e+06
2.876999999999999957e+01 1.436655000000000000e+06
2.928000000000000114e+01 8.700990000000000000e+05
2.948999999999999844e+01 8.816690000000000000e+05
2.916000000000000014e+01 1.427380000000000000e+06
2.846999999999999886e+01 1.655696000000000000e+06
2.773000000000000043e+01 2.705615000000000000e+06
2.767000000000000171e+01 2.417382000000000000e+06
2.860999999999999943e+01 2.492407000000000000e+06
2.732000000000000028e+01 2.493529000000000000e+06
2.710000000000000142e+01 1.993170000000000000e+06
2.662999999999999901e+01 2.625615000000000000e+06
2.648000000000000043e+01 1.567479000000000000e+06
2.669000000000000128e+01 1.087533000000000000e+06
2.716000000000000014e+01 7.068920000000000000e+05
2.782999999999999829e+01 6.482210000000000000e+05
2.819000000000000128e+01 5.077090000000000000e+05
2.780000000000000071e+01 8.969890000000000000e+05
2.807999999999999829e+01 1.281757000000000000e+06
2.810999999999999943e+01 1.221827000000000000e+06
2.817999999999999972e+01 1.225234000000000000e+06
2.798999999999999844e+01 2.447696000000000000e+06
2.882999999999999829e+01 1.313938000000000000e+06
2.926999999999999957e+01 1.211236000000000000e+06
2.951999999999999957e+01 2.222253000000000000e+06
2.835999999999999943e+01 1.053794000000000000e+06
2.878999999999999915e+01 1.614084000000000000e+06
2.873000000000000043e+01 5.927630000000000000e+05
2.855999999999999872e+01 1.625029000000000000e+06
2.939000000000000057e+01 2.230525000000000000e+06
2.937000000000000099e+01 1.634242000000000000e+06
2.926000000000000156e+01 1.885654000000000000e+06
2.903000000000000114e+01 1.953233000000000000e+06
2.830000000000000071e+01 2.101264000000000000e+06
2.882999999999999829e+01 3.666776000000000000e+06
2.792000000000000171e+01 1.984912000000000000e+06
2.823999999999999844e+01 2.044183000000000000e+06
2.946999999999999886e+01 1.129456000000000000e+06
2.998000000000000043e+01 1.309534000000000000e+06
2.967999999999999972e+01 1.388048000000000000e+06
3.005999999999999872e+01 1.938326000000000000e+06
2.939000000000000057e+01 1.699763000000000000e+06
2.944999999999999929e+01 2.215159000000000000e+06
2.982999999999999829e+01 3.923085000000000000e+06
3.183999999999999986e+01 1.388123000000000000e+06
3.310999999999999943e+01 8.587540000000000000e+05
3.282000000000000028e+01 1.053382000000000000e+06
3.238000000000000256e+01 1.661007000000000000e+06
3.250000000000000000e+01 9.755580000000000000e+05
3.234000000000000341e+01 6.724960000000000000e+05
3.286999999999999744e+01 1.066388000000000000e+06
3.339000000000000057e+01 8.209040000000000000e+05
3.260999999999999943e+01 8.974210000000000000e+05
3.288000000000000256e+01 9.929500000000000000e+05
3.385999999999999943e+01 6.654480000000000000e+05
3.427000000000000313e+01 9.410160000000000000e+05
3.440999999999999659e+01 1.535041000000000000e+06
3.442000000000000171e+01 7.597780000000000000e+05
3.446000000000000085e+01 1.356538000000000000e+06
3.429999999999999716e+01 1.633484000000000000e+06
3.375000000000000000e+01 1.358121000000000000e+06
3.363000000000000256e+01 1.185162000000000000e+06
3.346000000000000085e+01 1.517943000000000000e+06
3.343999999999999773e+01 1.448353000000000000e+06
3.346999999999999886e+01 2.354882000000000000e+06
3.204999999999999716e+01 2.248003000000000000e+06
3.151000000000000156e+01 2.357103000000000000e+06
3.204999999999999716e+01 3.971815000000000000e+06
3.207000000000000028e+01 2.271207000000000000e+06
3.167999999999999972e+01 1.258579200000000000e+07
3.139999999999999858e+01 1.200774000000000000e+06
3.116000000000000014e+01 1.656657000000000000e+06
3.162999999999999901e+01 1.283768000000000000e+06
3.183999999999999986e+01 3.195943000000000000e+06
3.085999999999999943e+01 1.026011000000000000e+06
3.167999999999999972e+01 6.164780000000000000e+05
3.123000000000000043e+01 1.029254000000000000e+06
3.178000000000000114e+01 4.921390000000000000e+05
3.217000000000000171e+01 4.770980000000000000e+05
3.253000000000000114e+01 4.096500000000000000e+05
3.267000000000000171e+01 5.575510000000000000e+05
3.228999999999999915e+01 4.087590000000000000e+05
3.203999999999999915e+01 6.852410000000000000e+05
3.162000000000000099e+01 4.699290000000000000e+05
3.155000000000000071e+01 6.443420000000000000e+05
3.100000000000000000e+01 7.339110000000000000e+05
3.089000000000000057e+01 7.383070000000000000e+05
2.935999999999999943e+01 4.594810000000000000e+05
2.982999999999999829e+01 8.474070000000000000e+05
3.080999999999999872e+01 1.149728000000000000e+06
2.978999999999999915e+01 2.919110000000000000e+05
2.973000000000000043e+01 5.835750000000000000e+05
2.912999999999999901e+01 9.230200000000000000e+05
3.067999999999999972e+01 6.654440000000000000e+05
3.005000000000000071e+01 7.396370000000000000e+05
3.039999999999999858e+01 4.892280000000000000e+05
3.073000000000000043e+01 6.748010000000000000e+05
3.032000000000000028e+01 1.004919000000000000e+06
3.121000000000000085e+01 9.079970000000000000e+05
3.313000000000000256e+01 5.027690000000000000e+05
3.254999999999999716e+01 6.109510000000000000e+05
3.271000000000000085e+01 3.091270000000000000e+05
3.296000000000000085e+01 9.973890000000000000e+05
3.265999999999999659e+01 5.794360000000000000e+05
3.296000000000000085e+01 4.288970000000000000e+05
3.253000000000000114e+01 3.811400000000000000e+05
3.264000000000000057e+01 4.853460000000000000e+05
3.300000000000000000e+01 8.148260000000000000e+05
3.236999999999999744e+01 5.333030000000000000e+05
3.182000000000000028e+01 6.388150000000000000e+05
3.180999999999999872e+01 8.772710000000000000e+05
3.203999999999999915e+01 5.925410000000000000e+05
3.180000000000000071e+01 6.751890000000000000e+05
3.089000000000000057e+01 9.365510000000000000e+05
3.200999999999999801e+01 6.449240000000000000e+05
3.267999999999999972e+01 4.615650000000000000e+05
3.300000000000000000e+01 4.785940000000000000e+05
3.288000000000000256e+01 5.007510000000000000e+05
3.206000000000000227e+01 5.884970000000000000e+05
3.178000000000000114e+01 1.865804000000000000e+06
3.173000000000000043e+01 1.042889000000000000e+06
3.285000000000000142e+01 2.624225000000000000e+06
3.453000000000000114e+01 1.298367000000000000e+06
3.350999999999999801e+01 7.277260000000000000e+05
3.307999999999999829e+01 8.752760000000000000e+05
3.270000000000000284e+01 6.580860000000000000e+05
3.175000000000000000e+01 1.101064000000000000e+06
3.157000000000000028e+01 8.729910000000000000e+05
3.281000000000000227e+01 7.908440000000000000e+05
3.339000000000000057e+01 6.338430000000000000e+05
3.350999999999999801e+01 8.274650000000000000e+05
3.417000000000000171e+01 6.370370000000000000e+05
3.503999999999999915e+01 6.810440000000000000e+05
3.457999999999999829e+01 7.561590000000000000e+05
3.546999999999999886e+01 7.958180000000000000e+05
3.624000000000000199e+01 4.144720000000000000e+05
3.628000000000000114e+01 2.294560000000000000e+05
3.593999999999999773e+01 6.604190000000000000e+05
3.627000000000000313e+01 4.359510000000000000e+05
3.668999999999999773e+01 9.278690000000000000e+05
3.618999999999999773e+01 6.606190000000000000e+05
3.592000000000000171e+01 5.185200000000000000e+05
3.520000000000000284e+01 4.430610000000000000e+05
3.496000000000000085e+01 8.683710000000000000e+05
3.510000000000000142e+01 9.746770000000000000e+05
3.456000000000000227e+01 5.420630000000000000e+05
3.489000000000000057e+01 2.480550000000000000e+05
3.445000000000000284e+01 4.249270000000000000e+05
3.509000000000000341e+01 4.187820000000000000e+05
3.490999999999999659e+01 5.736020000000000000e+05
3.454999999999999716e+01 4.168990000000000000e+05
3.407000000000000028e+01 4.884030000000000000e+05
3.390999999999999659e+01 8.066220000000000000e+05
3.371000000000000085e+01 8.147330000000000000e+05
3.392999999999999972e+01 4.423260000000000000e+05
3.396999999999999886e+01 2.825620000000000000e+05
3.410999999999999943e+01 3.112290000000000000e+05
3.403000000000000114e+01 1.487210000000000000e+05
3.420000000000000284e+01 3.235060000000000000e+05
3.442999999999999972e+01 3.337500000000000000e+05
3.400999999999999801e+01 6.450410000000000000e+05
3.328999999999999915e+01 9.775270000000000000e+05
3.338000000000000256e+01 9.475550000000000000e+05
3.260999999999999943e+01 1.606723000000000000e+06
3.169000000000000128e+01 4.675250000000000000e+05
3.182999999999999829e+01 1.003129000000000000e+06
3.167999999999999972e+01 4.351020000000000000e+05
3.203000000000000114e+01 3.311440000000000000e+05
3.232999999999999829e+01 6.376290000000000000e+05
3.217999999999999972e+01 8.457780000000000000e+05
3.146999999999999886e+01 4.635690000000000000e+05
3.116000000000000014e+01 6.308610000000000000e+05
3.144999999999999929e+01 7.857570000000000000e+05
3.207999999999999829e+01 2.144255000000000000e+06
3.240999999999999659e+01 2.112831000000000000e+06
3.114999999999999858e+01 8.927600000000000000e+05
3.123000000000000043e+01 9.657340000000000000e+05
3.146000000000000085e+01 1.307896000000000000e+06
3.114000000000000057e+01 3.917770000000000000e+05
3.098000000000000043e+01 1.223008000000000000e+06
3.073000000000000043e+01 1.687016000000000000e+06
3.057000000000000028e+01 2.904280000000000000e+06
3.005000000000000071e+01 2.587960000000000000e+06
2.889000000000000057e+01 7.596770000000000000e+06
2.753999999999999915e+01 8.607890000000000000e+05
2.866000000000000014e+01 1.090128000000000000e+06
2.941000000000000014e+01 8.833660000000000000e+05
2.876000000000000156e+01 7.925820000000000000e+05
2.814000000000000057e+01 1.079977000000000000e+06
2.807000000000000028e+01 8.384620000000000000e+05
2.800000000000000000e+01 5.682850000000000000e+05
2.796000000000000085e+01 6.590720000000000000e+05
2.857999999999999829e+01 9.249380000000000000e+05
2.930999999999999872e+01 7.382980000000000000e+05
2.894000000000000128e+01 8.375160000000000000e+05
2.885000000000000142e+01 6.476360000000000000e+05
2.912000000000000099e+01 1.344872000000000000e+06
3.042000000000000171e+01 1.433963000000000000e+06
2.910000000000000142e+01 3.286100000000000000e+05
2.662000000000000099e+01 5.057630000000000000e+05
2.660000000000000142e+01 6.082300000000000000e+05
2.642000000000000171e+01 4.674800000000000000e+05
2.657999999999999829e+01 7.965990000000000000e+05
2.635999999999999943e+01 4.955440000000000000e+05
2.675000000000000000e+01 5.664070000000000000e+05
2.698999999999999844e+01 5.453120000000000000e+05
2.692000000000000171e+01 3.991910000000000000e+05
2.696000000000000085e+01 3.796100000000000000e+05
2.689000000000000057e+01 2.696140000000000000e+05
2.685999999999999943e+01 2.738500000000000000e+05
2.689999999999999858e+01 2.574570000000000000e+05
2.678000000000000114e+01 3.729260000000000000e+05
2.660000000000000142e+01 4.140250000000000000e+05
2.678999999999999915e+01 4.178500000000000000e+05
2.689000000000000057e+01 6.656710000000000000e+05
2.762999999999999901e+01 4.001780000000000000e+05
2.755000000000000071e+01 4.736500000000000000e+05
2.751999999999999957e+01 2.984260000000000000e+05
2.732999999999999829e+01 6.944140000000000000e+05
2.707000000000000028e+01 5.577710000000000000e+05
2.630999999999999872e+01 6.607780000000000000e+05
2.639999999999999858e+01 4.856460000000000000e+05
2.628000000000000114e+01 2.696450000000000000e+05
2.585000000000000142e+01 4.327780000000000000e+05
2.598000000000000043e+01 5.610090000000000000e+05
2.582000000000000028e+01 4.212750000000000000e+05
2.578000000000000114e+01 7.039110000000000000e+05
2.508999999999999986e+01 5.137800000000000000e+05
2.496999999999999886e+01 4.804210000000000000e+05
2.467000000000000171e+01 3.311260000000000000e+05
2.453000000000000114e+01 6.555100000000000000e+05
2.389000000000000057e+01 3.867020000000000000e+05
2.376000000000000156e+01 4.040730000000000000e+05
2.360999999999999943e+01 2.472640000000000000e+05
2.335000000000000142e+01 4.006170000000000000e+05
2.312000000000000099e+01 4.503450000000000000e+05
2.369999999999999929e+01 4.655090000000000000e+05
2.348999999999999844e+01 3.822110000000000000e+05
2.330000000000000071e+01 3.685330000000000000e+05
2.305999999999999872e+01 2.621970000000000000e+05
2.294999999999999929e+01 3.552010000000000000e+05
2.298000000000000043e+01 5.722790000000000000e+05
2.269999999999999929e+01 2.302580000000000000e+05
2.296000000000000085e+01 6.124170000000000000e+05
2.278000000000000114e+01 2.450850000000000000e+05
2.239000000000000057e+01 7.119690000000000000e+05
2.196999999999999886e+01 5.063850000000000000e+05
2.200000000000000000e+01 4.157670000000000000e+05
2.275000000000000000e+01 5.362960000000000000e+05
2.269000000000000128e+01 1.061909000000000000e+06
2.258999999999999986e+01 9.702810000000000000e+05
2.267999999999999972e+01 6.052970000000000000e+05
2.266000000000000014e+01 1.247866000000000000e+06
2.360000000000000142e+01 2.967600000000000000e+05
2.412999999999999901e+01 6.266550000000000000e+05
2.403999999999999915e+01 1.039061000000000000e+06
2.407000000000000028e+01 8.095950000000000000e+05
2.326000000000000156e+01 2.650329000000000000e+06
2.301999999999999957e+01 1.444358000000000000e+06
2.250000000000000000e+01 9.981990000000000000e+05
2.296000000000000085e+01 5.369240000000000000e+05
2.308999999999999986e+01 2.607920000000000000e+05
2.323000000000000043e+01 3.141590000000000000e+05
2.282000000000000028e+01 7.812100000000000000e+05
2.344999999999999929e+01 1.832279000000000000e+06
2.314000000000000057e+01 7.244280000000000000e+05
2.301000000000000156e+01 1.163239000000000000e+06
2.355000000000000071e+01 4.544310000000000000e+05
2.342000000000000171e+01 7.424240000000000000e+05
2.303999999999999915e+01 9.626840000000000000e+05
2.296999999999999886e+01 1.357054000000000000e+06
2.207999999999999829e+01 2.112540000000000000e+05
2.205999999999999872e+01 1.577730000000000000e+06
2.212999999999999901e+01 1.091807000000000000e+06
2.173000000000000043e+01 6.561340000000000000e+05
2.133999999999999986e+01 8.268880000000000000e+05
2.067000000000000171e+01 9.538570000000000000e+05
2.096999999999999886e+01 1.184427000000000000e+06
2.182000000000000028e+01 7.658150000000000000e+05
2.233999999999999986e+01 3.965070000000000000e+05
2.160999999999999943e+01 2.508310000000000000e+05
2.142999999999999972e+01 7.961880000000000000e+05
2.126999999999999957e+01 7.375670000000000000e+05
2.128999999999999915e+01 1.029076000000000000e+06
2.050000000000000000e+01 7.907720000000000000e+05
2.046999999999999886e+01 3.690385000000000000e+06
2.105999999999999872e+01 1.321878000000000000e+06
2.071999999999999886e+01 1.275376000000000000e+06
2.262000000000000099e+01 1.043702000000000000e+06
2.392000000000000171e+01 4.601980000000000000e+05
2.392000000000000171e+01 2.465627000000000000e+06
2.298999999999999844e+01 1.510315000000000000e+06
2.325000000000000000e+01 1.988480000000000000e+06
2.348999999999999844e+01 9.272650000000000000e+05
2.303000000000000114e+01 8.261690000000000000e+05
2.248999999999999844e+01 5.658630000000000000e+05
2.164999999999999858e+01 4.325530000000000000e+05
2.176000000000000156e+01 7.335430000000000000e+05
2.228999999999999915e+01 1.089496000000000000e+06
2.262999999999999901e+01 4.221530000000000000e+05
2.264999999999999858e+01 5.465910000000000000e+05
2.292999999999999972e+01 4.864000000000000000e+05
2.292999999999999972e+01 4.844290000000000000e+05
2.294999999999999929e+01 8.431250000000000000e+05
2.303000000000000114e+01 7.210730000000000000e+05
2.251000000000000156e+01 1.080743000000000000e+06
2.335000000000000142e+01 4.087910000000000000e+05
2.344999999999999929e+01 7.039850000000000000e+05
2.289000000000000057e+01 3.830710000000000000e+05
2.271999999999999886e+01 1.248618000000000000e+06
2.250000000000000000e+01 4.075173000000000000e+06
2.210000000000000142e+01 1.583699000000000000e+06
2.210000000000000142e+01 1.289339000000000000e+06
2.201999999999999957e+01 3.487278000000000000e+06
2.110000000000000142e+01 1.093371800000000000e+07
