2.367999999999999972e+01 6.092782000000000000e+06
2.473999999999999844e+01 7.038558000000000000e+06
2.517000000000000171e+01 8.008412000000000000e+06
2.423999999999999844e+01 8.529411000000000000e+06
2.476999999999999957e+01 1.290295900000000000e+07
2.296000000000000085e+01 1.568308400000000000e+07
2.298999999999999844e+01 1.170622200000000000e+07
2.076999999999999957e+01 1.482932900000000000e+07
2.228000000000000114e+01 1.290827800000000000e+07
2.228000000000000114e+01 1.258533100000000000e+07
2.369000000000000128e+01 1.180237300000000000e+07
2.382999999999999829e+01 1.259440500000000000e+07
2.201999999999999957e+01 1.482149900000000000e+07
2.396999999999999886e+01 1.501430300000000000e+07
2.005999999999999872e+01 1.538640900000000000e+07
2.319739999999999824e+01 1.176636600000000000e+07
2.402100000000000080e+01 1.233918700000000000e+07
2.349159999999999826e+01 1.623135500000000000e+07
2.552110000000000056e+01 8.694622000000000000e+06
2.612900000000000134e+01 1.258187500000000000e+07
2.593290000000000006e+01 8.588069000000000000e+06
2.500150000000000006e+01 1.101141300000000000e+07
2.556030000000000157e+01 1.447076900000000000e+07
2.428569999999999851e+01 1.628517100000000000e+07
2.448179999999999978e+01 1.410275100000000000e+07
2.513870000000000005e+01 1.177600800000000000e+07
2.556030000000000157e+01 1.173221900000000000e+07
2.610940000000000083e+01 1.262223100000000000e+07
2.672710000000000008e+01 6.718677000000000000e+06
2.688390000000000057e+01 7.005929000000000000e+06
2.677609999999999957e+01 7.948213000000000000e+06
2.679570000000000007e+01 1.677385200000000000e+07
2.635450000000000159e+01 2.391567600000000000e+07
2.722710000000000008e+01 3.733364200000000000e+07
2.945270000000000010e+01 8.096348000000000000e+06
2.942330000000000112e+01 7.123275000000000000e+06
2.910960000000000036e+01 5.775808000000000000e+06
2.896249999999999858e+01 1.326875500000000000e+07
2.849190000000000111e+01 6.545174000000000000e+06
2.879579999999999984e+01 9.092771000000000000e+06
2.858010000000000161e+01 7.607108000000000000e+06
2.858010000000000161e+01 6.306478000000000000e+06
2.862910000000000110e+01 8.211775000000000000e+06
2.935470000000000113e+01 6.169792000000000000e+06
2.904090000000000060e+01 9.050750000000000000e+06
2.954090000000000060e+01 5.645295000000000000e+06
2.975659999999999883e+01 5.806077000000000000e+06
2.981550000000000011e+01 5.951451000000000000e+06
3.008020000000000138e+01 4.280605000000000000e+06
3.007039999999999935e+01 4.535145000000000000e+06
3.040370000000000061e+01 7.063184000000000000e+06
3.042340000000000089e+01 6.645608000000000000e+06
3.110970000000000013e+01 3.953080000000000000e+06
3.098219999999999885e+01 4.243831000000000000e+06
3.110970000000000013e+01 6.794730000000000000e+06
3.055079999999999885e+01 4.229784000000000000e+06
3.009979999999999833e+01 4.578326000000000000e+06
2.998219999999999885e+01 8.939627000000000000e+06
2.999200000000000088e+01 5.802948000000000000e+06
3.015859999999999985e+01 7.169265000000000000e+06
3.069790000000000063e+01 4.715234000000000000e+06
3.062920000000000087e+01 5.012887000000000000e+06
3.099200000000000088e+01 5.898995000000000000e+06
3.150179999999999936e+01 6.070453000000000000e+06
3.109009999999999962e+01 3.856883000000000000e+06
3.100179999999999936e+01 4.089697000000000000e+06
3.101160000000000139e+01 3.963067000000000000e+06
3.135480000000000089e+01 1.594422000000000000e+06
3.129599999999999937e+01 6.823649000000000000e+06
3.159009999999999962e+01 1.260186100000000000e+07
3.127629999999999910e+01 7.941916000000000000e+06
3.112930000000000064e+01 6.318286000000000000e+06
3.100179999999999936e+01 6.137791000000000000e+06
3.111949999999999861e+01 4.744684000000000000e+06
3.098219999999999885e+01 5.174519000000000000e+06
3.131559999999999988e+01 5.690620000000000000e+06
3.098219999999999885e+01 5.444466000000000000e+06
3.125669999999999860e+01 5.544548000000000000e+06
3.130580000000000140e+01 8.179619000000000000e+06
3.048219999999999885e+01 6.500270000000000000e+06
3.063909999999999911e+01 4.607391000000000000e+06
3.042340000000000089e+01 5.449204000000000000e+06
3.019780000000000086e+01 5.930200000000000000e+06
3.034489999999999910e+01 5.817999000000000000e+06
2.990370000000000061e+01 2.442201000000000000e+06
2.977629999999999910e+01 4.408966000000000000e+06
2.987430000000000163e+01 8.847558000000000000e+06
3.045279999999999987e+01 7.148662000000000000e+06
2.994290000000000163e+01 4.664783000000000000e+06
2.964880000000000138e+01 8.815514000000000000e+06
3.048219999999999885e+01 5.271944000000000000e+06
3.068809999999999860e+01 6.661560000000000000e+06
3.040370000000000061e+01 7.257462000000000000e+06
3.068809999999999860e+01 6.952626000000000000e+06
3.035470000000000113e+01 1.451145400000000000e+07
3.223250000000000171e+01 5.240869000000000000e+06
3.192279999999999873e+01 5.993295000000000000e+06
3.170980000000000132e+01 3.764691000000000000e+06
3.179700000000000060e+01 4.423761000000000000e+06
3.167109999999999914e+01 5.570181000000000000e+06
3.207770000000000010e+01 7.070337000000000000e+06
3.185500000000000043e+01 7.719853000000000000e+06
3.226160000000000139e+01 9.696386000000000000e+06
3.156469999999999843e+01 1.504881800000000000e+07
3.129360000000000142e+01 3.873249700000000000e+07
2.758640000000000114e+01 9.601502000000000000e+06
2.723789999999999978e+01 6.071255000000000000e+06
2.746059999999999945e+01 5.498453000000000000e+06
2.747019999999999840e+01 3.981699000000000000e+06
2.753800000000000026e+01 5.087502000000000000e+06
2.769290000000000163e+01 6.895601000000000000e+06
2.758640000000000114e+01 6.061407000000000000e+06
2.691850000000000165e+01 5.091697000000000000e+06
2.672490000000000165e+01 5.433573000000000000e+06
2.687979999999999947e+01 4.348824000000000000e+06
2.656040000000000134e+01 4.088432000000000000e+06
2.660879999999999868e+01 5.055635000000000000e+06
2.644419999999999860e+01 4.051597000000000000e+06
2.621189999999999998e+01 9.313817000000000000e+06
2.607639999999999958e+01 3.676775000000000000e+06
2.587310000000000088e+01 3.813940000000000000e+06
2.585379999999999967e+01 5.636490000000000000e+06
2.607639999999999958e+01 4.209546000000000000e+06
2.611029999999999873e+01 3.584163000000000000e+06
2.568919999999999959e+01 5.498499000000000000e+06
2.569889999999999830e+01 7.178138000000000000e+06
2.646359999999999957e+01 4.788789000000000000e+06
2.703950000000000031e+01 4.894725000000000000e+06
2.694760000000000133e+01 5.193735000000000000e+06
2.711210000000000164e+01 6.808569000000000000e+06
2.723789999999999978e+01 5.958912000000000000e+06
2.703470000000000084e+01 7.379169000000000000e+06
2.729599999999999937e+01 8.759220000000000000e+06
2.723789999999999978e+01 8.951626000000000000e+06
2.724759999999999849e+01 8.208016000000000000e+06
2.749930000000000163e+01 9.371913000000000000e+06
2.745090000000000074e+01 2.541400600000000000e+07
2.867050000000000054e+01 6.108656000000000000e+06
2.831240000000000023e+01 5.371456000000000000e+06
2.809939999999999927e+01 7.023976000000000000e+06
2.834140000000000015e+01 1.029716000000000000e+07
2.803170000000000073e+01 8.596731000000000000e+06
2.717989999999999995e+01 9.061209000000000000e+06
2.640549999999999997e+01 1.022493200000000000e+07
2.573760000000000048e+01 7.322633000000000000e+06
2.541819999999999879e+01 6.443053000000000000e+06
2.522459999999999880e+01 8.202156000000000000e+06
2.470189999999999841e+01 6.647908000000000000e+06
2.451800000000000068e+01 5.969259000000000000e+06
2.436309999999999931e+01 4.064072000000000000e+06
2.419859999999999900e+01 7.216141000000000000e+06
2.476000000000000156e+01 7.261833000000000000e+06
2.451800000000000068e+01 7.904246000000000000e+06
2.479870000000000019e+01 7.446172000000000000e+06
2.445990000000000109e+01 5.565271000000000000e+06
2.433409999999999940e+01 6.653498000000000000e+06
2.449609999999999843e+01 6.877826000000000000e+06
2.421020000000000039e+01 1.014540200000000000e+07
2.387679999999999936e+01 9.975047000000000000e+06
2.431510000000000105e+01 1.467874700000000000e+07
2.473430000000000106e+01 1.646129500000000000e+07
2.504870000000000019e+01 1.477312600000000000e+07
2.524879999999999924e+01 1.959599500000000000e+07
2.688759999999999906e+01 4.473246100000000000e+07
2.941250000000000142e+01 1.072322300000000000e+07
2.913609999999999900e+01 8.156726000000000000e+06
2.995550000000000068e+01 9.686223000000000000e+06
3.068919999999999959e+01 5.842736000000000000e+06
3.099409999999999954e+01 1.075330300000000000e+07
3.049859999999999971e+01 1.087558800000000000e+07
3.033670000000000044e+01 4.081956000000000000e+06
3.026040000000000063e+01 4.465057000000000000e+06
3.034619999999999962e+01 3.746233000000000000e+06
3.006030000000000157e+01 5.788133000000000000e+06
3.055580000000000140e+01 7.024541000000000000e+06
3.044150000000000134e+01 6.696285000000000000e+06
3.000319999999999965e+01 7.681451000000000000e+06
3.005079999999999885e+01 9.416185000000000000e+06
2.958399999999999963e+01 6.941027000000000000e+06
2.900280000000000058e+01 3.901457000000000000e+06
2.888840000000000074e+01 4.747057000000000000e+06
2.923140000000000072e+01 4.572355000000000000e+06
2.934580000000000055e+01 4.348166000000000000e+06
2.920279999999999987e+01 5.846771000000000000e+06
2.982209999999999894e+01 6.607375000000000000e+06
2.905989999999999895e+01 5.011394000000000000e+06
2.924089999999999989e+01 4.359979000000000000e+06
2.952680000000000149e+01 5.234644000000000000e+06
2.977449999999999974e+01 7.003052000000000000e+06
2.907900000000000063e+01 8.014901000000000000e+06
2.902179999999999893e+01 8.103551000000000000e+06
2.957440000000000069e+01 7.589249000000000000e+06
2.931719999999999970e+01 5.051549000000000000e+06
2.938390000000000057e+01 7.541933000000000000e+06
2.923140000000000072e+01 7.515204000000000000e+06
2.907900000000000063e+01 1.061843500000000000e+07
2.999360000000000070e+01 1.209902700000000000e+07
2.966019999999999968e+01 8.706185000000000000e+06
2.949820000000000064e+01 1.118560600000000000e+07
2.884080000000000155e+01 1.029869300000000000e+07
2.874549999999999983e+01 7.957562000000000000e+06
2.887890000000000157e+01 1.183969900000000000e+07
2.897419999999999973e+01 1.059228300000000000e+07
2.870739999999999981e+01 1.348529600000000000e+07
2.881220000000000070e+01 1.710779800000000000e+07
2.887890000000000157e+01 2.414391800000000000e+07
2.738299999999999912e+01 1.163837800000000000e+07
2.726869999999999905e+01 9.267439000000000000e+06
2.712580000000000169e+01 1.210318100000000000e+07
2.731629999999999825e+01 1.199974200000000000e+07
2.707809999999999917e+01 1.248550000000000000e+07
2.634450000000000003e+01 1.045338600000000000e+07
2.610630000000000095e+01 1.597048600000000000e+07
2.693270000000000053e+01 1.315058300000000000e+07
2.728950000000000031e+01 2.447642800000000000e+07
2.921460000000000079e+01 8.284098000000000000e+06
2.953389999999999915e+01 7.162307000000000000e+06
2.993769999999999953e+01 6.141829000000000000e+06
3.003160000000000096e+01 6.531934000000000000e+06
2.985320000000000107e+01 9.077194000000000000e+06
3.054810000000000159e+01 5.852480000000000000e+06
3.048239999999999839e+01 5.135792000000000000e+06
3.042599999999999838e+01 5.743959000000000000e+06
3.030399999999999849e+01 7.267284000000000000e+06
3.002220000000000155e+01 7.944095000000000000e+06
3.066079999999999828e+01 9.249981000000000000e+06
3.059509999999999863e+01 6.838933000000000000e+06
3.045420000000000016e+01 5.778654000000000000e+06
3.051989999999999981e+01 8.719076000000000000e+06
3.077349999999999852e+01 1.030375500000000000e+07
3.059509999999999863e+01 6.995841000000000000e+06
3.021940000000000026e+01 1.227683900000000000e+07
3.098010000000000019e+01 7.407273000000000000e+06
3.121490000000000009e+01 9.694953000000000000e+06
3.124299999999999855e+01 5.963378000000000000e+06
3.104579999999999984e+01 6.908573000000000000e+06
3.053869999999999862e+01 6.196635000000000000e+06
3.076409999999999911e+01 8.443053000000000000e+06
3.108340000000000103e+01 9.615903000000000000e+06
3.089560000000000173e+01 1.044138300000000000e+07
3.095189999999999841e+01 6.834566000000000000e+06
3.088619999999999877e+01 6.532709000000000000e+06
3.102700000000000102e+01 4.618159000000000000e+06
3.112099999999999866e+01 5.232895000000000000e+06
3.105519999999999925e+01 5.278623000000000000e+06
3.098010000000000019e+01 6.022207000000000000e+06
3.097070000000000078e+01 6.323826000000000000e+06
3.094249999999999901e+01 6.398801000000000000e+06
3.116789999999999949e+01 6.571143000000000000e+06
3.114910000000000068e+01 8.852429000000000000e+06
3.069839999999999947e+01 7.574266000000000000e+06
3.028519999999999968e+01 8.431059000000000000e+06
3.012549999999999883e+01 9.343969000000000000e+06
3.051989999999999981e+01 7.969117000000000000e+06
3.066079999999999828e+01 8.129951000000000000e+06
3.088619999999999877e+01 6.577181000000000000e+06
3.065139999999999887e+01 8.391927000000000000e+06
3.089560000000000173e+01 7.463956000000000000e+06
3.051989999999999981e+01 7.663468000000000000e+06
3.032270000000000110e+01 1.209826500000000000e+07
3.075469999999999970e+01 1.118609600000000000e+07
3.006919999999999860e+01 1.009351000000000000e+07
3.017249999999999943e+01 1.019450800000000000e+07
3.007860000000000156e+01 1.371949400000000000e+07
3.013489999999999824e+01 1.651157800000000000e+07
2.992830000000000013e+01 8.199867000000000000e+06
3.033210000000000051e+01 8.688648000000000000e+06
3.004100000000000037e+01 1.036147700000000000e+07
3.021000000000000085e+01 1.244986900000000000e+07
3.014430000000000121e+01 1.246077400000000000e+07
2.994709999999999894e+01 1.520561500000000000e+07
3.047569999999999979e+01 8.978630000000000000e+06
3.064270000000000138e+01 1.355629900000000000e+07
3.081889999999999930e+01 1.925665400000000000e+07
3.004909999999999926e+01 2.079678200000000000e+07
3.078180000000000049e+01 3.965827500000000000e+07
2.986360000000000170e+01 2.828409900000000000e+07
3.071689999999999898e+01 3.636158800000000000e+07
3.174630000000000152e+01 4.739434100000000000e+07
3.241409999999999769e+01 1.352048210000000000e+08
4.468419999999999703e+01 1.011788600000000000e+07
4.475840000000000174e+01 7.048921000000000000e+06
4.430389999999999873e+01 7.443915000000000000e+06
4.416479999999999961e+01 5.758792000000000000e+06
4.390509999999999735e+01 4.390300000000000000e+06
4.418330000000000268e+01 6.021441000000000000e+06
4.461919999999999931e+01 5.363896000000000000e+06
4.389580000000000126e+01 5.152524000000000000e+06
4.401639999999999731e+01 5.278614000000000000e+06
4.380310000000000059e+01 9.557299000000000000e+06
4.422970000000000113e+01 5.012641000000000000e+06
4.464710000000000178e+01 6.145978000000000000e+06
4.426680000000000348e+01 6.251477000000000000e+06
4.429460000000000264e+01 4.740191000000000000e+06
4.457289999999999708e+01 8.319564000000000000e+06
4.335790000000000077e+01 5.414287000000000000e+06
4.347849999999999682e+01 4.440538000000000000e+06
4.349699999999999989e+01 6.545812000000000000e+06
4.335790000000000077e+01 5.422272000000000000e+06
4.316320000000000334e+01 6.062989000000000000e+06
4.364540000000000219e+01 5.213917000000000000e+06
4.384949999999999903e+01 6.959790000000000000e+06
4.408129999999999882e+01 6.140436000000000000e+06
4.366400000000000148e+01 7.364262000000000000e+06
4.344140000000000157e+01 8.449409000000000000e+06
4.350630000000000308e+01 6.086865000000000000e+06
4.289419999999999789e+01 7.977330000000000000e+06
4.230060000000000286e+01 4.879418000000000000e+06
4.229140000000000299e+01 6.153294000000000000e+06
4.185549999999999926e+01 6.628780000000000000e+06
4.207800000000000296e+01 8.308199000000000000e+06
4.204099999999999682e+01 6.711375000000000000e+06
4.126189999999999714e+01 6.452860000000000000e+06
4.016749999999999687e+01 7.613521000000000000e+06
4.019530000000000314e+01 6.417820000000000000e+06
3.991709999999999781e+01 9.205995000000000000e+06
4.040870000000000317e+01 8.317858000000000000e+06
4.058489999999999753e+01 9.021976000000000000e+06
4.014900000000000091e+01 9.547054000000000000e+06
3.945340000000000202e+01 5.241119000000000000e+06
4.085379999999999967e+01 1.322994700000000000e+07
4.159579999999999700e+01 1.146937000000000000e+07
4.181839999999999691e+01 1.139929100000000000e+07
4.280149999999999721e+01 7.852610000000000000e+06
4.342280000000000229e+01 7.994359000000000000e+06
4.401639999999999731e+01 5.653409000000000000e+06
4.495309999999999917e+01 4.683563000000000000e+06
4.475840000000000174e+01 7.351739000000000000e+06
4.486970000000000169e+01 6.550153000000000000e+06
4.476760000000000161e+01 7.708815000000000000e+06
4.517569999999999908e+01 5.152565000000000000e+06
4.592690000000000339e+01 8.413257000000000000e+06
4.635360000000000014e+01 6.460007000000000000e+06
4.768910000000000338e+01 5.848836000000000000e+06
4.741080000000000183e+01 6.402431000000000000e+06
4.747579999999999956e+01 4.840327000000000000e+06
4.746650000000000347e+01 6.212689000000000000e+06
4.804149999999999920e+01 5.269426000000000000e+06
4.736449999999999960e+01 4.527182000000000000e+06
4.733659999999999712e+01 2.018748000000000000e+06
4.744789999999999708e+01 4.154976000000000000e+06
4.724389999999999645e+01 5.967146000000000000e+06
4.812500000000000000e+01 6.378109000000000000e+06
4.830120000000000147e+01 1.100496300000000000e+07
4.821770000000000067e+01 6.902871000000000000e+06
4.824060000000000059e+01 5.601595000000000000e+06
4.891879999999999740e+01 5.511415000000000000e+06
4.918449999999999989e+01 5.540876000000000000e+06
4.947780000000000200e+01 5.712966000000000000e+06
4.885459999999999781e+01 5.031774000000000000e+06
4.907459999999999667e+01 5.379443000000000000e+06
4.899210000000000065e+01 6.724080000000000000e+06
4.801149999999999807e+01 1.048169000000000000e+07
4.649029999999999774e+01 2.231056600000000000e+07
5.150310000000000343e+01 7.427665000000000000e+06
5.037590000000000146e+01 8.888135000000000000e+06
5.118240000000000123e+01 6.015527000000000000e+06
5.087989999999999924e+01 6.301821000000000000e+06
5.008259999999999934e+01 6.480040000000000000e+06
5.130149999999999721e+01 5.712758000000000000e+06
5.111820000000000164e+01 5.833760000000000000e+06
5.186970000000000169e+01 6.428994000000000000e+06
5.151230000000000331e+01 7.390050000000000000e+06
5.274940000000000140e+01 8.880707000000000000e+06
5.089829999999999899e+01 6.075358000000000000e+06
5.168639999999999901e+01 7.094427000000000000e+06
5.080660000000000309e+01 4.813771000000000000e+06
4.991770000000000351e+01 4.829751000000000000e+06
4.970689999999999742e+01 9.452465000000000000e+06
4.932200000000000273e+01 9.595054000000000000e+06
5.108149999999999835e+01 7.799572000000000000e+06
5.138400000000000034e+01 8.537001000000000000e+06
5.229120000000000346e+01 6.060801000000000000e+06
5.121900000000000119e+01 4.163571000000000000e+06
5.087989999999999924e+01 4.349467000000000000e+06
5.095320000000000249e+01 5.395105000000000000e+06
5.125569999999999737e+01 3.930179000000000000e+06
5.089829999999999899e+01 6.208752000000000000e+06
5.050419999999999732e+01 6.505421000000000000e+06
5.043999999999999773e+01 7.881934000000000000e+06
5.055919999999999703e+01 5.436472000000000000e+06
5.100820000000000221e+01 3.813163000000000000e+06
5.179639999999999844e+01 4.728990000000000000e+06
5.234620000000000317e+01 1.154360800000000000e+07
5.275860000000000127e+01 5.364624000000000000e+06
5.213539999999999708e+01 5.079455000000000000e+06
5.232789999999999964e+01 7.285059000000000000e+06
5.347339999999999804e+01 7.494176000000000000e+06
5.404160000000000252e+01 3.953667000000000000e+06
5.451809999999999690e+01 5.891457000000000000e+06
5.417909999999999826e+01 6.699039000000000000e+06
5.293269999999999698e+01 7.617593000000000000e+06
5.245620000000000260e+01 8.285305000000000000e+06
5.186050000000000182e+01 6.815922000000000000e+06
5.205299999999999727e+01 8.822067000000000000e+06
5.223619999999999663e+01 7.064232000000000000e+06
5.192470000000000141e+01 6.918716000000000000e+06
5.340010000000000190e+01 5.520295000000000000e+06
5.335430000000000206e+01 5.063766000000000000e+06
5.434400000000000119e+01 5.188911000000000000e+06
5.387660000000000338e+01 4.293647000000000000e+06
5.459150000000000347e+01 3.496839000000000000e+06
5.409660000000000224e+01 4.513226000000000000e+06
5.388580000000000325e+01 5.179974000000000000e+06
5.457309999999999661e+01 3.224914000000000000e+06
5.483890000000000242e+01 4.849817000000000000e+06
5.557200000000000273e+01 4.646952000000000000e+06
5.592029999999999745e+01 6.417202000000000000e+06
5.501299999999999812e+01 6.262302000000000000e+06
5.359360000000000213e+01 5.299729000000000000e+06
5.398360000000000269e+01 4.439867000000000000e+06
5.376590000000000202e+01 5.791572000000000000e+06
5.410150000000000148e+01 5.118029000000000000e+06
5.441890000000000072e+01 6.569045000000000000e+06
5.467289999999999850e+01 1.105386100000000000e+07
5.561619999999999919e+01 6.542422000000000000e+06
5.650500000000000256e+01 7.453157000000000000e+06
5.848219999999999885e+01 1.619973600000000000e+07
5.387469999999999715e+01 6.445079000000000000e+06
5.376590000000000202e+01 4.013221000000000000e+06
5.464569999999999794e+01 6.484791000000000000e+06
5.467289999999999850e+01 3.743085000000000000e+06
5.465480000000000160e+01 3.771147000000000000e+06
5.485430000000000206e+01 4.082245000000000000e+06
5.427380000000000138e+01 3.714103000000000000e+06
5.411959999999999837e+01 6.373973000000000000e+06
5.469100000000000250e+01 4.857479000000000000e+06
5.504480000000000217e+01 5.810265000000000000e+06
5.563430000000000319e+01 6.839523000000000000e+06
5.586099999999999710e+01 5.196379000000000000e+06
5.718520000000000181e+01 5.032274000000000000e+06
5.681340000000000146e+01 4.164898000000000000e+06
5.791080000000000183e+01 3.997874000000000000e+06
5.772039999999999793e+01 2.659873000000000000e+06
5.781099999999999994e+01 2.520903000000000000e+06
5.804690000000000083e+01 3.112931000000000000e+06
5.801970000000000027e+01 3.079892000000000000e+06
5.843690000000000140e+01 3.329977000000000000e+06
5.800150000000000006e+01 2.834472000000000000e+06
5.681340000000000146e+01 1.673997000000000000e+06
5.631450000000000244e+01 3.666571000000000000e+06
5.697659999999999769e+01 3.812514000000000000e+06
5.682240000000000180e+01 3.688044000000000000e+06
5.685869999999999891e+01 3.250094000000000000e+06
5.733030000000000115e+01 4.190412000000000000e+06
5.743010000000000304e+01 4.976504000000000000e+06
5.733030000000000115e+01 4.247154000000000000e+06
5.674989999999999668e+01 4.955968000000000000e+06
5.717620000000000147e+01 6.027638000000000000e+06
5.635990000000000322e+01 5.974347000000000000e+06
5.520799999999999841e+01 4.491278000000000000e+06
5.587919999999999732e+01 7.616366000000000000e+06
5.502660000000000196e+01 3.572735000000000000e+06
5.450959999999999894e+01 3.477913000000000000e+06
5.452779999999999916e+01 4.309335000000000000e+06
5.431009999999999849e+01 5.252022000000000000e+06
5.303130000000000166e+01 4.266701000000000000e+06
5.230570000000000164e+01 4.501767000000000000e+06
5.253240000000000265e+01 4.826824000000000000e+06
5.253240000000000265e+01 4.920252000000000000e+06
5.298590000000000089e+01 3.626342000000000000e+06
5.228750000000000142e+01 4.745573000000000000e+06
5.213329999999999842e+01 6.787367000000000000e+06
5.336679999999999779e+01 5.587263000000000000e+06
5.206080000000000041e+01 4.231433000000000000e+06
5.239639999999999986e+01 3.296003000000000000e+06
5.175240000000000151e+01 2.750630000000000000e+06
5.167980000000000018e+01 3.134890000000000000e+06
5.131710000000000349e+01 4.179549000000000000e+06
5.119910000000000139e+01 4.588290000000000000e+06
5.150750000000000028e+01 9.528961000000000000e+06
5.265939999999999799e+01 4.694109000000000000e+06
5.320230000000000103e+01 4.334020000000000000e+06
5.297789999999999822e+01 5.662579000000000000e+06
5.319330000000000069e+01 4.228669000000000000e+06
5.315740000000000265e+01 3.980257000000000000e+06
5.297789999999999822e+01 3.934204000000000000e+06
5.247540000000000049e+01 5.002321000000000000e+06
5.272670000000000101e+01 7.163199000000000000e+06
5.278949999999999676e+01 7.337413000000000000e+06
5.205369999999999919e+01 9.221324000000000000e+06
4.930789999999999651e+01 1.038080100000000000e+07
4.863490000000000180e+01 9.045083000000000000e+06
4.998089999999999833e+01 6.350226000000000000e+06
5.059109999999999729e+01 6.761579000000000000e+06
5.173960000000000292e+01 4.096136000000000000e+06
5.144350000000000023e+01 5.147357000000000000e+06
5.101279999999999859e+01 6.766568000000000000e+06
5.072570000000000334e+01 8.266824000000000000e+06
5.175759999999999650e+01 7.905132000000000000e+06
5.224210000000000065e+01 9.765756000000000000e+06
5.359709999999999752e+01 7.461758000000000000e+06
5.454829999999999757e+01 5.525760000000000000e+06
5.535580000000000211e+01 4.444054000000000000e+06
5.490720000000000312e+01 5.445991000000000000e+06
5.466490000000000293e+01 3.746048000000000000e+06
5.468289999999999651e+01 5.145771000000000000e+06
5.522120000000000317e+01 3.852552000000000000e+06
5.496099999999999852e+01 4.698408000000000000e+06
5.442260000000000275e+01 4.669254000000000000e+06
5.432390000000000185e+01 3.931975000000000000e+06
5.501489999999999725e+01 4.272661000000000000e+06
5.507770000000000010e+01 4.764448000000000000e+06
5.405469999999999686e+01 6.325261000000000000e+06
5.389320000000000022e+01 5.294234000000000000e+06
5.589419999999999789e+01 5.001881000000000000e+06
5.506869999999999976e+01 4.778242000000000000e+06
5.446750000000000114e+01 5.074952000000000000e+06
5.532000000000000028e+01 5.156049000000000000e+06
5.386630000000000251e+01 6.123183000000000000e+06
5.431499999999999773e+01 8.030598000000000000e+06
5.562500000000000000e+01 6.941225000000000000e+06
5.669290000000000163e+01 7.368488000000000000e+06
5.738380000000000081e+01 6.818483000000000000e+06
5.864900000000000091e+01 7.004447000000000000e+06
5.873879999999999768e+01 4.857811000000000000e+06
5.974380000000000024e+01 3.878512000000000000e+06
6.045259999999999678e+01 3.247660000000000000e+06
6.074880000000000280e+01 2.635624000000000000e+06
6.032699999999999818e+01 4.887604000000000000e+06
6.011169999999999902e+01 3.433052000000000000e+06
5.997390000000000043e+01 3.316451000000000000e+06
6.024949999999999761e+01 3.539445000000000000e+06
5.994720000000000226e+01 3.910845000000000000e+06
5.971600000000000108e+01 4.820795000000000000e+06
5.946710000000000207e+01 5.209561000000000000e+06
5.960940000000000083e+01 6.121125000000000000e+06
6.033840000000000003e+01 5.361340000000000000e+06
6.200079999999999814e+01 7.463338000000000000e+06
6.136070000000000135e+01 5.442319000000000000e+06
6.013389999999999702e+01 5.956791000000000000e+06
5.998270000000000124e+01 6.533929000000000000e+06
6.106739999999999924e+01 8.270052000000000000e+06
6.294319999999999737e+01 1.464311500000000000e+07
6.464130000000000109e+01 7.347549000000000000e+06
6.393889999999999674e+01 5.379896000000000000e+06
6.375220000000000198e+01 3.998489000000000000e+06
6.384109999999999729e+01 4.341375000000000000e+06
6.345879999999999654e+01 5.989196000000000000e+06
6.363669999999999760e+01 7.056679000000000000e+06
6.538800000000000523e+01 6.702526000000000000e+06
6.606369999999999720e+01 7.331622000000000000e+06
6.601930000000000121e+01 4.416634000000000000e+06
6.862409999999999854e+01 5.165439000000000000e+06
6.985099999999999909e+01 3.089957000000000000e+06
6.969089999999999918e+01 4.683847000000000000e+06
6.978870000000000573e+01 3.280443000000000000e+06
6.971760000000000446e+01 3.198449000000000000e+06
7.057999999999999829e+01 4.652916000000000000e+06
7.082890000000000441e+01 2.543321000000000000e+06
7.099779999999999802e+01 3.067388000000000000e+06
7.136230000000000473e+01 2.632162000000000000e+06
7.127339999999999520e+01 3.870050000000000000e+06
7.081999999999999318e+01 3.693848000000000000e+06
7.047329999999999472e+01 3.325289000000000000e+06
7.118449999999999989e+01 6.403742000000000000e+06
6.991320000000000334e+01 5.255188000000000000e+06
6.876630000000000109e+01 4.195991000000000000e+06
6.857080000000000553e+01 3.427499000000000000e+06
6.924639999999999418e+01 3.641006000000000000e+06
6.989539999999999509e+01 3.422597000000000000e+06
6.977100000000000080e+01 3.123885000000000000e+06
6.920199999999999818e+01 4.080990000000000000e+06
6.926420000000000243e+01 3.569053000000000000e+06
6.846410000000000196e+01 3.335092000000000000e+06
6.847299999999999898e+01 3.977956000000000000e+06
6.913089999999999691e+01 2.381845000000000000e+06
6.927309999999999945e+01 1.824653000000000000e+06
6.932640000000000668e+01 1.721021000000000000e+06
6.944199999999999307e+01 2.524144000000000000e+06
6.955759999999999366e+01 3.081942000000000000e+06
6.923749999999999716e+01 4.313946000000000000e+06
6.879300000000000637e+01 3.683971000000000000e+06
6.980649999999999977e+01 2.872284000000000000e+06
7.056220000000000425e+01 2.630886000000000000e+06
7.071330000000000382e+01 6.197047000000000000e+06
7.021550000000000580e+01 3.291294000000000000e+06
7.048220000000000596e+01 2.938776000000000000e+06
7.018880000000000052e+01 3.088605000000000000e+06
6.967319999999999425e+01 3.810083000000000000e+06
6.977100000000000080e+01 5.263395000000000000e+06
7.055329999999999302e+01 2.388447000000000000e+06
7.155790000000000362e+01 2.559574000000000000e+06
7.169129999999999825e+01 3.161201000000000000e+06
7.282920000000000016e+01 2.825626000000000000e+06
7.219799999999999329e+01 3.354028000000000000e+06
7.234019999999999584e+01 4.404524000000000000e+06
7.209130000000000393e+01 4.044759000000000000e+06
7.021550000000000580e+01 3.090835000000000000e+06
7.077559999999999718e+01 4.535752000000000000e+06
7.090890000000000271e+01 1.144834000000000000e+06
7.096219999999999573e+01 2.913964000000000000e+06
7.113120000000000687e+01 2.426553000000000000e+06
7.106000000000000227e+01 3.736690000000000000e+06
7.079330000000000211e+01 4.255187000000000000e+06
7.083780000000000143e+01 3.028937000000000000e+06
6.949259999999999593e+01 3.243074000000000000e+06
7.002179999999999893e+01 2.786616000000000000e+06
7.043640000000000612e+01 3.174875000000000000e+06
7.032179999999999609e+01 3.367320000000000000e+06
7.004829999999999757e+01 3.249835000000000000e+06
7.019830000000000325e+01 4.058749000000000000e+06
6.896330000000000382e+01 3.347109000000000000e+06
6.792239999999999611e+01 4.667796000000000000e+06
6.880450000000000443e+01 4.041871000000000000e+06
6.883100000000000307e+01 6.519248000000000000e+06
6.853990000000000293e+01 4.021840000000000000e+06
6.821349999999999625e+01 4.802742000000000000e+06
6.639639999999999986e+01 5.060565000000000000e+06
6.818699999999999761e+01 3.736598000000000000e+06
6.818699999999999761e+01 2.783198000000000000e+06
6.821349999999999625e+01 3.841665000000000000e+06
6.811650000000000205e+01 2.883929000000000000e+06
6.797530000000000427e+01 3.981750000000000000e+06
6.766660000000000252e+01 4.721242000000000000e+06
6.745489999999999498e+01 3.847620000000000000e+06
6.801059999999999661e+01 3.269193000000000000e+06
6.839879999999999427e+01 4.357336000000000000e+06
6.849580000000000268e+01 3.419175000000000000e+06
6.857519999999999527e+01 3.706973000000000000e+06
6.893680000000000518e+01 2.469427000000000000e+06
6.897209999999999752e+01 2.306849000000000000e+06
6.892799999999999727e+01 2.836741000000000000e+06
6.821349999999999625e+01 2.667994000000000000e+06
6.896330000000000382e+01 2.340636000000000000e+06
6.902509999999999479e+01 2.823248000000000000e+06
6.860160000000000480e+01 3.679898000000000000e+06
6.864570000000000505e+01 2.365539000000000000e+06
6.867220000000000368e+01 3.605035000000000000e+06
6.840760000000000218e+01 3.649925000000000000e+06
6.877809999999999491e+01 2.718002000000000000e+06
6.900740000000000407e+01 3.060557000000000000e+06
6.932500000000000284e+01 3.123062000000000000e+06
6.917499999999999716e+01 4.303089000000000000e+06
6.838110000000000355e+01 4.721776000000000000e+06
6.969549999999999557e+01 2.959473000000000000e+06
7.045409999999999684e+01 6.105726000000000000e+06
7.130089999999999861e+01 2.315441000000000000e+06
7.180370000000000630e+01 2.704727000000000000e+06
7.183020000000000493e+01 5.884678000000000000e+06
7.169780000000000086e+01 2.875239000000000000e+06
7.225360000000000582e+01 2.821652000000000000e+06
7.249169999999999447e+01 2.228242000000000000e+06
7.281810000000000116e+01 2.846495000000000000e+06
7.208599999999999852e+01 3.539809000000000000e+06
7.185660000000000025e+01 3.203174000000000000e+06
7.174190000000000111e+01 2.357084000000000000e+06
7.158320000000000505e+01 3.281065000000000000e+06
7.131850000000000023e+01 4.890208000000000000e+06
7.123029999999999973e+01 5.374072000000000000e+06
7.227119999999999322e+01 3.285275000000000000e+06
7.183899999999999864e+01 3.477830000000000000e+06
7.245650000000000546e+01 2.625274000000000000e+06
7.286220000000000141e+01 3.278067000000000000e+06
7.303860000000000241e+01 3.283308000000000000e+06
7.475879999999999370e+01 1.667866000000000000e+06
7.502339999999999520e+01 2.014599000000000000e+06
7.458230000000000359e+01 1.717620000000000000e+06
7.452939999999999543e+01 2.733906000000000000e+06
7.507630000000000337e+01 2.919534000000000000e+06
7.630249999999999488e+01 1.884643000000000000e+06
7.596529999999999916e+01 1.736544000000000000e+06
7.621049999999999613e+01 2.446116000000000000e+06
7.572880000000000678e+01 2.503394000000000000e+06
7.522090000000000032e+01 3.005872000000000000e+06
7.572010000000000218e+01 2.495813000000000000e+06
7.545730000000000359e+01 2.668137000000000000e+06
7.621049999999999613e+01 3.185892000000000000e+06
7.589520000000000266e+01 7.918432000000000000e+06
7.576380000000000337e+01 3.860639000000000000e+06
7.607909999999999684e+01 3.728626000000000000e+06
7.590399999999999636e+01 3.234283000000000000e+06
7.659579999999999700e+01 2.386301000000000000e+06
7.675350000000000250e+01 1.883804000000000000e+06
7.723520000000000607e+01 3.003940000000000000e+06
7.677100000000000080e+01 2.901050000000000000e+06
7.656080000000000041e+01 2.739808000000000000e+06
7.550990000000000180e+01 1.695767000000000000e+06
7.545730000000000359e+01 2.693952000000000000e+06
7.522960000000000491e+01 2.760517000000000000e+06
7.504569999999999652e+01 2.159064000000000000e+06
7.496689999999999543e+01 1.558256000000000000e+06
7.496689999999999543e+01 1.821875000000000000e+06
7.501069999999999993e+01 2.427648000000000000e+06
7.431000000000000227e+01 2.595407000000000000e+06
7.417870000000000630e+01 3.996093000000000000e+06
7.334669999999999845e+01 4.926462000000000000e+06
7.248839999999999861e+01 2.954775000000000000e+06
7.272490000000000521e+01 3.367780000000000000e+06
7.253220000000000312e+01 3.334196000000000000e+06
7.338169999999999504e+01 4.351017000000000000e+06
7.397729999999999961e+01 2.905466000000000000e+06
7.500190000000000623e+01 3.072485000000000000e+06
7.510699999999999932e+01 5.012442000000000000e+06
7.691110000000000468e+01 2.929936000000000000e+06
7.663960000000000150e+01 2.923059000000000000e+06
7.789199999999999591e+01 1.694776000000000000e+06
7.781319999999999482e+01 3.093654000000000000e+06
7.803209999999999980e+01 2.600585000000000000e+06
7.829489999999999839e+01 2.176485000000000000e+06
7.818980000000000530e+01 2.618085000000000000e+06
7.868899999999999295e+01 3.288327000000000000e+06
7.830360000000000298e+01 7.186250000000000000e+06
8.026539999999999964e+01 2.300694000000000000e+06
8.009900000000000375e+01 1.689511000000000000e+06
8.021280000000000143e+01 1.881928000000000000e+06
7.991500000000000625e+01 2.697612000000000000e+06
7.954720000000000368e+01 2.782351000000000000e+06
8.107110000000000127e+01 2.397003000000000000e+06
8.212199999999999989e+01 1.955191000000000000e+06
8.163160000000000593e+01 1.745256000000000000e+06
8.183299999999999841e+01 1.662394000000000000e+06
8.192059999999999320e+01 2.499687000000000000e+06
8.121120000000000516e+01 2.444573000000000000e+06
8.074699999999999989e+01 2.147595000000000000e+06
8.097469999999999857e+01 1.932823000000000000e+06
8.143890000000000384e+01 1.290092000000000000e+06
8.128130000000000166e+01 1.654448000000000000e+06
8.108859999999999957e+01 1.794603000000000000e+06
8.045799999999999841e+01 1.788675000000000000e+06
7.985370000000000346e+01 1.812832000000000000e+06
7.906550000000000011e+01 2.686466000000000000e+06
7.896040000000000703e+01 2.783533000000000000e+06
7.839119999999999777e+01 3.703678000000000000e+06
7.752119999999999322e+01 1.698141000000000000e+06
7.781699999999999307e+01 1.994069000000000000e+06
7.738200000000000500e+01 1.806474000000000000e+06
7.766910000000000025e+01 1.380383000000000000e+06
7.771259999999999479e+01 1.641677000000000000e+06
7.759950000000000614e+01 2.043658000000000000e+06
7.784310000000000684e+01 2.304920000000000000e+06
7.797360000000000468e+01 2.258953000000000000e+06
7.803449999999999420e+01 6.379778000000000000e+06
7.754730000000000700e+01 2.641075000000000000e+06
7.742549999999999955e+01 3.047292000000000000e+06
7.783440000000000225e+01 3.352488000000000000e+06
7.863479999999999848e+01 2.882787000000000000e+06
7.901760000000000161e+01 2.198139000000000000e+06
7.909579999999999700e+01 2.700965000000000000e+06
8.028770000000000095e+01 1.799962000000000000e+06
8.052259999999999707e+01 2.154155000000000000e+06
7.968739999999999668e+01 1.969817000000000000e+06
8.007019999999999982e+01 1.787936000000000000e+06
7.990489999999999782e+01 1.978523000000000000e+06
8.047039999999999793e+01 2.135091000000000000e+06
7.967000000000000171e+01 1.803779000000000000e+06
7.960039999999999338e+01 1.816348000000000000e+06
7.997450000000000614e+01 2.007448000000000000e+06
7.901760000000000161e+01 1.396543000000000000e+06
7.906980000000000075e+01 3.496948000000000000e+06
7.890449999999999875e+01 2.000272000000000000e+06
7.912189999999999657e+01 2.096946000000000000e+06
7.953079999999999927e+01 2.694733000000000000e+06
7.935680000000000689e+01 2.193999000000000000e+06
7.921760000000000446e+01 3.414988000000000000e+06
7.900020000000000664e+01 2.205051000000000000e+06
7.925239999999999441e+01 1.143400000000000000e+06
7.959170000000000300e+01 1.462578000000000000e+06
7.952209999999999468e+01 2.223337000000000000e+06
7.938290000000000646e+01 1.699017000000000000e+06
7.975700000000000500e+01 1.703782000000000000e+06
8.004410000000000025e+01 1.833318000000000000e+06
8.028770000000000095e+01 1.540330000000000000e+06
7.994840000000000657e+01 2.373303000000000000e+06
8.034860000000000468e+01 2.062998000000000000e+06
8.001800000000000068e+01 5.655915000000000000e+06
8.070529999999999404e+01 4.139046000000000000e+06
7.989619999999999322e+01 2.076292000000000000e+06
7.921760000000000446e+01 2.097343000000000000e+06
7.932200000000000273e+01 2.182943000000000000e+06
7.960909999999999798e+01 2.277111000000000000e+06
7.962649999999999295e+01 2.108524000000000000e+06
7.907850000000000534e+01 2.034763000000000000e+06
7.899150000000000205e+01 1.490968000000000000e+06
7.930459999999999354e+01 2.044942000000000000e+06
7.960039999999999338e+01 1.653039000000000000e+06
7.940900000000000603e+01 2.552714000000000000e+06
7.953950000000000387e+01 2.858644000000000000e+06
7.909010000000000673e+01 4.267732000000000000e+06
7.831220000000000425e+01 6.085677000000000000e+06
8.044700000000000273e+01 2.670483000000000000e+06
8.032599999999999341e+01 2.901140000000000000e+06
8.068899999999999295e+01 5.000119000000000000e+06
8.199410000000000309e+01 1.442322400000000000e+07
8.353249999999999886e+01 3.000766000000000000e+07
7.543420000000000414e+01 1.058474700000000000e+07
7.873139999999999361e+01 3.083858000000000000e+06
7.848510000000000275e+01 2.323242000000000000e+06
7.828629999999999711e+01 1.812547000000000000e+06
7.795789999999999509e+01 1.882092000000000000e+06
7.759489999999999554e+01 2.708309000000000000e+06
7.708499999999999375e+01 3.300398000000000000e+06
7.675650000000000261e+01 2.599297000000000000e+06
7.666150000000000375e+01 1.359780000000000000e+06
7.715409999999999968e+01 2.205056000000000000e+06
7.658369999999999322e+01 1.826675000000000000e+06
7.641079999999999472e+01 1.816784000000000000e+06
7.717140000000000555e+01 2.650528000000000000e+06
7.698990000000000578e+01 2.233590000000000000e+06
7.729240000000000066e+01 1.842940000000000000e+06
7.727509999999999479e+01 3.092073000000000000e+06
7.678249999999999886e+01 2.267495000000000000e+06
7.665279999999999916e+01 2.171124000000000000e+06
7.674790000000000134e+01 2.654131000000000000e+06
7.687749999999999773e+01 2.795514000000000000e+06
7.592680000000000007e+01 1.690802000000000000e+06
7.635899999999999466e+01 2.881765000000000000e+06
7.598730000000000473e+01 2.304841000000000000e+06
7.521810000000000684e+01 1.799100000000000000e+06
7.555519999999999925e+01 2.484719000000000000e+06
7.498480000000000700e+01 2.754510000000000000e+06
7.425010000000000332e+01 2.539939000000000000e+06
7.438840000000000430e+01 2.482512000000000000e+06
7.459590000000000032e+01 2.450244000000000000e+06
7.478600000000000136e+01 3.037390000000000000e+06
7.521810000000000684e+01 2.274880000000000000e+06
7.565030000000000143e+01 3.104614000000000000e+06
7.546880000000000166e+01 2.051740000000000000e+06
7.599599999999999511e+01 1.837797000000000000e+06
7.546009999999999707e+01 1.384774000000000000e+06
7.569350000000000023e+01 1.993198000000000000e+06
7.568479999999999563e+01 2.488277000000000000e+06
7.543420000000000414e+01 1.966288000000000000e+06
7.485509999999999309e+01 2.202026000000000000e+06
7.431059999999999377e+01 2.665452000000000000e+06
7.484650000000000603e+01 3.365385000000000000e+06
7.472549999999999670e+01 6.037676000000000000e+06
7.378340000000000032e+01 4.410125000000000000e+06
7.291049999999999898e+01 3.348594000000000000e+06
7.341179999999999950e+01 3.644132000000000000e+06
7.277219999999999800e+01 2.536296000000000000e+06
7.240919999999999845e+01 2.381487000000000000e+06
7.113870000000000005e+01 2.497664000000000000e+06
7.169190000000000396e+01 4.870172000000000000e+06
6.910769999999999413e+01 3.566761000000000000e+06
6.938429999999999609e+01 4.415506000000000000e+06
6.992879999999999541e+01 2.779307000000000000e+06
6.956579999999999586e+01 4.044063000000000000e+06
7.056829999999999359e+01 3.309895000000000000e+06
7.206980000000000075e+01 3.744596000000000000e+06
7.140059999999999718e+01 2.642268000000000000e+06
7.116889999999999361e+01 1.230342000000000000e+06
7.073130000000000450e+01 3.459998000000000000e+06
7.214700000000000557e+01 2.647972000000000000e+06
7.176090000000000657e+01 2.508635000000000000e+06
7.080849999999999511e+01 2.715717000000000000e+06
7.107450000000000045e+01 3.161607000000000000e+06
7.069700000000000273e+01 3.327175000000000000e+06
6.961599999999999966e+01 5.723931000000000000e+06
6.870650000000000546e+01 4.463441000000000000e+06
6.967600000000000193e+01 4.151058000000000000e+06
6.985620000000000118e+01 7.643625000000000000e+06
7.287630000000000052e+01 5.097213000000000000e+06
7.579340000000000543e+01 2.791206000000000000e+06
7.381149999999999523e+01 4.101146000000000000e+06
7.211270000000000380e+01 7.825153000000000000e+06
7.400020000000000664e+01 5.041946000000000000e+06
7.563039999999999452e+01 1.917836000000000000e+06
7.581910000000000593e+01 2.542688000000000000e+06
7.631669999999999732e+01 3.578117000000000000e+06
7.557030000000000314e+01 1.771052000000000000e+06
7.523569999999999425e+01 2.127848000000000000e+06
7.557030000000000314e+01 1.513368000000000000e+06
7.581050000000000466e+01 3.220140000000000000e+06
7.628239999999999554e+01 1.744473000000000000e+06
7.543300000000000693e+01 2.086578000000000000e+06
7.546729999999999450e+01 2.662129000000000000e+06
7.557030000000000314e+01 2.720953000000000000e+06
7.629959999999999809e+01 2.739950000000000000e+06
7.621380000000000621e+01 2.208358000000000000e+06
7.595640000000000214e+01 2.388906000000000000e+06
7.468659999999999854e+01 2.861894000000000000e+06
7.476380000000000337e+01 3.072897000000000000e+06
7.484959999999999525e+01 2.508653000000000000e+06
7.593070000000000164e+01 2.012548000000000000e+06
7.498690000000000566e+01 1.723648000000000000e+06
7.506409999999999627e+01 1.172102000000000000e+06
7.496970000000000312e+01 1.910963000000000000e+06
7.551879999999999882e+01 1.940530000000000000e+06
7.642829999999999302e+01 1.857873000000000000e+06
7.679720000000000368e+01 2.499174000000000000e+06
7.599070000000000391e+01 1.411764000000000000e+06
7.683150000000000546e+01 1.628667000000000000e+06
7.655700000000000216e+01 1.530325000000000000e+06
7.595640000000000214e+01 1.487435000000000000e+06
7.621380000000000621e+01 1.466988000000000000e+06
7.640250000000000341e+01 1.516795000000000000e+06
7.542440000000000566e+01 2.592413000000000000e+06
7.474660000000000082e+01 3.018384000000000000e+06
7.461799999999999500e+01 4.032444000000000000e+06
7.630819999999999936e+01 4.476758000000000000e+06
7.650549999999999784e+01 1.967612000000000000e+06
7.522709999999999297e+01 1.910701000000000000e+06
7.573329999999999984e+01 2.579768000000000000e+06
7.598210000000000264e+01 3.014953000000000000e+06
7.376000000000000512e+01 3.837863000000000000e+06
7.652270000000000039e+01 2.191620000000000000e+06
7.703740000000000521e+01 3.344795000000000000e+06
7.699450000000000216e+01 1.786384000000000000e+06
7.688299999999999557e+01 2.062089000000000000e+06
7.677150000000000318e+01 2.215474000000000000e+06
7.678000000000000114e+01 2.696431000000000000e+06
7.547589999999999577e+01 1.841543000000000000e+06
7.599070000000000391e+01 1.685105000000000000e+06
7.564749999999999375e+01 1.863591000000000000e+06
7.627379999999999427e+01 1.825891000000000000e+06
7.631669999999999732e+01 2.581185000000000000e+06
7.624859999999999616e+01 2.020041000000000000e+06
7.667470000000000141e+01 2.092812000000000000e+06
7.663209999999999411e+01 1.694926000000000000e+06
7.649569999999999936e+01 1.823007000000000000e+06
7.619740000000000180e+01 1.832898000000000000e+06
7.581390000000000384e+01 2.259601000000000000e+06
7.591620000000000346e+01 1.661022000000000000e+06
7.632529999999999859e+01 1.539255000000000000e+06
7.622299999999999898e+01 2.588811000000000000e+06
7.614629999999999654e+01 1.423146000000000000e+06
7.651279999999999859e+01 2.275827000000000000e+06
7.563500000000000512e+01 2.427983000000000000e+06
7.566899999999999693e+01 5.106387000000000000e+06
7.289929999999999666e+01 3.221770000000000000e+06
7.235389999999999588e+01 2.491478000000000000e+06
7.256690000000000396e+01 2.832285000000000000e+06
7.326579999999999870e+01 2.778456000000000000e+06
7.362369999999999948e+01 1.778876000000000000e+06
7.325730000000000075e+01 2.190301000000000000e+06
7.297599999999999909e+01 3.931690000000000000e+06
7.419469999999999743e+01 1.553078000000000000e+06
7.534520000000000550e+01 1.447370000000000000e+06
7.513209999999999411e+01 2.022941000000000000e+06
7.468899999999999295e+01 2.081113000000000000e+06
7.514069999999999538e+01 2.229505000000000000e+06
7.582240000000000180e+01 1.751675000000000000e+06
7.593319999999999936e+01 1.769351000000000000e+06
7.572870000000000346e+01 2.311908000000000000e+06
7.528549999999999898e+01 3.457827000000000000e+06
7.586509999999999820e+01 2.702395000000000000e+06
7.482529999999999859e+01 4.362929000000000000e+06
7.656390000000000384e+01 2.860458000000000000e+06
7.657240000000000180e+01 3.703552000000000000e+06
7.611220000000000141e+01 2.525580000000000000e+06
7.647870000000000346e+01 3.331672000000000000e+06
7.562640000000000384e+01 3.320380000000000000e+06
7.520029999999999859e+01 2.551756000000000000e+06
7.540489999999999782e+01 5.571245000000000000e+06
7.337659999999999627e+01 3.348489000000000000e+06
7.224309999999999832e+01 3.569449000000000000e+06
7.127160000000000650e+01 3.583834000000000000e+06
7.135680000000000689e+01 1.194208100000000000e+07
7.360670000000000357e+01 2.452214000000000000e+06
7.261809999999999832e+01 1.961395000000000000e+06
7.302719999999999345e+01 1.953719000000000000e+06
7.286520000000000152e+01 2.854143000000000000e+06
7.228570000000000562e+01 5.526748000000000000e+06
7.267770000000000152e+01 2.333360000000000000e+06
7.230280000000000484e+01 2.967405000000000000e+06
7.233679999999999666e+01 2.637713000000000000e+06
7.239650000000000318e+01 2.790387000000000000e+06
7.272889999999999588e+01 2.117958000000000000e+06
7.296750000000000114e+01 2.098598000000000000e+06
7.259250000000000114e+01 1.757256000000000000e+06
7.222610000000000241e+01 2.454660000000000000e+06
7.243059999999999832e+01 2.552651000000000000e+06
7.269480000000000075e+01 3.031379000000000000e+06
7.225159999999999627e+01 2.207230000000000000e+06
7.154430000000000689e+01 1.955414000000000000e+06
7.089660000000000650e+01 3.943680000000000000e+06
7.167210000000000036e+01 1.272865000000000000e+06
7.142499999999999716e+01 2.424016000000000000e+06
7.181699999999999307e+01 2.701475000000000000e+06
7.128799999999999670e+01 2.385573000000000000e+06
7.009449999999999648e+01 1.996906000000000000e+06
6.976439999999999486e+01 2.720117000000000000e+06
7.025530000000000541e+01 3.932845000000000000e+06
6.871479999999999677e+01 8.695601000000000000e+06
6.954430000000000689e+01 7.395062000000000000e+06
7.268460000000000321e+01 2.061887000000000000e+06
7.205819999999999936e+01 2.857256000000000000e+06
7.308240000000000691e+01 2.427536000000000000e+06
7.211750000000000682e+01 2.824540000000000000e+06
7.291310000000000002e+01 3.593730000000000000e+06
7.132179999999999609e+01 3.272295000000000000e+06
7.110169999999999391e+01 3.993622000000000000e+06
7.022990000000000066e+01 8.629304000000000000e+06
6.769899999999999807e+01 4.686999000000000000e+06
6.659860000000000468e+01 2.508165000000000000e+06
6.730960000000000321e+01 3.700714000000000000e+06
6.608230000000000359e+01 3.208743000000000000e+06
6.632779999999999632e+01 1.962623000000000000e+06
6.695409999999999684e+01 2.249598000000000000e+06
6.661560000000000059e+01 2.315687000000000000e+06
6.664100000000000534e+01 2.323826000000000000e+06
6.610769999999999413e+01 2.409831000000000000e+06
6.495650000000000546e+01 2.110736000000000000e+06
6.595529999999999404e+01 1.867393000000000000e+06
6.627700000000000102e+01 2.591180000000000000e+06
6.631080000000000041e+01 2.207308000000000000e+06
6.606539999999999679e+01 3.042235000000000000e+06
6.532049999999999557e+01 3.150477000000000000e+06
6.551519999999999300e+01 3.246351000000000000e+06
6.630240000000000578e+01 2.348275000000000000e+06
6.594689999999999941e+01 2.894766000000000000e+06
6.642090000000000316e+01 2.138989000000000000e+06
6.559980000000000189e+01 3.216442000000000000e+06
6.632779999999999632e+01 2.421860000000000000e+06
6.603149999999999409e+01 2.679566000000000000e+06
6.674250000000000682e+01 3.495210000000000000e+06
6.693720000000000425e+01 3.418193000000000000e+06
6.649710000000000321e+01 3.400306000000000000e+06
6.678480000000000416e+01 3.340584000000000000e+06
6.670019999999999527e+01 3.907409000000000000e+06
6.581990000000000407e+01 3.581804000000000000e+06
6.471949999999999648e+01 3.356722000000000000e+06
6.501579999999999870e+01 2.295790000000000000e+06
6.470260000000000389e+01 2.615585000000000000e+06
6.482959999999999923e+01 3.203356000000000000e+06
6.543899999999999295e+01 9.081037000000000000e+06
6.603149999999999409e+01 4.506370000000000000e+06
6.604840000000000089e+01 3.400043000000000000e+06
6.535519999999999641e+01 2.924740000000000000e+06
6.517879999999999541e+01 2.278270000000000000e+06
6.465779999999999461e+01 2.342927000000000000e+06
6.404439999999999600e+01 2.107224000000000000e+06
6.438890000000000668e+01 2.631348000000000000e+06
6.410320000000000107e+01 2.744743000000000000e+06
6.427970000000000539e+01 2.581169000000000000e+06
6.486790000000000589e+01 3.677820000000000000e+06
6.501069999999999993e+01 3.240154000000000000e+06
6.511159999999999570e+01 5.075812000000000000e+06
6.525440000000000396e+01 5.445500000000000000e+06
6.471659999999999968e+01 4.885535000000000000e+06
6.540560000000000684e+01 1.031974200000000000e+07
6.298570000000000135e+01 4.962306000000000000e+06
6.133039999999999736e+01 3.526901000000000000e+06
6.118750000000000000e+01 2.805581000000000000e+06
6.161610000000000298e+01 2.916664000000000000e+06
6.177570000000000050e+01 4.333490000000000000e+06
6.171690000000000254e+01 2.755154000000000000e+06
6.238069999999999737e+01 3.628134000000000000e+06
6.075900000000000034e+01 3.852061000000000000e+06
6.043130000000000024e+01 2.985772000000000000e+06
6.002799999999999869e+01 3.041545000000000000e+06
6.059100000000000108e+01 2.520133000000000000e+06
6.008679999999999666e+01 4.616880000000000000e+06
5.984309999999999974e+01 4.704643000000000000e+06
6.115390000000000015e+01 9.351550000000000000e+06
6.230510000000000304e+01 7.077139000000000000e+06
6.292690000000000339e+01 6.239683000000000000e+06
6.383440000000000225e+01 5.631636000000000000e+06
6.470820000000000505e+01 3.564201000000000000e+06
6.559050000000000580e+01 4.508248000000000000e+06
6.399399999999999977e+01 3.542405000000000000e+06
6.383440000000000225e+01 5.348171000000000000e+06
6.384279999999999688e+01 3.851276000000000000e+06
6.220430000000000348e+01 4.123073000000000000e+06
6.250679999999999836e+01 3.111765000000000000e+06
6.138080000000000069e+01 6.208213000000000000e+06
5.980109999999999815e+01 4.606976000000000000e+06
5.896090000000000231e+01 5.107078000000000000e+06
5.814580000000000126e+01 6.551215000000000000e+06
5.943979999999999819e+01 4.610603000000000000e+06
5.949860000000000326e+01 3.448459000000000000e+06
6.153209999999999980e+01 2.924618000000000000e+06
6.072540000000000049e+01 3.329473000000000000e+06
5.980949999999999989e+01 3.092105000000000000e+06
6.041449999999999676e+01 4.050321000000000000e+06
6.178410000000000224e+01 3.294730000000000000e+06
6.166649999999999920e+01 3.858575000000000000e+06
6.108670000000000044e+01 5.209447000000000000e+06
6.113709999999999667e+01 1.857050000000000000e+06
6.196900000000000119e+01 1.779981000000000000e+06
6.275880000000000081e+01 4.351737000000000000e+06
6.169169999999999732e+01 5.421794000000000000e+06
6.214540000000000219e+01 1.962511000000000000e+06
6.260759999999999792e+01 4.193443000000000000e+06
6.128000000000000114e+01 5.053274000000000000e+06
5.997760000000000247e+01 5.466879000000000000e+06
5.890650000000000119e+01 6.568343000000000000e+06
5.994839999999999947e+01 2.402721000000000000e+06
6.085699999999999932e+01 2.176876000000000000e+06
6.002340000000000231e+01 4.168696000000000000e+06
5.916069999999999851e+01 3.895009000000000000e+06
5.808959999999999724e+01 3.755995000000000000e+06
5.904820000000000135e+01 2.733737000000000000e+06
5.909819999999999851e+01 3.940794000000000000e+06
5.962330000000000041e+01 4.520579000000000000e+06
5.953999999999999915e+01 3.323628000000000000e+06
6.019850000000000279e+01 4.495856000000000000e+06
5.956499999999999773e+01 3.019136000000000000e+06
6.088199999999999790e+01 2.568705000000000000e+06
6.207390000000000185e+01 3.749325000000000000e+06
6.142379999999999995e+01 4.200074000000000000e+06
6.219060000000000343e+01 7.773210000000000000e+05
6.221560000000000201e+01 2.384073000000000000e+06
6.207390000000000185e+01 2.863937000000000000e+06
6.174049999999999727e+01 2.706173000000000000e+06
6.139039999999999964e+01 4.003244000000000000e+06
6.113199999999999790e+01 2.828653000000000000e+06
6.050269999999999726e+01 3.780235000000000000e+06
5.955660000000000309e+01 4.247437000000000000e+06
5.972749999999999915e+01 2.398441000000000000e+06
5.898980000000000246e+01 3.008004000000000000e+06
5.909819999999999851e+01 3.931505000000000000e+06
5.962319999999999709e+01 3.537798000000000000e+06
5.959839999999999804e+01 3.470418000000000000e+06
5.890390000000000015e+01 4.231011000000000000e+06
5.954050000000000153e+01 8.819867000000000000e+06
6.236010000000000275e+01 3.347202000000000000e+06
6.269080000000000297e+01 2.631285000000000000e+06
6.319519999999999982e+01 4.489805000000000000e+06
6.471649999999999636e+01 1.536530000000000000e+06
6.446850000000000591e+01 2.053021000000000000e+06
6.503069999999999595e+01 1.788502000000000000e+06
6.546899999999999409e+01 2.382026000000000000e+06
6.380700000000000216e+01 2.435227000000000000e+06
6.350939999999999941e+01 2.563812000000000000e+06
6.447679999999999723e+01 3.179036000000000000e+06
6.609739999999999327e+01 3.951738000000000000e+06
6.370779999999999887e+01 2.371767000000000000e+06
6.355899999999999750e+01 1.922053000000000000e+06
6.350110000000000099e+01 1.951906000000000000e+06
6.398890000000000100e+01 3.435205000000000000e+06
6.219469999999999743e+01 2.135670000000000000e+06
6.099580000000000268e+01 1.956846000000000000e+06
6.067329999999999757e+01 2.147545000000000000e+06
6.095439999999999969e+01 2.081888000000000000e+06
6.150840000000000174e+01 2.938086000000000000e+06
6.154149999999999920e+01 2.239703000000000000e+06
6.048310000000000031e+01 2.325233000000000000e+06
5.992090000000000316e+01 2.819787000000000000e+06
5.973069999999999879e+01 6.323458000000000000e+06
5.904440000000000310e+01 2.593109000000000000e+06
5.856490000000000151e+01 2.519675000000000000e+06
5.835819999999999652e+01 3.052710000000000000e+06
5.721710000000000207e+01 3.870926000000000000e+06
5.787030000000000030e+01 4.974381000000000000e+06
6.064849999999999852e+01 3.517027000000000000e+06
6.029299999999999926e+01 4.416111000000000000e+06
6.061540000000000106e+01 3.713174000000000000e+06
6.144230000000000302e+01 2.628741000000000000e+06
6.217819999999999681e+01 3.256338000000000000e+06
6.237660000000000338e+01 7.231726000000000000e+06
6.319519999999999982e+01 3.142630000000000000e+06
6.314560000000000173e+01 2.302883000000000000e+06
6.233529999999999660e+01 3.393323000000000000e+06
6.164070000000000249e+01 2.927415000000000000e+06
6.098749999999999716e+01 2.146733000000000000e+06
5.966460000000000008e+01 3.619666000000000000e+06
5.967280000000000229e+01 2.936421000000000000e+06
6.124380000000000024e+01 4.450669000000000000e+06
5.834989999999999810e+01 2.997042000000000000e+06
5.966460000000000008e+01 2.595274000000000000e+06
5.959020000000000294e+01 2.986466000000000000e+06
5.797780000000000200e+01 4.671422000000000000e+06
6.007800000000000296e+01 2.688401000000000000e+06
6.175650000000000261e+01 2.150122000000000000e+06
6.216159999999999997e+01 5.937763000000000000e+06
6.111149999999999949e+01 5.356315000000000000e+06
5.805219999999999914e+01 4.423354000000000000e+06
5.859799999999999898e+01 9.844588000000000000e+06
5.975549999999999784e+01 5.564549000000000000e+06
6.139269999999999783e+01 2.206972000000000000e+06
6.183089999999999975e+01 3.026467000000000000e+06
6.216989999999999839e+01 2.009695000000000000e+06
6.267430000000000234e+01 2.260346000000000000e+06
6.318690000000000140e+01 2.573375000000000000e+06
6.283140000000000214e+01 2.917485000000000000e+06
6.341009999999999991e+01 3.688888000000000000e+06
6.446850000000000591e+01 3.889072000000000000e+06
6.516299999999999670e+01 3.252284000000000000e+06
6.487359999999999616e+01 3.274134000000000000e+06
6.594849999999999568e+01 3.708640000000000000e+06
6.654389999999999361e+01 2.684886000000000000e+06
6.598990000000000578e+01 2.429632000000000000e+06
6.645289999999999964e+01 2.681801000000000000e+06
6.570879999999999654e+01 2.685520000000000000e+06
6.549379999999999313e+01 3.246987000000000000e+06
6.441889999999999361e+01 2.278559000000000000e+06
6.475790000000000646e+01 1.895916000000000000e+06
6.398069999999999879e+01 5.774342000000000000e+06
6.317860000000000298e+01 3.116008000000000000e+06
6.345150000000000290e+01 2.975649000000000000e+06
6.455979999999999563e+01 5.201248000000000000e+06
6.585689999999999600e+01 6.123210000000000000e+06
6.576659999999999684e+01 1.028454500000000000e+07
6.537250000000000227e+01 6.100876000000000000e+06
6.465009999999999479e+01 5.634050000000000000e+06
6.297529999999999717e+01 6.330496000000000000e+06
6.403440000000000509e+01 1.874611900000000000e+07
6.471580000000000155e+01 9.078901000000000000e+06
6.346790000000000020e+01 4.982979000000000000e+06
6.140729999999999933e+01 4.267057000000000000e+06
6.189990000000000236e+01 4.277461000000000000e+06
6.126780000000000115e+01 5.794811000000000000e+06
5.989679999999999893e+01 3.809713000000000000e+06
