6.349999999999999645e+00 4.162135000000000000e+06
7.009999999999999787e+00 2.522748000000000000e+06
7.580000000000000071e+00 3.206926000000000000e+06
8.150000000000000355e+00 3.021491000000000000e+06
8.029999999999999361e+00 2.386751000000000000e+06
8.070000000000000284e+00 3.097552000000000000e+06
7.990000000000000213e+00 5.206690000000000000e+06
7.080000000000000071e+00 3.787515000000000000e+06
6.059999999999999609e+00 3.237419000000000000e+06
6.000000000000000000e+00 7.680403000000000000e+06
6.280000000000000249e+00 4.465267000000000000e+06
5.000000000000000000e+00 5.657719000000000000e+06
5.950000000000000178e+00 4.825134000000000000e+06
7.290000000000000036e+00 2.590202000000000000e+06
8.669999999999999929e+00 4.210331000000000000e+06
8.080000000000000071e+00 3.328320000000000000e+06
9.490000000000000213e+00 4.506702000000000000e+06
9.990000000000000213e+00 2.786560000000000000e+06
9.070000000000000284e+00 3.182765000000000000e+06
1.049000000000000021e+01 7.751116000000000000e+06
1.043999999999999950e+01 4.097906000000000000e+06
1.094229999999999947e+01 3.657688000000000000e+06
1.043999999999999950e+01 4.802723000000000000e+06
1.140520000000000067e+01 3.995507000000000000e+06
1.106049999999999933e+01 6.210662000000000000e+06
1.111469999999999914e+01 2.843090000000000000e+06
1.184350000000000058e+01 1.883156000000000000e+06
1.225220000000000020e+01 2.228386000000000000e+06
1.304020000000000046e+01 1.903739000000000000e+06
1.395609999999999928e+01 1.292870000000000000e+06
1.423189999999999955e+01 1.280450000000000000e+06
1.411860000000000070e+01 2.379977000000000000e+06
1.408419999999999916e+01 8.242030000000000000e+05
1.435009999999999941e+01 1.428256000000000000e+06
1.451750000000000007e+01 1.238853000000000000e+06
1.453720000000000034e+01 1.438052000000000000e+06
1.428110000000000035e+01 1.241489000000000000e+06
1.386749999999999972e+01 9.141030000000000000e+05
1.379850000000000065e+01 1.204344000000000000e+06
1.388719999999999999e+01 1.279579000000000000e+06
1.385759999999999970e+01 1.246349000000000000e+06
1.361139999999999972e+01 3.126461000000000000e+06
1.379850000000000065e+01 2.328430000000000000e+06
1.416290000000000049e+01 1.968238000000000000e+06
1.467510000000000048e+01 2.449809000000000000e+06
1.477360000000000007e+01 1.237093000000000000e+06
1.479330000000000034e+01 2.608222000000000000e+06
1.454710000000000036e+01 3.458565000000000000e+06
1.487700000000000067e+01 1.674468000000000000e+06
1.521679999999999922e+01 2.985396000000000000e+06
1.495090000000000074e+01 4.830196000000000000e+06
1.365080000000000027e+01 2.281634000000000000e+06
1.365080000000000027e+01 1.703413000000000000e+06
1.341440000000000055e+01 2.006135000000000000e+06
1.329620000000000068e+01 1.331015000000000000e+06
1.335529999999999973e+01 1.481905000000000000e+06
1.330610000000000070e+01 1.624328000000000000e+06
1.321739999999999959e+01 1.555236000000000000e+06
1.336519999999999975e+01 1.392280000000000000e+06
1.346369999999999933e+01 1.180111000000000000e+06
1.339470000000000027e+01 1.302510000000000000e+06
1.340460000000000029e+01 1.727853000000000000e+06
1.336519999999999975e+01 1.261215000000000000e+06
1.344890000000000008e+01 2.167227000000000000e+06
1.347349999999999959e+01 1.799631000000000000e+06
1.345379999999999932e+01 8.001030000000000000e+05
1.351290000000000013e+01 6.357280000000000000e+05
1.362119999999999997e+01 7.196540000000000000e+05
1.371969999999999956e+01 3.692380000000000000e+05
1.369020000000000081e+01 1.643428000000000000e+06
1.356220000000000070e+01 4.699598000000000000e+06
1.377880000000000038e+01 1.408338000000000000e+06
1.392660000000000053e+01 9.960740000000000000e+05
1.401520000000000010e+01 1.554076000000000000e+06
1.390690000000000026e+01 2.209543000000000000e+06
1.391670000000000051e+01 1.672378000000000000e+06
1.365080000000000027e+01 2.776999000000000000e+06
1.354250000000000043e+01 1.332247000000000000e+06
1.360149999999999970e+01 2.916921000000000000e+06
1.358179999999999943e+01 1.547132000000000000e+06
1.378870000000000040e+01 2.471798000000000000e+06
1.366060000000000052e+01 1.210941000000000000e+06
1.369960000000000022e+01 1.690433000000000000e+06
1.353410000000000046e+01 1.352211000000000000e+06
1.368989999999999974e+01 2.121333000000000000e+06
1.397220000000000084e+01 6.513680000000000000e+05
1.390409999999999968e+01 1.669036000000000000e+06
1.377749999999999986e+01 1.970716000000000000e+06
1.393329999999999913e+01 1.662042000000000000e+06
1.403059999999999974e+01 7.002880000000000000e+05
1.391380000000000017e+01 9.284850000000000000e+05
1.392350000000000065e+01 1.268167000000000000e+06
1.391380000000000017e+01 9.153930000000000000e+05
1.385539999999999949e+01 1.090402000000000000e+06
1.388460000000000072e+01 7.291310000000000000e+05
1.398199999999999932e+01 8.736560000000000000e+05
1.392350000000000065e+01 8.939730000000000000e+05
1.406959999999999944e+01 1.017734000000000000e+06
1.413770000000000060e+01 1.515255000000000000e+06
1.392350000000000065e+01 1.076785000000000000e+06
1.397220000000000084e+01 1.180876000000000000e+06
1.379700000000000060e+01 1.619693000000000000e+06
1.394299999999999962e+01 2.039837000000000000e+06
1.365579999999999927e+01 1.854502000000000000e+06
1.351459999999999972e+01 1.487535000000000000e+06
1.340750000000000064e+01 3.335288000000000000e+06
1.355349999999999966e+01 1.388823000000000000e+06
1.372879999999999967e+01 1.782672000000000000e+06
1.357300000000000040e+01 1.920834000000000000e+06
1.331010000000000026e+01 1.819796000000000000e+06
1.276490000000000080e+01 2.145644000000000000e+06
1.259929999999999950e+01 2.551513000000000000e+06
1.183009999999999984e+01 2.330832000000000000e+06
1.164509999999999934e+01 1.262155000000000000e+06
1.146499999999999986e+01 1.115390000000000000e+06
1.158670000000000044e+01 1.274679000000000000e+06
1.149419999999999931e+01 1.628943000000000000e+06
1.169379999999999953e+01 1.863534000000000000e+06
1.142120000000000068e+01 1.051578000000000000e+06
1.156240000000000023e+01 1.884456000000000000e+06
1.119720000000000049e+01 2.037155000000000000e+06
1.104149999999999920e+01 1.653474000000000000e+06
1.114860000000000007e+01 1.736977000000000000e+06
1.139199999999999946e+01 2.394844000000000000e+06
1.133360000000000056e+01 2.018817000000000000e+06
1.137250000000000050e+01 3.102609000000000000e+06
1.128969999999999985e+01 3.442230000000000000e+06
1.170359999999999978e+01 1.924765000000000000e+06
1.246299999999999919e+01 1.545809000000000000e+06
1.244839999999999947e+01 1.212148000000000000e+06
1.272589999999999932e+01 2.038575000000000000e+06
1.289140000000000086e+01 1.333118000000000000e+06
1.278430000000000000e+01 1.937073000000000000e+06
1.303749999999999964e+01 1.585144000000000000e+06
1.287199999999999989e+01 4.851442000000000000e+06
1.282329999999999970e+01 1.756071000000000000e+06
1.295960000000000001e+01 1.465986000000000000e+06
1.290119999999999933e+01 1.627474000000000000e+06
1.304720000000000013e+01 1.594477000000000000e+06
1.294009999999999927e+01 1.545661000000000000e+06
1.292060000000000031e+01 1.391250000000000000e+06
1.303749999999999964e+01 1.630808000000000000e+06
1.292060000000000031e+01 2.079245000000000000e+06
1.276490000000000080e+01 1.562480000000000000e+06
1.245330000000000048e+01 1.110447000000000000e+06
1.245330000000000048e+01 1.184739000000000000e+06
1.215520000000000067e+01 1.568921000000000000e+06
1.204940000000000033e+01 1.590414000000000000e+06
1.225130000000000052e+01 1.235083000000000000e+06
1.228979999999999961e+01 1.093166000000000000e+06
1.203020000000000067e+01 8.941880000000000000e+05
1.184750000000000014e+01 1.156433000000000000e+06
1.221289999999999942e+01 1.587781000000000000e+06
1.197250000000000014e+01 1.200316000000000000e+06
1.248210000000000086e+01 1.374693000000000000e+06
1.257830000000000048e+01 1.309384000000000000e+06
1.249179999999999957e+01 1.378599000000000000e+06
1.279950000000000010e+01 1.110997000000000000e+06
1.262640000000000029e+01 1.016459000000000000e+06
1.230899999999999928e+01 8.416740000000000000e+05
1.241479999999999961e+01 1.558879000000000000e+06
1.288599999999999923e+01 2.009430000000000000e+06
1.275140000000000029e+01 1.918611000000000000e+06
1.302069999999999972e+01 2.151947000000000000e+06
1.312640000000000029e+01 2.582659000000000000e+06
1.282830000000000048e+01 2.070980000000000000e+06
1.278989999999999938e+01 2.622269000000000000e+06
1.254950000000000010e+01 4.069503000000000000e+06
1.318410000000000082e+01 1.174932000000000000e+06
1.342450000000000010e+01 1.791280000000000000e+06
1.360730000000000040e+01 2.114281000000000000e+06
1.377069999999999972e+01 2.047098000000000000e+06
1.369379999999999953e+01 1.759965000000000000e+06
1.353989999999999938e+01 3.141439000000000000e+06
1.363610000000000078e+01 6.159010000000000000e+06
1.451120000000000054e+01 6.085489000000000000e+06
1.317450000000000010e+01 1.944445000000000000e+06
1.292450000000000010e+01 1.384482000000000000e+06
1.303030000000000044e+01 1.185177000000000000e+06
1.318410000000000082e+01 1.200861000000000000e+06
1.301099999999999923e+01 1.668900000000000000e+06
1.303030000000000044e+01 1.599341000000000000e+06
1.288599999999999923e+01 1.297801000000000000e+06
1.310720000000000063e+01 1.551439000000000000e+06
1.279950000000000010e+01 1.711986000000000000e+06
1.276099999999999923e+01 2.684867000000000000e+06
1.273220000000000063e+01 3.953193000000000000e+06
1.296299999999999919e+01 2.076322000000000000e+06
1.355920000000000059e+01 1.325615000000000000e+06
1.338610000000000078e+01 9.936170000000000000e+05
1.328030000000000044e+01 1.315483000000000000e+06
1.313610000000000078e+01 1.475324000000000000e+06
1.312640000000000029e+01 3.647069000000000000e+06
1.278989999999999938e+01 1.367225000000000000e+06
1.249179999999999957e+01 1.277643000000000000e+06
1.247250000000000014e+01 1.523222000000000000e+06
1.244369999999999976e+01 1.274988000000000000e+06
1.284759999999999991e+01 3.604094000000000000e+06
1.292450000000000010e+01 1.452724000000000000e+06
1.271289999999999942e+01 1.438149000000000000e+06
1.274179999999999957e+01 1.411197000000000000e+06
1.261679999999999957e+01 1.717706000000000000e+06
1.281869999999999976e+01 1.062304000000000000e+06
1.284759999999999991e+01 1.063304000000000000e+06
1.269369999999999976e+01 1.220952000000000000e+06
1.281869999999999976e+01 1.522527000000000000e+06
1.278020000000000067e+01 1.242173000000000000e+06
1.253979999999999961e+01 8.922750000000000000e+05
1.265520000000000067e+01 1.009228000000000000e+06
1.256020000000000003e+01 1.151517000000000000e+06
1.269319999999999915e+01 1.446602000000000000e+06
1.221819999999999951e+01 2.105658000000000000e+06
1.238920000000000066e+01 2.349046000000000000e+06
1.253170000000000073e+01 1.200262000000000000e+06
1.256969999999999921e+01 1.150634000000000000e+06
1.255070000000000086e+01 1.269159000000000000e+06
1.256020000000000003e+01 7.783990000000000000e+05
1.231320000000000014e+01 1.253005000000000000e+06
1.256020000000000003e+01 9.436880000000000000e+05
1.289279999999999937e+01 1.191136000000000000e+06
1.268369999999999997e+01 1.095397000000000000e+06
1.277870000000000061e+01 9.387100000000000000e+05
1.286430000000000007e+01 1.308385000000000000e+06
1.287379999999999924e+01 1.902381000000000000e+06
1.269319999999999915e+01 1.618695000000000000e+06
1.256969999999999921e+01 1.308785000000000000e+06
1.313030000000000008e+01 1.104632000000000000e+06
1.294979999999999976e+01 1.276190000000000000e+06
1.296879999999999988e+01 1.057154000000000000e+06
1.309229999999999983e+01 1.039339000000000000e+06
1.323479999999999990e+01 1.409446000000000000e+06
1.322530000000000072e+01 1.220734000000000000e+06
1.314930000000000021e+01 2.074255000000000000e+06
1.294979999999999976e+01 2.390173000000000000e+06
1.283569999999999922e+01 2.050075000000000000e+06
1.252219999999999978e+01 1.586773000000000000e+06
1.254119999999999990e+01 1.709315000000000000e+06
1.253170000000000073e+01 3.668305000000000000e+06
1.231320000000000014e+01 2.264205000000000000e+06
1.180959999999999965e+01 2.363960000000000000e+06
1.145809999999999995e+01 1.409330000000000000e+06
1.158159999999999989e+01 1.274414000000000000e+06
1.156259999999999977e+01 1.598981000000000000e+06
1.173359999999999914e+01 1.057871000000000000e+06
1.165760000000000041e+01 9.544500000000000000e+05
1.180010000000000048e+01 1.116233000000000000e+06
1.155310000000000059e+01 9.718160000000000000e+05
1.154359999999999964e+01 1.080446000000000000e+06
1.132510000000000083e+01 1.328500000000000000e+06
1.164809999999999945e+01 1.831917000000000000e+06
1.156259999999999977e+01 1.081642000000000000e+06
1.160060000000000002e+01 1.430929000000000000e+06
1.138209999999999944e+01 1.216334000000000000e+06
1.123959999999999937e+01 1.457559000000000000e+06
1.149610000000000021e+01 1.516501000000000000e+06
1.099259999999999948e+01 1.941026000000000000e+06
1.114460000000000051e+01 1.189326000000000000e+06
1.098310000000000031e+01 1.793376000000000000e+06
1.104010000000000069e+01 1.466700000000000000e+06
1.101159999999999961e+01 1.316855000000000000e+06
1.101159999999999961e+01 1.694731000000000000e+06
1.143909999999999982e+01 1.272192000000000000e+06
1.120159999999999911e+01 1.779668000000000000e+06
1.136309999999999931e+01 1.408123000000000000e+06
1.153410000000000046e+01 1.307097000000000000e+06
1.142960000000000065e+01 4.576211000000000000e+06
1.125859999999999950e+01 1.651955000000000000e+06
1.121110000000000007e+01 1.553679000000000000e+06
1.116360000000000063e+01 2.474369000000000000e+06
1.116360000000000063e+01 1.412886000000000000e+06
1.114460000000000051e+01 1.312027000000000000e+06
1.096410000000000018e+01 1.541508000000000000e+06
1.122059999999999924e+01 1.881833000000000000e+06
1.138209999999999944e+01 1.744891000000000000e+06
1.151510000000000034e+01 2.157673000000000000e+06
1.160060000000000002e+01 2.054371000000000000e+06
1.161009999999999920e+01 2.460990000000000000e+06
1.176960000000000051e+01 1.733175000000000000e+06
1.181639999999999979e+01 2.243011000000000000e+06
1.180710000000000015e+01 2.563109000000000000e+06
1.166639999999999944e+01 1.583554000000000000e+06
1.155390000000000050e+01 3.545265000000000000e+06
1.187270000000000003e+01 4.288196000000000000e+06
1.199460000000000015e+01 6.228747000000000000e+06
1.100060000000000038e+01 1.754283000000000000e+06
1.089739999999999931e+01 1.206301000000000000e+06
1.096299999999999919e+01 1.203823000000000000e+06
1.085989999999999966e+01 1.661986000000000000e+06
1.068169999999999931e+01 1.285365000000000000e+06
1.055039999999999978e+01 1.436543000000000000e+06
1.066290000000000049e+01 1.459065000000000000e+06
1.070979999999999954e+01 1.611679000000000000e+06
1.072860000000000014e+01 1.297274000000000000e+06
1.069110000000000049e+01 1.745876000000000000e+06
1.072860000000000014e+01 1.492926000000000000e+06
1.069110000000000049e+01 2.384705000000000000e+06
1.073799999999999955e+01 1.737497000000000000e+06
1.073799999999999955e+01 1.750005000000000000e+06
1.072860000000000014e+01 1.613848000000000000e+06
1.082240000000000002e+01 2.168309000000000000e+06
1.072860000000000014e+01 2.150151000000000000e+06
1.041910000000000025e+01 2.585603000000000000e+06
1.017530000000000001e+01 2.990966000000000000e+06
1.023150000000000048e+01 1.777750000000000000e+06
9.903299999999999770e+00 2.205529000000000000e+06
9.987700000000000244e+00 2.520416000000000000e+06
9.809499999999999886e+00 1.581712000000000000e+06
9.762600000000000833e+00 1.508392000000000000e+06
9.743900000000000006e+00 2.082007000000000000e+06
9.800100000000000477e+00 2.039445000000000000e+06
9.743900000000000006e+00 1.635994000000000000e+06
9.546900000000000830e+00 2.390576000000000000e+06
9.425000000000000711e+00 2.920898000000000000e+06
9.218700000000000117e+00 2.800157000000000000e+06
8.862299999999999400e+00 2.889890000000000000e+06
8.712300000000000821e+00 2.378419000000000000e+06
8.262100000000000222e+00 1.947123000000000000e+06
8.299599999999999866e+00 1.900705000000000000e+06
8.262100000000000222e+00 2.848804000000000000e+06
8.299599999999999866e+00 2.371249000000000000e+06
7.905800000000000161e+00 1.743843000000000000e+06
8.008900000000000574e+00 5.204734000000000000e+06
8.159000000000000696e+00 3.356904000000000000e+06
8.149599999999999511e+00 3.437892000000000000e+06
8.543499999999999872e+00 2.715549000000000000e+06
8.749800000000000466e+00 2.939645000000000000e+06
8.993600000000000705e+00 2.821037000000000000e+06
9.237500000000000711e+00 1.882093000000000000e+06
9.537599999999999412e+00 1.953846000000000000e+06
9.312500000000000000e+00 2.578696000000000000e+06
9.556300000000000239e+00 2.723299000000000000e+06
9.978300000000000836e+00 2.610392000000000000e+06
1.013780000000000037e+01 3.452707000000000000e+06
9.999100000000000321e+00 1.965270000000000000e+06
1.051670000000000016e+01 2.258563000000000000e+06
1.062759999999999927e+01 3.979813000000000000e+06
1.058130000000000059e+01 2.791724000000000000e+06
1.035960000000000036e+01 2.597177000000000000e+06
1.023939999999999984e+01 1.854715000000000000e+06
1.048889999999999922e+01 1.621469000000000000e+06
1.029490000000000016e+01 9.426690000000000000e+05
1.035030000000000072e+01 3.151557000000000000e+06
9.916000000000000369e+00 4.826677000000000000e+06
1.108960000000000079e+01 2.816155000000000000e+06
1.123750000000000071e+01 3.047017000000000000e+06
1.178270000000000017e+01 1.899130000000000000e+06
1.169030000000000058e+01 1.396430000000000000e+06
1.179199999999999982e+01 1.705932000000000000e+06
1.158869999999999933e+01 1.548730000000000000e+06
1.166259999999999941e+01 1.473518000000000000e+06
1.167179999999999929e+01 1.376939000000000000e+06
1.167179999999999929e+01 2.051036000000000000e+06
1.133910000000000018e+01 2.137695000000000000e+06
1.117280000000000051e+01 2.319253000000000000e+06
1.096020000000000039e+01 2.021986000000000000e+06
1.110810000000000031e+01 3.067012000000000000e+06
1.070149999999999935e+01 2.705322000000000000e+06
1.069219999999999970e+01 2.682610000000000000e+06
1.056290000000000084e+01 3.182838000000000000e+06
1.082160000000000011e+01 2.488188000000000000e+06
1.102490000000000059e+01 2.035581000000000000e+06
1.095100000000000051e+01 2.752600000000000000e+06
1.145930000000000071e+01 1.985054000000000000e+06
1.157019999999999982e+01 2.312729000000000000e+06
1.161640000000000050e+01 1.269884000000000000e+06
1.153320000000000078e+01 1.161218000000000000e+06
1.169960000000000022e+01 1.265160000000000000e+06
1.174579999999999913e+01 1.253778000000000000e+06
1.149619999999999997e+01 1.080118000000000000e+06
1.139460000000000051e+01 1.483710000000000000e+06
1.158869999999999933e+01 1.749804000000000000e+06
1.192130000000000045e+01 2.193388000000000000e+06
1.215240000000000009e+01 2.337524000000000000e+06
1.243890000000000029e+01 2.947489000000000000e+06
1.234639999999999915e+01 1.341832000000000000e+06
1.254049999999999976e+01 1.469951000000000000e+06
1.266990000000000016e+01 1.576941000000000000e+06
1.250350000000000072e+01 1.846556000000000000e+06
1.254979999999999940e+01 2.060332000000000000e+06
1.245730000000000004e+01 2.096504000000000000e+06
1.244810000000000016e+01 1.537212000000000000e+06
1.255899999999999928e+01 2.312381000000000000e+06
1.293790000000000084e+01 1.646209000000000000e+06
1.293790000000000084e+01 2.392157000000000000e+06
1.327059999999999995e+01 6.879834000000000000e+06
1.333530000000000015e+01 2.593570000000000000e+06
1.322439999999999927e+01 3.159240000000000000e+06
1.303950000000000031e+01 2.580803000000000000e+06
1.275309999999999988e+01 2.264316000000000000e+06
1.282699999999999996e+01 2.050038000000000000e+06
1.268839999999999968e+01 2.027513000000000000e+06
1.234639999999999915e+01 1.187880000000000000e+06
1.254979999999999940e+01 1.038490000000000000e+06
1.245730000000000004e+01 1.248660000000000000e+06
1.244810000000000016e+01 1.077884000000000000e+06
1.249430000000000085e+01 1.184476000000000000e+06
1.264959999999999951e+01 1.815717000000000000e+06
1.240300000000000047e+01 1.727446000000000000e+06
1.245780000000000065e+01 1.335428000000000000e+06
1.237560000000000038e+01 1.126585000000000000e+06
1.223859999999999992e+01 1.013977000000000000e+06
1.225680000000000014e+01 1.625610000000000000e+06
1.226600000000000001e+01 1.868485000000000000e+06
1.212899999999999956e+01 1.607749000000000000e+06
1.211069999999999958e+01 1.408549000000000000e+06
1.229340000000000011e+01 1.406881000000000000e+06
1.237560000000000038e+01 1.412046000000000000e+06
1.221119999999999983e+01 1.434637000000000000e+06
1.220199999999999996e+01 9.886680000000000000e+05
1.222940000000000005e+01 3.940700000000000000e+06
1.184580000000000055e+01 3.784125000000000000e+06
1.196460000000000079e+01 1.834774000000000000e+06
1.190060000000000073e+01 1.335661000000000000e+06
1.209239999999999959e+01 9.010200000000000000e+05
1.217459999999999987e+01 1.491761000000000000e+06
1.203759999999999941e+01 1.214987000000000000e+06
1.206499999999999950e+01 1.012191000000000000e+06
1.200109999999999921e+01 8.260840000000000000e+05
1.206499999999999950e+01 1.338698000000000000e+06
1.207419999999999938e+01 9.927170000000000000e+05
1.208329999999999949e+01 1.320427000000000000e+06
1.206499999999999950e+01 2.689490000000000000e+06
1.223859999999999992e+01 1.088997000000000000e+06
1.213809999999999967e+01 1.938114000000000000e+06
1.208329999999999949e+01 2.454316000000000000e+06
1.202849999999999930e+01 4.305003000000000000e+06
1.287790000000000035e+01 3.112723000000000000e+06
1.284140000000000015e+01 9.076380000000000000e+05
1.274089999999999989e+01 1.866605000000000000e+06
1.278659999999999997e+01 2.514202000000000000e+06
1.266779999999999973e+01 1.421441000000000000e+06
1.261299999999999955e+01 2.353341000000000000e+06
1.263129999999999953e+01 2.073880000000000000e+06
1.226600000000000001e+01 2.065263000000000000e+06
1.247600000000000087e+01 3.112025000000000000e+06
1.258559999999999945e+01 2.605852000000000000e+06
1.266779999999999973e+01 2.527091000000000000e+06
1.232080000000000020e+01 1.605513000000000000e+06
1.201939999999999920e+01 9.369270000000000000e+05
1.200109999999999921e+01 1.546588000000000000e+06
1.190980000000000061e+01 1.288969000000000000e+06
1.208329999999999949e+01 2.565451000000000000e+06
1.190060000000000073e+01 2.563056000000000000e+06
1.191890000000000072e+01 1.526936000000000000e+06
1.197369999999999912e+01 1.614688000000000000e+06
1.207419999999999938e+01 1.418160000000000000e+06
1.211069999999999958e+01 2.537579000000000000e+06
1.222029999999999994e+01 3.395836000000000000e+06
1.212899999999999956e+01 3.264414000000000000e+06
1.208329999999999949e+01 1.904409000000000000e+06
1.219289999999999985e+01 2.346026000000000000e+06
1.216549999999999976e+01 3.240922000000000000e+06
1.197369999999999912e+01 2.018343600000000000e+07
1.232080000000000020e+01 5.517545000000000000e+06
1.253999999999999915e+01 3.364116000000000000e+06
1.297840000000000060e+01 3.818371000000000000e+06
1.331630000000000003e+01 3.357088000000000000e+06
1.351720000000000077e+01 2.045735000000000000e+06
1.359029999999999916e+01 2.987339000000000000e+06
1.360859999999999914e+01 4.524705000000000000e+06
1.350810000000000066e+01 8.312325000000000000e+06
1.312449999999999939e+01 6.423797100000000000e+07
1.306060000000000088e+01 4.893242000000000000e+06
1.261299999999999955e+01 2.467839000000000000e+06
1.279359999999999964e+01 2.854264000000000000e+06
1.256789999999999985e+01 2.906246000000000000e+06
1.311860000000000070e+01 2.062253000000000000e+06
1.317280000000000051e+01 2.360737000000000000e+06
1.299220000000000041e+01 2.304265000000000000e+06
1.301030000000000086e+01 2.796212000000000000e+06
1.288390000000000057e+01 2.188151000000000000e+06
1.270330000000000048e+01 1.862856000000000000e+06
1.275750000000000028e+01 1.572779000000000000e+06
1.276650000000000063e+01 2.865077000000000000e+06
1.262209999999999965e+01 3.799878000000000000e+06
1.232409999999999961e+01 2.203910000000000000e+06
1.216159999999999997e+01 2.010732000000000000e+06
1.225189999999999912e+01 2.190370000000000000e+06
1.203519999999999968e+01 2.492279000000000000e+06
1.172819999999999929e+01 4.596270000000000000e+06
1.196299999999999919e+01 4.059786000000000000e+06
1.217060000000000031e+01 2.883150000000000000e+06
1.199910000000000032e+01 3.171468000000000000e+06
1.196299999999999919e+01 5.193501000000000000e+06
1.187270000000000003e+01 1.625240000000000000e+06
1.197199999999999953e+01 1.888382000000000000e+06
1.206230000000000047e+01 2.420811000000000000e+06
1.213449999999999918e+01 2.667631000000000000e+06
1.197199999999999953e+01 2.550011000000000000e+06
1.218870000000000076e+01 3.072635000000000000e+06
1.211650000000000027e+01 2.249808000000000000e+06
1.199009999999999998e+01 2.351580000000000000e+06
1.194490000000000052e+01 2.014219000000000000e+06
1.196299999999999919e+01 1.980580000000000000e+06
1.196299999999999919e+01 1.949253000000000000e+06
1.208939999999999948e+01 1.865374000000000000e+06
1.198099999999999987e+01 1.529726000000000000e+06
1.208029999999999937e+01 1.160368000000000000e+06
1.199910000000000032e+01 2.046941000000000000e+06
1.208939999999999948e+01 2.156399000000000000e+06
1.206230000000000047e+01 2.216653000000000000e+06
1.213449999999999918e+01 2.535347000000000000e+06
1.233319999999999972e+01 4.276817000000000000e+06
1.159280000000000044e+01 3.469942000000000000e+06
1.135810000000000031e+01 4.931683000000000000e+06
1.145739999999999981e+01 3.325040000000000000e+06
1.184559999999999924e+01 2.961822000000000000e+06
1.190879999999999939e+01 2.800935000000000000e+06
1.151149999999999984e+01 2.507156000000000000e+06
1.179139999999999944e+01 2.204457000000000000e+06
1.140320000000000000e+01 2.725395000000000000e+06
1.184559999999999924e+01 2.544251000000000000e+06
1.212550000000000061e+01 1.249276000000000000e+06
1.201709999999999923e+01 1.416524000000000000e+06
1.216159999999999997e+01 1.745324000000000000e+06
1.219769999999999932e+01 5.441342000000000000e+06
1.192689999999999984e+01 1.821346000000000000e+06
1.195390000000000086e+01 1.594549000000000000e+06
1.216159999999999997e+01 1.496177000000000000e+06
1.215259999999999962e+01 2.089197000000000000e+06
1.251370000000000005e+01 1.806347000000000000e+06
1.225189999999999912e+01 1.194872000000000000e+06
1.221579999999999977e+01 1.915339000000000000e+06
1.217060000000000031e+01 1.532691000000000000e+06
1.212550000000000061e+01 2.330781000000000000e+06
1.188170000000000037e+01 2.064230000000000000e+06
1.169209999999999994e+01 3.511668000000000000e+06
1.155829999999999913e+01 3.035453000000000000e+06
1.165639999999999965e+01 2.765852000000000000e+06
1.181700000000000017e+01 1.501106000000000000e+06
1.179909999999999926e+01 1.557196000000000000e+06
1.165639999999999965e+01 2.180021000000000000e+06
1.197749999999999915e+01 2.128143000000000000e+06
1.216479999999999961e+01 2.949494000000000000e+06
1.247690000000000055e+01 1.468398000000000000e+06
1.230749999999999922e+01 2.484543000000000000e+06
1.248590000000000089e+01 1.968862000000000000e+06
1.212909999999999933e+01 1.451817000000000000e+06
1.209340000000000082e+01 2.034265000000000000e+06
1.200430000000000064e+01 4.606550000000000000e+06
1.193290000000000006e+01 3.118211000000000000e+06
1.252149999999999963e+01 3.990690000000000000e+06
1.227180000000000071e+01 3.918509000000000000e+06
1.215590000000000082e+01 3.176592000000000000e+06
1.267309999999999981e+01 3.145932000000000000e+06
1.295850000000000080e+01 2.503580000000000000e+06
1.270880000000000010e+01 2.587910000000000000e+06
1.269100000000000072e+01 2.800812000000000000e+06
1.283370000000000033e+01 2.098687000000000000e+06
1.296749999999999936e+01 2.144085000000000000e+06
1.307450000000000045e+01 2.775766000000000000e+06
1.294069999999999965e+01 8.543120000000000000e+06
1.198639999999999972e+01 5.317411000000000000e+06
1.205780000000000030e+01 3.308870000000000000e+06
1.212909999999999933e+01 2.969875000000000000e+06
1.190620000000000012e+01 2.534500000000000000e+06
1.222719999999999985e+01 1.947896000000000000e+06
1.226290000000000013e+01 3.577826000000000000e+06
1.237880000000000003e+01 3.879922000000000000e+06
1.245909999999999940e+01 3.748759000000000000e+06
1.220049999999999990e+01 3.423424000000000000e+06
1.205780000000000030e+01 2.966370000000000000e+06
1.220940000000000047e+01 3.269625000000000000e+06
1.249479999999999968e+01 2.059997000000000000e+06
1.243229999999999968e+01 2.958547000000000000e+06
1.228969999999999985e+01 2.548515000000000000e+06
1.215590000000000082e+01 3.528370000000000000e+06
1.187940000000000040e+01 1.832765000000000000e+06
1.192399999999999949e+01 1.193606000000000000e+06
1.178129999999999988e+01 1.686178000000000000e+06
1.200430000000000064e+01 1.735553000000000000e+06
1.190620000000000012e+01 2.289097000000000000e+06
1.170100000000000051e+01 1.932057000000000000e+06
1.167430000000000057e+01 2.763091000000000000e+06
1.171000000000000085e+01 2.867421000000000000e+06
1.183479999999999954e+01 4.140652000000000000e+06
1.177239999999999931e+01 1.094384700000000000e+07
1.125510000000000055e+01 5.012739000000000000e+06
1.154049999999999976e+01 6.617855000000000000e+06
1.155829999999999913e+01 3.602787000000000000e+06
1.138000000000000078e+01 4.673723000000000000e+06
1.138000000000000078e+01 5.091472000000000000e+06
1.135319999999999929e+01 3.952475000000000000e+06
1.151370000000000005e+01 2.736432000000000000e+06
1.171000000000000085e+01 3.296871000000000000e+06
1.183479999999999954e+01 4.241922000000000000e+06
1.160289999999999999e+01 5.356669000000000000e+06
1.124619999999999997e+01 2.058237400000000000e+07
1.129899999999999949e+01 5.452059000000000000e+06
1.097320000000000029e+01 3.654415000000000000e+06
1.055049999999999955e+01 3.544831000000000000e+06
1.086749999999999972e+01 1.252754000000000000e+06
1.096439999999999948e+01 2.156493000000000000e+06
1.108769999999999989e+01 3.921085000000000000e+06
1.129020000000000046e+01 3.526649000000000000e+06
1.099959999999999916e+01 4.870234000000000000e+06
1.123739999999999917e+01 4.847380000000000000e+06
1.110529999999999973e+01 5.215622000000000000e+06
1.087630000000000052e+01 4.708070000000000000e+06
1.063850000000000051e+01 2.557764000000000000e+06
1.075300000000000011e+01 2.328940000000000000e+06
1.069139999999999979e+01 2.511223000000000000e+06
1.061209999999999987e+01 2.538014000000000000e+06
1.064729999999999954e+01 2.479073000000000000e+06
1.090269999999999939e+01 3.023495000000000000e+06
1.076179999999999914e+01 3.922573000000000000e+06
1.088509999999999955e+01 6.535425000000000000e+06
1.065610000000000035e+01 5.349355000000000000e+06
1.097320000000000029e+01 5.134518000000000000e+06
1.041840000000000011e+01 4.879544000000000000e+06
1.043599999999999994e+01 3.507721000000000000e+06
1.052399999999999913e+01 5.066914000000000000e+06
1.038310000000000066e+01 6.611672000000000000e+06
1.065610000000000035e+01 2.730647000000000000e+06
1.072659999999999947e+01 2.717510000000000000e+06
1.088509999999999955e+01 4.215060000000000000e+06
1.084110000000000085e+01 3.691660000000000000e+06
1.055049999999999955e+01 5.183051000000000000e+06
1.074419999999999931e+01 8.352986000000000000e+06
1.033029999999999937e+01 3.617385000000000000e+06
1.023339999999999961e+01 3.937532000000000000e+06
1.039189999999999969e+01 5.829766000000000000e+06
1.038310000000000066e+01 6.251413000000000000e+06
1.098199999999999932e+01 4.035590000000000000e+06
1.076179999999999914e+01 4.371270000000000000e+06
1.109650000000000070e+01 5.148036000000000000e+06
1.110089999999999932e+01 1.510947200000000000e+07
1.294589999999999996e+01 1.776680000000000000e+06
1.317489999999999917e+01 1.692062000000000000e+06
1.312199999999999989e+01 4.941173000000000000e+06
1.322770000000000046e+01 2.656237000000000000e+06
1.313959999999999972e+01 3.876998000000000000e+06
1.367680000000000007e+01 2.650616000000000000e+06
1.336860000000000070e+01 2.788263000000000000e+06
1.305160000000000053e+01 2.029716000000000000e+06
1.301629999999999932e+01 2.807046000000000000e+06
1.235580000000000034e+01 2.201077000000000000e+06
1.238230000000000075e+01 2.042509000000000000e+06
1.239109999999999978e+01 1.798638000000000000e+06
1.229420000000000002e+01 3.106929000000000000e+06
1.227660000000000018e+01 6.719781000000000000e+06
1.213569999999999993e+01 3.887702000000000000e+06
1.271690000000000076e+01 2.246777000000000000e+06
1.269929999999999914e+01 2.481221000000000000e+06
1.244389999999999930e+01 3.182135000000000000e+06
1.189789999999999992e+01 4.237916000000000000e+06
1.157199999999999918e+01 3.233539000000000000e+06
1.215329999999999977e+01 2.333232000000000000e+06
1.218849999999999945e+01 2.895604000000000000e+06
1.210929999999999929e+01 3.366893000000000000e+06
1.162490000000000023e+01 2.955975000000000000e+06
1.169529999999999959e+01 2.163771000000000000e+06
1.176500000000000057e+01 1.560954000000000000e+06
1.183460000000000001e+01 1.116005000000000000e+06
1.186069999999999958e+01 1.077031000000000000e+06
1.185200000000000031e+01 9.970110000000000000e+05
1.186069999999999958e+01 1.148522000000000000e+06
1.188679999999999914e+01 1.240471000000000000e+06
1.175619999999999976e+01 1.351713000000000000e+06
1.183460000000000001e+01 1.550343000000000000e+06
1.186940000000000062e+01 1.352532000000000000e+06
1.218260000000000076e+01 1.658362000000000000e+06
1.201730000000000054e+01 1.225531000000000000e+06
1.212170000000000059e+01 1.327211000000000000e+06
1.190419999999999945e+01 1.485029000000000000e+06
1.192159999999999975e+01 1.794593000000000000e+06
1.231320000000000014e+01 1.527524000000000000e+06
1.260030000000000072e+01 1.449115000000000000e+06
1.266119999999999912e+01 1.403187000000000000e+06
1.241760000000000019e+01 3.007467000000000000e+06
1.237410000000000032e+01 1.946647000000000000e+06
1.246110000000000007e+01 2.607845000000000000e+06
1.292229999999999990e+01 1.902235000000000000e+06
1.283530000000000015e+01 1.635713000000000000e+06
1.277439999999999998e+01 1.226470000000000000e+06
1.269609999999999950e+01 1.549944000000000000e+06
1.274830000000000041e+01 2.015297000000000000e+06
1.305279999999999951e+01 2.805201000000000000e+06
1.293099999999999916e+01 1.765815000000000000e+06
1.300929999999999964e+01 2.356451000000000000e+06
1.299189999999999934e+01 3.294666000000000000e+06
1.330519999999999925e+01 4.395194000000000000e+06
1.427110000000000056e+01 2.071521000000000000e+06
1.434939999999999927e+01 1.332102000000000000e+06
1.441900000000000048e+01 1.187070000000000000e+06
1.447119999999999962e+01 1.829246000000000000e+06
1.441900000000000048e+01 1.347202000000000000e+06
1.420149999999999935e+01 1.292489000000000000e+06
1.426239999999999952e+01 2.297728000000000000e+06
1.407970000000000077e+01 2.832419000000000000e+06
1.396649999999999991e+01 4.161819000000000000e+06
1.451469999999999949e+01 3.160455000000000000e+06
1.462790000000000035e+01 1.557748000000000000e+06
1.448859999999999992e+01 2.283435000000000000e+06
1.447990000000000066e+01 1.957894000000000000e+06
1.448859999999999992e+01 2.347508000000000000e+06
1.434939999999999927e+01 1.999072000000000000e+06
1.417539999999999978e+01 1.925940000000000000e+06
1.388819999999999943e+01 2.830631000000000000e+06
1.380990000000000073e+01 2.329771000000000000e+06
1.390559999999999974e+01 3.291811000000000000e+06
1.430589999999999939e+01 3.014470000000000000e+06
1.429720000000000013e+01 3.904947000000000000e+06
1.350970000000000049e+01 7.391711000000000000e+06
1.379250000000000043e+01 1.955834000000000000e+06
1.361849999999999916e+01 1.908268000000000000e+06
1.354879999999999995e+01 2.545335000000000000e+06
1.347049999999999947e+01 2.994167000000000000e+06
1.327909999999999968e+01 2.571281000000000000e+06
1.297450000000000081e+01 2.856067000000000000e+06
1.273090000000000011e+01 2.473422000000000000e+06
1.255680000000000085e+01 2.089668000000000000e+06
1.241760000000000019e+01 1.892853000000000000e+06
1.237410000000000032e+01 3.340800000000000000e+06
1.273090000000000011e+01 2.448769000000000000e+06
1.255680000000000085e+01 4.789350000000000000e+06
1.263429999999999964e+01 3.534739000000000000e+06
1.246219999999999928e+01 1.801487000000000000e+06
1.238470000000000049e+01 2.422611000000000000e+06
1.240189999999999948e+01 2.451618000000000000e+06
1.225559999999999938e+01 3.000624000000000000e+06
1.210929999999999929e+01 1.686256000000000000e+06
1.199740000000000073e+01 1.906119000000000000e+06
1.179950000000000010e+01 2.448762000000000000e+06
1.173920000000000030e+01 2.521116000000000000e+06
1.241050000000000075e+01 2.037310000000000000e+06
1.239329999999999998e+01 2.796863000000000000e+06
1.204899999999999949e+01 1.879359000000000000e+06
1.235030000000000072e+01 2.370340000000000000e+06
1.245350000000000001e+01 2.867806000000000000e+06
1.256540000000000035e+01 2.602747000000000000e+06
1.268590000000000018e+01 1.912219000000000000e+06
1.289250000000000007e+01 1.829452000000000000e+06
1.304739999999999966e+01 1.842038000000000000e+06
1.329700000000000060e+01 1.911505000000000000e+06
1.326260000000000083e+01 2.377427000000000000e+06
1.329700000000000060e+01 3.007198000000000000e+06
1.308179999999999943e+01 2.751473000000000000e+06
1.337439999999999962e+01 2.260538000000000000e+06
1.364980000000000082e+01 1.566431000000000000e+06
1.365840000000000032e+01 2.001451000000000000e+06
1.356380000000000052e+01 3.788620000000000000e+06
1.358099999999999952e+01 4.301615000000000000e+06
1.377890000000000015e+01 4.143710000000000000e+06
1.300440000000000040e+01 4.949255000000000000e+06
1.295270000000000010e+01 3.190483000000000000e+06
1.284939999999999927e+01 1.637159000000000000e+06
1.263429999999999964e+01 2.313212000000000000e+06
1.262570000000000014e+01 2.401227000000000000e+06
1.281499999999999950e+01 1.593783000000000000e+06
1.259120000000000061e+01 1.925223000000000000e+06
1.263429999999999964e+01 1.934475000000000000e+06
1.258259999999999934e+01 2.256420000000000000e+06
1.241910000000000025e+01 2.970491000000000000e+06
1.267730000000000068e+01 2.203684000000000000e+06
1.269449999999999967e+01 2.609724000000000000e+06
1.270309999999999917e+01 1.961380000000000000e+06
1.279780000000000051e+01 1.527840000000000000e+06
1.249660000000000082e+01 1.524064000000000000e+06
1.247940000000000005e+01 2.181553000000000000e+06
1.204899999999999949e+01 2.008801000000000000e+06
1.204039999999999999e+01 1.768150000000000000e+06
1.207489999999999952e+01 2.867102000000000000e+06
1.198019999999999996e+01 3.718998000000000000e+06
1.210069999999999979e+01 2.911922000000000000e+06
1.266009999999999991e+01 2.185037000000000000e+06
1.290109999999999957e+01 6.747233000000000000e+06
1.259989999999999988e+01 3.089738000000000000e+06
1.261710000000000065e+01 1.742131000000000000e+06
1.244490000000000052e+01 1.891064000000000000e+06
1.248799999999999955e+01 1.511270000000000000e+06
1.249660000000000082e+01 1.870181000000000000e+06
1.244490000000000052e+01 2.071331000000000000e+06
1.248799999999999955e+01 2.693421000000000000e+06
1.251379999999999981e+01 2.810865000000000000e+06
1.256540000000000035e+01 2.595402000000000000e+06
1.282789999999999964e+01 3.047290000000000000e+06
1.284939999999999927e+01 2.710515000000000000e+06
1.320229999999999926e+01 2.611281000000000000e+06
1.312560000000000038e+01 3.356923000000000000e+06
1.326190000000000069e+01 1.326784000000000000e+06
1.310009999999999941e+01 1.554738000000000000e+06
1.317680000000000007e+01 1.439472000000000000e+06
1.321080000000000076e+01 1.577978000000000000e+06
1.316820000000000057e+01 2.068295000000000000e+06
1.315970000000000084e+01 1.852792000000000000e+06
1.319379999999999953e+01 1.780703000000000000e+06
1.336410000000000053e+01 2.188406000000000000e+06
1.344929999999999914e+01 1.740174000000000000e+06
1.333859999999999957e+01 1.830247000000000000e+06
1.327040000000000042e+01 1.474551000000000000e+06
1.310859999999999914e+01 2.593698000000000000e+06
1.302340000000000053e+01 1.688086000000000000e+06
1.305749999999999922e+01 1.869596000000000000e+06
1.318529999999999980e+01 1.964816000000000000e+06
1.319379999999999953e+01 2.813693000000000000e+06
1.287010000000000076e+01 2.629687000000000000e+06
1.277640000000000065e+01 3.864146000000000000e+06
1.281049999999999933e+01 3.265109000000000000e+06
1.287010000000000076e+01 2.015990000000000000e+06
1.295529999999999937e+01 2.174975000000000000e+06
1.302340000000000053e+01 2.985732000000000000e+06
1.338969999999999949e+01 4.151560000000000000e+06
1.380710000000000015e+01 2.843384000000000000e+06
1.355150000000000077e+01 1.945434000000000000e+06
1.359409999999999918e+01 3.225040000000000000e+06
1.350890000000000057e+01 2.760958000000000000e+06
1.367079999999999984e+01 6.852830000000000000e+06
1.343229999999999968e+01 3.640574000000000000e+06
1.435219999999999985e+01 2.185556000000000000e+06
1.409670000000000023e+01 2.154039000000000000e+06
1.435219999999999985e+01 2.505918000000000000e+06
1.432659999999999911e+01 2.685363000000000000e+06
1.405410000000000004e+01 1.894192000000000000e+06
1.431809999999999938e+01 2.240235000000000000e+06
1.407109999999999950e+01 1.972358000000000000e+06
1.433520000000000039e+01 2.787088000000000000e+06
1.415629999999999988e+01 2.919904000000000000e+06
1.399440000000000062e+01 1.552954000000000000e+06
1.395190000000000019e+01 1.010932000000000000e+06
1.401149999999999984e+01 1.397026000000000000e+06
1.420739999999999981e+01 1.050134000000000000e+06
1.419040000000000035e+01 9.904670000000000000e+05
1.416479999999999961e+01 6.470097000000000000e+06
1.421589999999999954e+01 1.293742000000000000e+06
1.425000000000000000e+01 2.636000000000000000e+06
1.421589999999999954e+01 2.765213000000000000e+06
1.394330000000000069e+01 1.080745500000000000e+07
1.430959999999999965e+01 3.628238000000000000e+06
1.394330000000000069e+01 3.237775000000000000e+06
1.393479999999999919e+01 2.954276000000000000e+06
1.422439999999999927e+01 3.090449000000000000e+06
1.474399999999999977e+01 2.843038000000000000e+06
1.455659999999999954e+01 3.950439000000000000e+06
1.471840000000000082e+01 3.364494000000000000e+06
1.450549999999999962e+01 3.161538000000000000e+06
1.447990000000000066e+01 2.593252000000000000e+06
1.419040000000000035e+01 2.505067000000000000e+06
1.442029999999999923e+01 3.817179000000000000e+06
1.467590000000000039e+01 3.971186000000000000e+06
1.450709999999999944e+01 2.882134000000000000e+06
1.476019999999999932e+01 2.307344000000000000e+06
1.489530000000000065e+01 1.125079000000000000e+06
1.506409999999999982e+01 2.853858000000000000e+06
1.471809999999999974e+01 4.354474000000000000e+06
1.495439999999999969e+01 2.553045000000000000e+06
1.486999999999999922e+01 2.914906000000000000e+06
1.492900000000000027e+01 3.668427000000000000e+06
1.492900000000000027e+01 3.041723000000000000e+06
1.470120000000000005e+01 5.022592000000000000e+06
1.484459999999999980e+01 5.609703000000000000e+06
1.438889999999999958e+01 5.018156000000000000e+06
1.421170000000000044e+01 8.050258000000000000e+06
1.330869999999999997e+01 1.270462600000000000e+07
1.135919999999999952e+01 3.194291000000000000e+06
1.144359999999999999e+01 3.548791000000000000e+06
1.124109999999999943e+01 3.326085000000000000e+06
1.116510000000000069e+01 3.617206000000000000e+06
1.119890000000000008e+01 4.796953000000000000e+06
1.099629999999999974e+01 4.470210000000000000e+06
1.078539999999999921e+01 3.588833000000000000e+06
1.088659999999999961e+01 2.686725000000000000e+06
1.082760000000000034e+01 2.780406000000000000e+06
1.108919999999999995e+01 2.320599000000000000e+06
1.109759999999999991e+01 2.393521000000000000e+06
1.113139999999999930e+01 2.562102000000000000e+06
1.099629999999999974e+01 3.928586000000000000e+06
1.114819999999999922e+01 3.806382000000000000e+06
1.135079999999999956e+01 6.421448000000000000e+06
1.148579999999999934e+01 3.688266000000000000e+06
1.144780000000000086e+01 4.251376000000000000e+06
1.173900000000000077e+01 2.940383000000000000e+06
1.173060000000000080e+01 2.496345000000000000e+06
1.190779999999999994e+01 2.550512000000000000e+06
1.190779999999999994e+01 3.863524000000000000e+06
1.212720000000000020e+01 3.804030000000000000e+06
1.228749999999999964e+01 2.299549000000000000e+06
1.241409999999999947e+01 2.396336000000000000e+06
1.247320000000000029e+01 3.584692000000000000e+06
1.235510000000000019e+01 2.983655000000000000e+06
1.209340000000000082e+01 3.433945000000000000e+06
1.221160000000000068e+01 3.148317000000000000e+06
1.207659999999999911e+01 3.676052000000000000e+06
1.228749999999999964e+01 2.323470000000000000e+06
1.222850000000000037e+01 4.190848000000000000e+06
1.171369999999999933e+01 2.431891000000000000e+06
1.171369999999999933e+01 3.407947000000000000e+06
1.157869999999999955e+01 3.868438000000000000e+06
1.120730000000000004e+01 6.325767000000000000e+06
1.163770000000000060e+01 2.158606000000000000e+06
1.162079999999999913e+01 3.272534000000000000e+06
1.146049999999999969e+01 5.876480000000000000e+06
1.167149999999999999e+01 2.727145000000000000e+06
1.144359999999999999e+01 3.855704000000000000e+06
1.164620000000000033e+01 3.412299000000000000e+06
1.215249999999999986e+01 3.810539000000000000e+06
1.200910000000000011e+01 2.212238000000000000e+06
1.238879999999999981e+01 2.310387000000000000e+06
1.240569999999999951e+01 2.755573000000000000e+06
1.213560000000000016e+01 2.164849000000000000e+06
1.222000000000000064e+01 1.661593000000000000e+06
1.213560000000000016e+01 2.025831000000000000e+06
1.213560000000000016e+01 5.094399000000000000e+06
1.202710000000000079e+01 2.325313000000000000e+06
1.182680000000000042e+01 2.325821000000000000e+06
1.189359999999999928e+01 1.699207000000000000e+06
1.197710000000000008e+01 1.859472000000000000e+06
1.197710000000000008e+01 2.138726000000000000e+06
1.211059999999999981e+01 1.669191000000000000e+06
1.199380000000000024e+01 1.861075000000000000e+06
1.181010000000000026e+01 1.999023000000000000e+06
1.215230000000000032e+01 2.712886000000000000e+06
1.213560000000000016e+01 5.110888000000000000e+06
1.160979999999999990e+01 2.510052000000000000e+06
1.153470000000000084e+01 1.824649000000000000e+06
1.125929999999999964e+01 2.496545000000000000e+06
1.138449999999999918e+01 2.456235000000000000e+06
1.135940000000000083e+01 3.735080000000000000e+06
1.186020000000000074e+01 2.324261000000000000e+06
1.198540000000000028e+01 2.848218000000000000e+06
1.212729999999999997e+01 3.775468000000000000e+06
1.188519999999999932e+01 3.160416000000000000e+06
1.154299999999999926e+01 3.171850000000000000e+06
1.130100000000000016e+01 3.129235000000000000e+06
1.167660000000000053e+01 1.662526000000000000e+06
1.185190000000000055e+01 3.095884000000000000e+06
1.176009999999999955e+01 2.050435000000000000e+06
1.177669999999999995e+01 3.611285000000000000e+06
1.186860000000000070e+01 2.603814000000000000e+06
1.182680000000000042e+01 2.822674000000000000e+06
1.201880000000000059e+01 2.451522000000000000e+06
1.192699999999999960e+01 3.264066000000000000e+06
1.199380000000000024e+01 4.707967000000000000e+06
1.149300000000000033e+01 3.257084000000000000e+06
1.158479999999999954e+01 2.226544000000000000e+06
1.156809999999999938e+01 2.127353000000000000e+06
1.146790000000000020e+01 1.973743000000000000e+06
1.136780000000000079e+01 3.347568000000000000e+06
1.138449999999999918e+01 3.686876000000000000e+06
1.094209999999999994e+01 2.471251000000000000e+06
1.059159999999999968e+01 2.544745000000000000e+06
1.014090000000000025e+01 2.219590000000000000e+06
9.857100000000000861e+00 2.412984000000000000e+06
9.840400000000000702e+00 2.780514000000000000e+06
1.026609999999999978e+01 3.072625000000000000e+06
9.973900000000000432e+00 2.469700000000000000e+06
9.765299999999999869e+00 2.752592000000000000e+06
9.531599999999999184e+00 2.828748000000000000e+06
9.189399999999999125e+00 2.597289000000000000e+06
9.740199999999999747e+00 6.588952000000000000e+06
1.030780000000000030e+01 4.183989000000000000e+06
1.007409999999999961e+01 2.002785000000000000e+06
1.021599999999999930e+01 2.467756000000000000e+06
1.023269999999999946e+01 1.747230000000000000e+06
1.011580000000000013e+01 5.179879000000000000e+06
1.006569999999999965e+01 2.873718000000000000e+06
1.019929999999999914e+01 3.411901000000000000e+06
1.014090000000000025e+01 3.921622000000000000e+06
1.064160000000000039e+01 3.002754000000000000e+06
1.080860000000000021e+01 2.156997000000000000e+06
1.102560000000000073e+01 1.800884000000000000e+06
1.121749999999999936e+01 1.440402000000000000e+06
1.120079999999999920e+01 2.175294000000000000e+06
1.133440000000000047e+01 2.431768000000000000e+06
1.106729999999999947e+01 2.391488000000000000e+06
1.137609999999999921e+01 2.502845000000000000e+06
1.134270000000000067e+01 3.281317000000000000e+06
1.130969999999999942e+01 5.073969000000000000e+06
1.111999999999999922e+01 2.356340000000000000e+06
1.101280000000000037e+01 2.268576000000000000e+06
1.099629999999999974e+01 1.914555000000000000e+06
1.070749999999999957e+01 2.358371000000000000e+06
1.049310000000000009e+01 2.067068000000000000e+06
1.046829999999999927e+01 3.146637000000000000e+06
1.024559999999999960e+01 3.178728000000000000e+06
1.051779999999999937e+01 3.606608000000000000e+06
1.038579999999999970e+01 2.275464000000000000e+06
1.031160000000000032e+01 2.595460000000000000e+06
1.015479999999999983e+01 2.462910000000000000e+06
1.030330000000000013e+01 3.871652000000000000e+06
1.051779999999999937e+01 5.722636000000000000e+06
1.092200000000000060e+01 2.283215000000000000e+06
1.086430000000000007e+01 2.272854000000000000e+06
1.082300000000000040e+01 3.578308000000000000e+06
1.079829999999999934e+01 3.715042000000000000e+06
1.069100000000000072e+01 3.581567000000000000e+06
1.084779999999999944e+01 3.711575000000000000e+06
1.126019999999999932e+01 2.607045000000000000e+06
1.127669999999999995e+01 4.678677000000000000e+06
1.111999999999999922e+01 3.602451000000000000e+06
1.151600000000000001e+01 3.459901000000000000e+06
1.126849999999999952e+01 2.320590000000000000e+06
1.109529999999999994e+01 2.606503000000000000e+06
1.128500000000000014e+01 4.659746000000000000e+06
1.094679999999999964e+01 3.332251000000000000e+06
1.093030000000000079e+01 3.982992000000000000e+06
1.068280000000000030e+01 4.949204000000000000e+06
1.055080000000000062e+01 2.271576000000000000e+06
1.048479999999999990e+01 2.251766000000000000e+06
1.046010000000000062e+01 2.117338000000000000e+06
1.047659999999999947e+01 4.035334000000000000e+06
1.024559999999999960e+01 5.170243000000000000e+06
1.002289999999999992e+01 3.575639000000000000e+06
9.750600000000000378e+00 3.143488000000000000e+06
9.569100000000000605e+00 5.037357000000000000e+06
9.577400000000000801e+00 2.990622000000000000e+06
9.437200000000000699e+00 4.037339000000000000e+06
9.635099999999999554e+00 2.629152000000000000e+06
9.610400000000000276e+00 4.524542000000000000e+06
9.874399999999999622e+00 3.852253000000000000e+06
9.874399999999999622e+00 4.705301000000000000e+06
9.824899999999999523e+00 3.257777000000000000e+06
9.742399999999999949e+00 2.278106000000000000e+06
9.866099999999999426e+00 2.132138000000000000e+06
9.808400000000000674e+00 2.640645000000000000e+06
1.020429999999999993e+01 2.955488000000000000e+06
1.024559999999999960e+01 2.819653000000000000e+06
1.024559999999999960e+01 9.364086000000000000e+06
9.849600000000000577e+00 3.678337000000000000e+06
9.635099999999999554e+00 3.423307000000000000e+06
9.519600000000000506e+00 5.592615000000000000e+06
9.659900000000000375e+00 5.542551000000000000e+06
9.874399999999999622e+00 3.278426000000000000e+06
9.618600000000000705e+00 5.461037000000000000e+06
9.239200000000000301e+00 2.781080000000000000e+06
9.156700000000000728e+00 3.474532000000000000e+06
9.395899999999999253e+00 4.002823000000000000e+06
9.404199999999999449e+00 3.683965000000000000e+06
9.296900000000000830e+00 3.145222000000000000e+06
8.983399999999999608e+00 3.759957000000000000e+06
8.894000000000000128e+00 5.382742000000000000e+06
8.804600000000000648e+00 4.662254000000000000e+06
8.609500000000000597e+00 3.253318000000000000e+06
8.666399999999999437e+00 3.027632000000000000e+06
8.365600000000000591e+00 2.762660000000000000e+06
8.324899999999999523e+00 2.903474000000000000e+06
8.422499999999999432e+00 2.575112000000000000e+06
8.064799999999999969e+00 2.503374000000000000e+06
8.235500000000000043e+00 3.029454000000000000e+06
8.056599999999999540e+00 4.335309000000000000e+06
7.853399999999999714e+00 3.381904000000000000e+06
7.422500000000000320e+00 4.381672000000000000e+06
6.837200000000000166e+00 3.718273000000000000e+06
6.950999999999999623e+00 5.344285000000000000e+06
6.910300000000000331e+00 1.018949700000000000e+07
7.268099999999999561e+00 3.613128000000000000e+06
7.731499999999999595e+00 3.490502000000000000e+06
7.755799999999999805e+00 3.440585000000000000e+06
7.463199999999999612e+00 3.704382000000000000e+06
7.121699999999999697e+00 4.552859000000000000e+06
7.568900000000000183e+00 4.179555000000000000e+06
7.772100000000000009e+00 5.873461000000000000e+06
7.341199999999999726e+00 5.005175000000000000e+06
7.698900000000000077e+00 7.304017000000000000e+06
7.682699999999999640e+00 3.971165000000000000e+06
7.211100000000000065e+00 5.801317000000000000e+06
7.511899999999999800e+00 5.801973000000000000e+06
7.446900000000000297e+00 4.435725000000000000e+06
7.292399999999999771e+00 7.800069000000000000e+06
7.121699999999999697e+00 5.302614000000000000e+06
7.316799999999999748e+00 6.395720000000000000e+06
7.642000000000000348e+00 5.327653000000000000e+06
7.658299999999999663e+00 5.927814000000000000e+06
8.137900000000000134e+00 4.644422000000000000e+06
8.129799999999999471e+00 5.127842000000000000e+06
8.276199999999999335e+00 7.169790000000000000e+06
8.349299999999999500e+00 6.119111000000000000e+06
8.885899999999999466e+00 5.080532000000000000e+06
9.219200000000000728e+00 5.980697000000000000e+06
9.349299999999999500e+00 7.240739000000000000e+06
9.308600000000000207e+00 2.631775000000000000e+06
9.211100000000000065e+00 3.204537000000000000e+06
9.341200000000000614e+00 4.835636000000000000e+06
9.316800000000000637e+00 9.365302000000000000e+06
1.025169999999999959e+01 1.909422000000000000e+06
9.877700000000000813e+00 1.150029200000000000e+07
9.511900000000000688e+00 7.401199000000000000e+06
9.593199999999999505e+00 3.757257000000000000e+06
9.690699999999999648e+00 1.297228900000000000e+07
1.014600000000000080e+01 5.703462000000000000e+06
1.038180000000000014e+01 7.846281000000000000e+06
1.004439999999999955e+01 3.823594000000000000e+06
9.885899999999999466e+00 4.373368000000000000e+06
1.004030000000000022e+01 5.474947000000000000e+06
1.006470000000000020e+01 4.388571000000000000e+06
9.544399999999999551e+00 3.540233000000000000e+06
9.528100000000000236e+00 3.097254000000000000e+06
9.690699999999999648e+00 3.763317000000000000e+06
9.788299999999999557e+00 3.626332000000000000e+06
9.544399999999999551e+00 4.800042000000000000e+06
9.739499999999999602e+00 5.222343000000000000e+06
9.827799999999999869e+00 4.723854000000000000e+06
9.554999999999999716e+00 5.966622000000000000e+06
9.442700000000000315e+00 6.759850000000000000e+05
9.410600000000000520e+00 1.470621000000000000e+06
9.522899999999999920e+00 4.028096000000000000e+06
9.547000000000000597e+00 5.254081000000000000e+06
9.506899999999999906e+00 7.120161000000000000e+06
9.386499999999999844e+00 6.968700000000000000e+06
9.659299999999999997e+00 2.368638000000000000e+06
9.538999999999999702e+00 2.191472000000000000e+06
9.611200000000000188e+00 3.678016000000000000e+06
9.643200000000000216e+00 3.754337000000000000e+06
9.819699999999999207e+00 4.548172000000000000e+06
1.003640000000000043e+01 2.600590000000000000e+06
1.020480000000000054e+01 3.286077000000000000e+06
1.038940000000000019e+01 2.206068000000000000e+06
1.063809999999999967e+01 2.481376000000000000e+06
1.061400000000000077e+01 3.038026000000000000e+06
1.075839999999999996e+01 3.982518000000000000e+06
1.075040000000000084e+01 4.316712000000000000e+06
1.081460000000000043e+01 2.363458000000000000e+06
1.058189999999999920e+01 2.088401000000000000e+06
1.062199999999999989e+01 3.052223000000000000e+06
1.107130000000000081e+01 3.507364000000000000e+06
1.075839999999999996e+01 4.673488000000000000e+06
1.083060000000000045e+01 3.931623000000000000e+06
1.087069999999999936e+01 6.200644000000000000e+06
1.039739999999999931e+01 7.367958000000000000e+06
1.034120000000000061e+01 5.371965000000000000e+06
1.015670000000000073e+01 5.913879000000000000e+06
9.843799999999999883e+00 6.179626000000000000e+06
9.835800000000000765e+00 3.073711000000000000e+06
9.651300000000000878e+00 3.922113000000000000e+06
9.442700000000000315e+00 5.383798000000000000e+06
9.522899999999999920e+00 5.282966000000000000e+06
9.530900000000000816e+00 3.388512000000000000e+06
9.595100000000000406e+00 6.033029000000000000e+06
9.707399999999999807e+00 5.464278000000000000e+06
9.611200000000000188e+00 8.565584000000000000e+06
9.330399999999999139e+00 5.169279000000000000e+06
9.210000000000000853e+00 5.702521000000000000e+06
8.856999999999999318e+00 7.013749000000000000e+06
8.792799999999999727e+00 1.104034800000000000e+07
9.017500000000000071e+00 9.979767000000000000e+06
9.330399999999999139e+00 8.504178000000000000e+06
9.755599999999999383e+00 5.093964000000000000e+06
9.980199999999999960e+00 4.674003000000000000e+06
1.002829999999999977e+01 4.376088000000000000e+06
1.000430000000000064e+01 3.997011000000000000e+06
9.948100000000000165e+00 3.926577000000000000e+06
1.014869999999999983e+01 4.151190000000000000e+06
1.015670000000000073e+01 9.403097000000000000e+06
1.006840000000000046e+01 5.278393000000000000e+06
1.014869999999999983e+01 7.558031000000000000e+06
9.923999999999999488e+00 4.440029000000000000e+06
9.980199999999999960e+00 4.123232000000000000e+06
9.988200000000000855e+00 7.487718000000000000e+06
1.014070000000000071e+01 5.694657000000000000e+06
9.859899999999999665e+00 4.643493000000000000e+06
9.867900000000000560e+00 5.676822000000000000e+06
9.579100000000000392e+00 3.019932000000000000e+06
9.747500000000000497e+00 3.555263000000000000e+06
9.755599999999999383e+00 3.843304000000000000e+06
9.779299999999999216e+00 3.658508000000000000e+06
1.012770000000000081e+01 5.772299000000000000e+06
1.033360000000000056e+01 2.634685000000000000e+06
1.029400000000000048e+01 4.580211000000000000e+06
9.913899999999999935e+00 4.831183000000000000e+06
9.533799999999999386e+00 9.032839000000000000e+06
1.034149999999999991e+01 7.450659000000000000e+06
1.099879999999999924e+01 2.829301000000000000e+06
1.113339999999999996e+01 3.007665000000000000e+06
1.157680000000000042e+01 1.921647000000000000e+06
1.169560000000000066e+01 2.603689000000000000e+06
1.174310000000000009e+01 3.502979000000000000e+06
1.168769999999999953e+01 4.360301000000000000e+06
1.171139999999999937e+01 3.443567000000000000e+06
1.212320000000000064e+01 2.995734000000000000e+06
1.218650000000000055e+01 2.697594000000000000e+06
1.259830000000000005e+01 1.713108000000000000e+06
1.236069999999999958e+01 2.263907000000000000e+06
1.217070000000000007e+01 3.549583000000000000e+06
1.236069999999999958e+01 2.445369000000000000e+06
1.233699999999999974e+01 1.749373000000000000e+06
1.240029999999999966e+01 2.109996000000000000e+06
1.243200000000000038e+01 2.987248000000000000e+06
1.229739999999999966e+01 2.955214000000000000e+06
1.248739999999999917e+01 2.008183000000000000e+06
1.253490000000000038e+01 2.272992000000000000e+06
1.244780000000000086e+01 2.518530000000000000e+06
1.284379999999999988e+01 2.282239000000000000e+06
1.297840000000000060e+01 2.610848000000000000e+06
1.285169999999999924e+01 3.441288000000000000e+06
1.314470000000000027e+01 3.615854000000000000e+06
1.300210000000000043e+01 4.692554000000000000e+06
1.335060000000000002e+01 3.114756000000000000e+06
1.320010000000000083e+01 3.180562000000000000e+06
1.311299999999999955e+01 4.133519000000000000e+06
1.300210000000000043e+01 8.538103000000000000e+06
1.453829999999999956e+01 2.258746000000000000e+06
1.454620000000000068e+01 2.492940000000000000e+06
1.467290000000000028e+01 1.422322000000000000e+06
1.470459999999999923e+01 1.865451000000000000e+06
1.502139999999999986e+01 2.724954000000000000e+06
1.473629999999999995e+01 2.253678000000000000e+06
1.460960000000000036e+01 1.941471000000000000e+06
1.460960000000000036e+01 2.452605000000000000e+06
1.441949999999999932e+01 1.641632000000000000e+06
1.434040000000000070e+01 1.975671000000000000e+06
1.460169999999999924e+01 3.702122000000000000e+06
1.469270000000000032e+01 1.487690000000000000e+06
1.491050000000000075e+01 2.881345000000000000e+06
1.512429999999999986e+01 1.635551000000000000e+06
1.509259999999999913e+01 1.546264000000000000e+06
1.498969999999999914e+01 5.057832000000000000e+06
1.503320000000000078e+01 2.723891000000000000e+06
1.475999999999999979e+01 2.300645000000000000e+06
1.515600000000000058e+01 1.887736000000000000e+06
1.511640000000000050e+01 1.381641000000000000e+06
1.538560000000000016e+01 9.723120000000000000e+05
1.546480000000000032e+01 1.745192000000000000e+06
1.536180000000000057e+01 1.741554000000000000e+06
1.496589999999999954e+01 1.779443000000000000e+06
1.509259999999999913e+01 1.276347000000000000e+06
1.511640000000000050e+01 1.449331000000000000e+06
1.509259999999999913e+01 1.638129000000000000e+06
1.539349999999999952e+01 1.496264000000000000e+06
1.522070000000000078e+01 2.236456000000000000e+06
1.518929999999999936e+01 1.257553000000000000e+06
1.513429999999999964e+01 1.854960000000000000e+06
1.515010000000000012e+01 1.390198000000000000e+06
1.521289999999999942e+01 1.625358000000000000e+06
1.502439999999999998e+01 2.441408000000000000e+06
1.518149999999999977e+01 1.273674000000000000e+06
1.527570000000000050e+01 2.003130000000000000e+06
1.518929999999999936e+01 1.788827000000000000e+06
1.516580000000000084e+01 3.048606000000000000e+06
1.496940000000000026e+01 2.606585000000000000e+06
1.504800000000000004e+01 2.791140000000000000e+06
1.557419999999999938e+01 3.173318000000000000e+06
1.554269999999999996e+01 2.002389000000000000e+06
1.580189999999999984e+01 1.283463000000000000e+06
1.568410000000000082e+01 3.269881000000000000e+06
1.572339999999999982e+01 1.442255000000000000e+06
1.553490000000000038e+01 1.753565000000000000e+06
1.537780000000000058e+01 1.883639000000000000e+06
1.537780000000000058e+01 2.989339000000000000e+06
1.542489999999999917e+01 1.913619000000000000e+06
1.550350000000000072e+01 2.618453000000000000e+06
1.534639999999999915e+01 2.319491000000000000e+06
1.547990000000000066e+01 1.755813000000000000e+06
1.562909999999999933e+01 2.135871000000000000e+06
1.558990000000000009e+01 1.487952000000000000e+06
1.592759999999999998e+01 1.790384000000000000e+06
1.609250000000000114e+01 1.883471000000000000e+06
1.618680000000000163e+01 2.812837000000000000e+06
1.612389999999999901e+01 2.664510000000000000e+06
1.609250000000000114e+01 1.566051000000000000e+06
1.565269999999999939e+01 1.922822000000000000e+06
1.593539999999999957e+01 2.021057000000000000e+06
1.597470000000000034e+01 1.644465000000000000e+06
1.601399999999999935e+01 1.517674000000000000e+06
1.604540000000000077e+01 1.251305000000000000e+06
1.591189999999999927e+01 1.910766000000000000e+06
1.597470000000000034e+01 2.456847000000000000e+06
1.590399999999999991e+01 1.793076000000000000e+06
1.579410000000000025e+01 1.593250000000000000e+06
1.595899999999999963e+01 1.347582000000000000e+06
1.599039999999999928e+01 1.849372000000000000e+06
1.589620000000000033e+01 2.074275000000000000e+06
1.596679999999999922e+01 3.828183000000000000e+06
1.577050000000000018e+01 2.021002000000000000e+06
1.583329999999999949e+01 1.749064000000000000e+06
1.583329999999999949e+01 1.710428000000000000e+06
1.596679999999999922e+01 2.999606000000000000e+06
1.625740000000000052e+01 1.757346000000000000e+06
1.629670000000000130e+01 2.750105000000000000e+06
1.625740000000000052e+01 4.797564000000000000e+06
1.623389999999999844e+01 2.907554000000000000e+06
1.575479999999999947e+01 1.887751000000000000e+06
1.579410000000000025e+01 2.691388000000000000e+06
1.544059999999999988e+01 2.566837000000000000e+06
1.514220000000000077e+01 3.043634000000000000e+06
1.534639999999999915e+01 2.605666000000000000e+06
1.504800000000000004e+01 3.948114000000000000e+06
1.521289999999999942e+01 4.398944000000000000e+06
1.538569999999999993e+01 2.075723000000000000e+06
1.542489999999999917e+01 2.117156000000000000e+06
1.569979999999999976e+01 1.830410000000000000e+06
1.571550000000000047e+01 3.011930000000000000e+06
1.562199999999999989e+01 4.902313000000000000e+06
1.520129999999999981e+01 1.089582300000000000e+07
1.667389999999999972e+01 2.271775000000000000e+06
1.702449999999999974e+01 1.742617000000000000e+06
1.690759999999999863e+01 2.443935000000000000e+06
1.689199999999999946e+01 1.657127000000000000e+06
1.699330000000000140e+01 1.290575000000000000e+06
1.692320000000000135e+01 1.670522000000000000e+06
1.687650000000000006e+01 1.418279000000000000e+06
1.686870000000000047e+01 1.882322000000000000e+06
1.712580000000000169e+01 3.000023000000000000e+06
1.742970000000000041e+01 2.490613000000000000e+06
1.730499999999999972e+01 2.427991000000000000e+06
1.710239999999999938e+01 1.928712000000000000e+06
1.688429999999999964e+01 1.598800000000000000e+06
1.680630000000000024e+01 2.107723000000000000e+06
1.663489999999999824e+01 1.764050000000000000e+06
1.660379999999999967e+01 2.165708000000000000e+06
1.636220000000000141e+01 2.554434000000000000e+06
1.642460000000000164e+01 2.543134000000000000e+06
1.562199999999999989e+01 3.120747000000000000e+06
1.538049999999999962e+01 4.173880000000000000e+06
1.519350000000000023e+01 5.054293000000000000e+06
1.517009999999999970e+01 2.721528000000000000e+06
1.542719999999999914e+01 3.047923000000000000e+06
1.523249999999999993e+01 2.113521000000000000e+06
1.517009999999999970e+01 2.134458000000000000e+06
1.534149999999999991e+01 2.551708000000000000e+06
1.555189999999999984e+01 3.084051000000000000e+06
1.532600000000000051e+01 1.791675000000000000e+06
1.569989999999999952e+01 1.804628000000000000e+06
1.566879999999999917e+01 1.608205000000000000e+06
1.569219999999999970e+01 1.753463000000000000e+06
1.575450000000000017e+01 2.188825000000000000e+06
1.571550000000000047e+01 1.431640000000000000e+06
1.600379999999999825e+01 1.629940000000000000e+06
1.605059999999999931e+01 3.124252000000000000e+06
1.629990000000000094e+01 2.889334000000000000e+06
1.628430000000000177e+01 1.419926000000000000e+06
1.644010000000000105e+01 1.102299000000000000e+06
1.700110000000000099e+01 9.425870000000000000e+05
1.683749999999999858e+01 1.057798000000000000e+06
1.712969999999999970e+01 1.645233000000000000e+06
1.701670000000000016e+01 1.055440000000000000e+06
1.711019999999999897e+01 8.362800000000000000e+05
1.727380000000000138e+01 6.169050000000000000e+05
1.741410000000000124e+01 1.288767000000000000e+06
1.758549999999999969e+01 2.311778000000000000e+06
1.741410000000000124e+01 7.128021000000000000e+06
1.675179999999999936e+01 1.684515000000000000e+06
1.656480000000000175e+01 1.731681000000000000e+06
1.626869999999999905e+01 2.667813000000000000e+06
1.641679999999999851e+01 1.978560000000000000e+06
1.622980000000000089e+01 1.542726000000000000e+06
1.674399999999999977e+01 4.588901000000000000e+06
1.658040000000000092e+01 2.887488000000000000e+06
1.674399999999999977e+01 2.398485000000000000e+06
1.658820000000000050e+01 2.183500000000000000e+06
1.636220000000000141e+01 2.982823000000000000e+06
1.622200000000000131e+01 1.446810000000000000e+06
1.628430000000000177e+01 2.045715000000000000e+06
1.622240000000000038e+01 1.333695000000000000e+06
1.617599999999999838e+01 2.833376000000000000e+06
1.621470000000000056e+01 6.324260000000000000e+05
1.617599999999999838e+01 1.734105000000000000e+06
1.620690000000000097e+01 2.540107000000000000e+06
1.619920000000000115e+01 2.107232000000000000e+06
1.638489999999999824e+01 2.867071000000000000e+06
1.601350000000000051e+01 2.741860000000000000e+06
1.602130000000000010e+01 1.031334000000000000e+06
1.614509999999999934e+01 1.472078000000000000e+06
1.609860000000000113e+01 1.436762000000000000e+06
1.578919999999999924e+01 2.158055000000000000e+06
1.607539999999999836e+01 2.629723000000000000e+06
1.557259999999999955e+01 2.179877000000000000e+06
1.570410000000000039e+01 1.819417000000000000e+06
1.562669999999999959e+01 2.319392000000000000e+06
1.563449999999999918e+01 2.476343000000000000e+06
1.554940000000000033e+01 2.726273000000000000e+06
1.517810000000000059e+01 3.538759000000000000e+06
1.505429999999999957e+01 2.013661000000000000e+06
1.547199999999999953e+01 2.863163000000000000e+06
1.530180000000000007e+01 3.215094000000000000e+06
1.508520000000000039e+01 1.859731000000000000e+06
1.489959999999999951e+01 1.961049000000000000e+06
1.472940000000000005e+01 1.842489000000000000e+06
1.457460000000000022e+01 1.602448000000000000e+06
1.462110000000000021e+01 1.436577000000000000e+06
1.447409999999999997e+01 2.624968000000000000e+06
1.433479999999999954e+01 4.271022000000000000e+06
1.453599999999999959e+01 3.410493000000000000e+06
1.441990000000000016e+01 2.515974000000000000e+06
1.439669999999999916e+01 4.878778000000000000e+06
1.364630000000000010e+01 3.868309000000000000e+06
1.347610000000000063e+01 3.793116000000000000e+06
1.351479999999999926e+01 3.239694000000000000e+06
1.338330000000000020e+01 3.456579000000000000e+06
1.324789999999999957e+01 4.295154000000000000e+06
1.335239999999999938e+01 3.039139000000000000e+06
1.341419999999999924e+01 4.953239000000000000e+06
1.338330000000000020e+01 2.698982000000000000e+06
1.359220000000000006e+01 3.435225000000000000e+06
1.348390000000000022e+01 1.739285000000000000e+06
1.346069999999999922e+01 1.741525000000000000e+06
1.349160000000000004e+01 2.330367000000000000e+06
1.370049999999999990e+01 1.678906000000000000e+06
1.365409999999999968e+01 1.386657000000000000e+06
1.367730000000000068e+01 9.562000000000000000e+05
1.371599999999999930e+01 1.494510000000000000e+06
1.385519999999999996e+01 1.947687000000000000e+06
1.361539999999999928e+01 1.776000000000000000e+06
1.378560000000000052e+01 1.560000000000000000e+06
1.381649999999999956e+01 2.140300000000000000e+06
1.380879999999999974e+01 1.817400000000000000e+06
1.378560000000000052e+01 1.182700000000000000e+06
1.353800000000000026e+01 9.815000000000000000e+05
1.342970000000000041e+01 1.394400000000000000e+06
1.363090000000000046e+01 1.343100000000000000e+06
1.350709999999999944e+01 1.300400000000000000e+06
1.342200000000000060e+01 1.206100000000000000e+06
1.340659999999999918e+01 1.588800000000000000e+06
1.356770000000000032e+01 1.883300000000000000e+06
1.364439999999999920e+01 2.305200000000000000e+06
1.377480000000000082e+01 1.609900000000000000e+06
1.379010000000000069e+01 1.309400000000000000e+06
1.379010000000000069e+01 1.560700000000000000e+06
1.375949999999999918e+01 1.990200000000000000e+06
1.359070000000000000e+01 9.112000000000000000e+05
1.358300000000000018e+01 8.402000000000000000e+05
1.350639999999999930e+01 9.170000000000000000e+05
1.352169999999999916e+01 7.696000000000000000e+05
1.338359999999999950e+01 1.062000000000000000e+06
1.339129999999999932e+01 1.167200000000000000e+06
1.342200000000000060e+01 1.279200000000000000e+06
1.328389999999999915e+01 1.413900000000000000e+06
1.332990000000000030e+01 2.932800000000000000e+06
1.305380000000000074e+01 1.595100000000000000e+06
1.315349999999999930e+01 1.448200000000000000e+06
1.316890000000000072e+01 9.409000000000000000e+05
1.311519999999999975e+01 1.166900000000000000e+06
1.311519999999999975e+01 1.096300000000000000e+06
1.325329999999999941e+01 3.591800000000000000e+06
1.293110000000000070e+01 1.392800000000000000e+06
1.303079999999999927e+01 2.538600000000000000e+06
1.300019999999999953e+01 2.083500000000000000e+06
1.316890000000000072e+01 1.700400000000000000e+06
1.329930000000000057e+01 1.832500000000000000e+06
1.319190000000000040e+01 3.568000000000000000e+06
1.348329999999999984e+01 3.032300000000000000e+06
1.357540000000000013e+01 3.500400000000000000e+06
1.379780000000000051e+01 2.900400000000000000e+06
1.370579999999999998e+01 1.967600000000000000e+06
1.378250000000000064e+01 2.131800000000000000e+06
1.379010000000000069e+01 1.414400000000000000e+06
1.378250000000000064e+01 1.774500000000000000e+06
1.369810000000000016e+01 2.268500000000000000e+06
1.356770000000000032e+01 2.191700000000000000e+06
1.357540000000000013e+01 2.805800000000000000e+06
1.366740000000000066e+01 3.180600000000000000e+06
1.357540000000000013e+01 3.716200000000000000e+06
1.380550000000000033e+01 2.796700000000000000e+06
1.372109999999999985e+01 6.752700000000000000e+06
1.363669999999999938e+01 2.692500000000000000e+06
1.359070000000000000e+01 2.496900000000000000e+06
1.349869999999999948e+01 4.540600000000000000e+06
1.353700000000000081e+01 1.747300000000000000e+06
1.357540000000000013e+01 1.953700000000000000e+06
1.362909999999999933e+01 2.509900000000000000e+06
1.363059999999999938e+01 2.274000000000000000e+06
1.358300000000000018e+01 2.023700000000000000e+06
1.368280000000000030e+01 4.649500000000000000e+06
1.355240000000000045e+01 9.317000000000000000e+05
1.350639999999999930e+01 5.173500000000000000e+06
1.354090000000000060e+01 2.609200000000000000e+06
1.356000000000000050e+01 4.460000000000000000e+06
1.339129999999999932e+01 3.907900000000000000e+06
1.318420000000000059e+01 3.754000000000000000e+06
1.308450000000000024e+01 2.268100000000000000e+06
1.291580000000000084e+01 1.268800000000000000e+06
1.286979999999999968e+01 8.049000000000000000e+05
1.278539999999999921e+01 1.485600000000000000e+06
1.283910000000000018e+01 2.336400000000000000e+06
1.294650000000000034e+01 1.857100000000000000e+06
1.288509999999999955e+01 3.441800000000000000e+06
1.289279999999999937e+01 3.169300000000000000e+06
1.278539999999999921e+01 1.622700000000000000e+06
1.278539999999999921e+01 4.582400000000000000e+06
1.218720000000000070e+01 3.231500000000000000e+06
1.202759999999999962e+01 3.483500000000000000e+06
1.201239999999999952e+01 2.986800000000000000e+06
1.200479999999999947e+01 5.261300000000000000e+06
1.191360000000000063e+01 3.463400000000000000e+06
1.191360000000000063e+01 4.219100000000000000e+06
1.214160000000000039e+01 1.726900000000000000e+06
1.221000000000000085e+01 2.826400000000000000e+06
1.213400000000000034e+01 2.128900000000000000e+06
1.210360000000000014e+01 1.743600000000000000e+06
1.211120000000000019e+01 9.754800000000000000e+06
1.217200000000000060e+01 4.532400000000000000e+06
1.205039999999999978e+01 2.786900000000000000e+06
1.195919999999999916e+01 4.919000000000000000e+06
1.195919999999999916e+01 4.577500000000000000e+06
1.204279999999999973e+01 8.292000000000000000e+06
1.211880000000000024e+01 6.980100000000000000e+06
1.236950000000000038e+01 2.797000000000000000e+06
1.249869999999999948e+01 5.668200000000000000e+06
1.261260000000000048e+01 5.692900000000000000e+06
1.241510000000000069e+01 1.430920000000000000e+07
1.277219999999999978e+01 3.978400000000000000e+06
1.287860000000000049e+01 2.995000000000000000e+06
1.291660000000000075e+01 3.650100000000000000e+06
1.257469999999999999e+01 2.674620000000000000e+07
1.267340000000000089e+01 6.485000000000000000e+05
1.266580000000000084e+01 1.187900000000000000e+06
1.283300000000000018e+01 1.086500000000000000e+06
1.263540000000000063e+01 3.689000000000000000e+05
1.274939999999999962e+01 1.608900000000000000e+06
1.276459999999999972e+01 5.767000000000000000e+05
1.277979999999999983e+01 4.443000000000000000e+05
1.290900000000000070e+01 9.511000000000000000e+05
