8.400000000000000355e+00 3.304133200000000000e+07
9.550000000000000711e+00 3.179065600000000000e+07
1.096000000000000085e+01 3.503541300000000000e+07
1.067999999999999972e+01 3.281778400000000000e+07
1.201999999999999957e+01 4.411856600000000000e+07
1.571000000000000085e+01 5.111738800000000000e+07
1.696000000000000085e+01 4.760775300000000000e+07
1.375000000000000000e+01 4.653662400000000000e+07
9.669999999999999929e+00 2.706687000000000000e+07
8.720000000000000639e+00 2.743245900000000000e+07
8.230000000000000426e+00 1.651999500000000000e+07
7.769999999999999574e+00 2.396269500000000000e+07
1.002999999999999936e+01 2.522357100000000000e+07
1.093999999999999950e+01 3.586250700000000000e+07
1.109999999999999964e+01 4.335864500000000000e+07
9.650000000000000355e+00 2.938491400000000000e+07
1.502999999999999936e+01 2.162958800000000000e+07
2.050000000000000000e+01 2.169787700000000000e+07
1.980999999999999872e+01 1.207132400000000000e+07
2.710000000000000142e+01 1.239752600000000000e+07
2.858999999999999986e+01 8.770901000000000000e+06
3.300000000000000000e+01 7.153528000000000000e+06
3.361999999999999744e+01 5.700187000000000000e+06
3.559000000000000341e+01 7.309227000000000000e+06
3.725999999999999801e+01 9.192233000000000000e+06
3.474000000000000199e+01 1.049754100000000000e+07
3.621000000000000085e+01 8.127562000000000000e+06
3.931000000000000227e+01 5.897516000000000000e+06
4.257999999999999829e+01 6.493958000000000000e+06
4.696999999999999886e+01 4.549879000000000000e+06
4.850999999999999801e+01 5.620595000000000000e+06
5.202000000000000313e+01 2.284544000000000000e+06
5.168999999999999773e+01 2.179284000000000000e+06
5.246000000000000085e+01 2.042059000000000000e+06
5.342999999999999972e+01 2.241068000000000000e+06
5.421000000000000085e+01 1.982931000000000000e+06
5.249000000000000199e+01 2.002836000000000000e+06
5.100000000000000000e+01 2.534138000000000000e+06
5.281000000000000227e+01 2.369945000000000000e+06
5.510000000000000142e+01 1.596514000000000000e+06
5.510999999999999943e+01 2.200240000000000000e+06
5.475000000000000000e+01 1.983435000000000000e+06
5.418999999999999773e+01 2.456112000000000000e+06
5.385000000000000142e+01 2.145794000000000000e+06
5.479999999999999716e+01 3.359660000000000000e+06
5.602000000000000313e+01 1.430406000000000000e+06
5.500000000000000000e+01 1.484689000000000000e+06
5.415999999999999659e+01 2.779155000000000000e+06
5.584000000000000341e+01 2.244358000000000000e+06
5.821999999999999886e+01 1.323786000000000000e+06
5.763000000000000256e+01 3.227221000000000000e+06
5.795000000000000284e+01 2.251649000000000000e+06
5.964999999999999858e+01 1.701083000000000000e+06
5.857999999999999829e+01 1.305271000000000000e+06
5.753999999999999915e+01 1.212363000000000000e+06
5.789999999999999858e+01 1.147389000000000000e+06
5.784000000000000341e+01 1.357167000000000000e+06
5.796000000000000085e+01 1.051871000000000000e+06
5.806000000000000227e+01 7.828860000000000000e+05
5.757000000000000028e+01 1.187340000000000000e+06
5.696999999999999886e+01 1.630141000000000000e+06
5.679999999999999716e+01 2.302474000000000000e+06
5.760000000000000142e+01 1.611803000000000000e+06
5.882999999999999829e+01 9.777030000000000000e+05
5.840999999999999659e+01 9.405890000000000000e+05
5.859000000000000341e+01 6.096650000000000000e+05
5.910999999999999943e+01 8.425630000000000000e+05
5.910999999999999943e+01 9.093790000000000000e+05
5.838000000000000256e+01 4.970760000000000000e+05
5.850999999999999801e+01 1.972219000000000000e+06
5.756000000000000227e+01 2.974808000000000000e+06
5.534000000000000341e+01 2.071761000000000000e+06
5.482999999999999829e+01 1.594037000000000000e+06
5.527000000000000313e+01 1.470300000000000000e+06
5.521999999999999886e+01 1.468211000000000000e+06
5.578000000000000114e+01 1.057735000000000000e+06
5.613000000000000256e+01 1.403375000000000000e+06
5.540999999999999659e+01 1.249740000000000000e+06
5.478000000000000114e+01 9.068100000000000000e+05
5.485999999999999943e+01 8.133250000000000000e+05
5.471000000000000085e+01 1.313991000000000000e+06
5.425000000000000000e+01 1.159504000000000000e+06
5.360999999999999943e+01 1.256908000000000000e+06
5.285999999999999943e+01 1.696263000000000000e+06
5.314999999999999858e+01 1.197151000000000000e+06
5.364000000000000057e+01 6.066450000000000000e+05
5.464000000000000057e+01 1.075347000000000000e+06
5.392999999999999972e+01 2.092096000000000000e+06
5.396999999999999886e+01 1.149116000000000000e+06
5.400999999999999801e+01 1.673968000000000000e+06
5.342000000000000171e+01 3.274037000000000000e+06
5.278000000000000114e+01 2.196521000000000000e+06
5.365999999999999659e+01 1.912905000000000000e+06
5.349000000000000199e+01 1.242669000000000000e+06
5.306000000000000227e+01 1.558074000000000000e+06
5.240999999999999659e+01 1.291055000000000000e+06
5.211999999999999744e+01 1.494231000000000000e+06
5.125999999999999801e+01 1.694740000000000000e+06
5.192000000000000171e+01 1.092794000000000000e+06
5.182000000000000028e+01 1.944996000000000000e+06
5.221999999999999886e+01 3.222045000000000000e+06
5.206000000000000227e+01 2.765007000000000000e+06
5.249000000000000199e+01 2.521150000000000000e+06
5.228999999999999915e+01 1.231111000000000000e+06
5.132999999999999829e+01 1.394874000000000000e+06
5.075999999999999801e+01 1.747047000000000000e+06
5.118999999999999773e+01 3.024585000000000000e+06
5.261999999999999744e+01 1.825267000000000000e+06
5.189000000000000057e+01 1.084165000000000000e+06
5.146999999999999886e+01 9.284590000000000000e+05
5.096999999999999886e+01 1.367391000000000000e+06
5.068999999999999773e+01 8.780830000000000000e+05
4.996999999999999886e+01 9.122180000000000000e+05
5.095000000000000284e+01 2.047871000000000000e+06
5.021000000000000085e+01 1.498530000000000000e+06
4.978000000000000114e+01 1.363453000000000000e+06
4.932999999999999829e+01 8.961330000000000000e+05
4.960999999999999943e+01 1.250870000000000000e+06
4.932999999999999829e+01 7.391150000000000000e+05
4.915999999999999659e+01 1.052871000000000000e+06
4.809000000000000341e+01 1.160072000000000000e+06
4.721000000000000085e+01 1.307092000000000000e+06
4.717000000000000171e+01 1.411575000000000000e+06
4.856000000000000227e+01 1.185917000000000000e+06
4.843999999999999773e+01 2.519649000000000000e+06
4.814000000000000057e+01 3.425103000000000000e+06
4.914000000000000057e+01 2.132081000000000000e+06
5.075999999999999801e+01 1.249013000000000000e+06
5.177000000000000313e+01 1.143608000000000000e+06
5.102000000000000313e+01 1.296978000000000000e+06
5.125999999999999801e+01 1.664303000000000000e+06
5.329999999999999716e+01 1.297410000000000000e+06
5.310999999999999943e+01 1.634253000000000000e+06
5.350999999999999801e+01 1.460610000000000000e+06
5.367000000000000171e+01 1.728785000000000000e+06
5.377000000000000313e+01 1.408180000000000000e+06
5.388000000000000256e+01 1.747742000000000000e+06
5.396000000000000085e+01 1.688714000000000000e+06
5.334000000000000341e+01 2.268036000000000000e+06
5.467999999999999972e+01 1.547397000000000000e+06
5.442000000000000171e+01 1.577001000000000000e+06
5.460000000000000142e+01 1.472372000000000000e+06
5.467000000000000171e+01 3.031158000000000000e+06
5.293999999999999773e+01 2.027278000000000000e+06
5.211999999999999744e+01 1.558415000000000000e+06
5.231000000000000227e+01 1.981552000000000000e+06
5.103999999999999915e+01 1.203962000000000000e+06
5.057999999999999829e+01 1.904909000000000000e+06
5.075000000000000000e+01 2.611533000000000000e+06
5.022999999999999687e+01 1.088179000000000000e+06
4.957000000000000028e+01 1.285557000000000000e+06
4.909000000000000341e+01 2.507961000000000000e+06
4.947999999999999687e+01 1.495097000000000000e+06
4.971999999999999886e+01 2.825711000000000000e+06
5.050000000000000000e+01 1.687555000000000000e+06
5.089999999999999858e+01 1.241296000000000000e+06
5.097999999999999687e+01 1.537332000000000000e+06
5.135000000000000142e+01 2.112962000000000000e+06
5.047999999999999687e+01 1.958869000000000000e+06
4.910999999999999943e+01 2.027318000000000000e+06
4.890999999999999659e+01 3.365580000000000000e+06
5.043999999999999773e+01 3.279326000000000000e+06
4.935999999999999943e+01 4.636455000000000000e+06
4.965999999999999659e+01 3.798671000000000000e+06
4.860000000000000142e+01 4.443775000000000000e+06
4.764000000000000057e+01 4.154661000000000000e+06
4.692000000000000171e+01 2.884567000000000000e+06
4.604999999999999716e+01 2.309137000000000000e+06
4.745000000000000284e+01 2.341175000000000000e+06
4.857000000000000028e+01 3.272258000000000000e+06
4.943999999999999773e+01 3.470715000000000000e+06
4.850000000000000000e+01 1.604498000000000000e+06
4.910000000000000142e+01 9.498120000000000000e+05
4.903999999999999915e+01 1.191829000000000000e+06
4.875999999999999801e+01 2.010385000000000000e+06
4.946000000000000085e+01 3.016815000000000000e+06
4.845000000000000284e+01 3.248491000000000000e+06
4.792000000000000171e+01 3.108351000000000000e+06
4.860000000000000142e+01 1.509128000000000000e+06
4.928000000000000114e+01 1.097618000000000000e+06
4.939999999999999858e+01 1.861798000000000000e+06
5.082000000000000028e+01 2.962273000000000000e+06
5.035999999999999943e+01 1.393120000000000000e+06
4.978999999999999915e+01 1.249594000000000000e+06
4.961999999999999744e+01 2.445996000000000000e+06
4.964999999999999858e+01 3.089152000000000000e+06
5.075999999999999801e+01 2.464502000000000000e+06
5.025000000000000000e+01 2.458113000000000000e+06
5.195000000000000284e+01 1.347153000000000000e+06
5.275999999999999801e+01 1.739384000000000000e+06
5.372999999999999687e+01 1.841160000000000000e+06
5.282000000000000028e+01 2.565794000000000000e+06
5.363000000000000256e+01 3.881138000000000000e+06
5.184000000000000341e+01 1.531539000000000000e+06
5.040999999999999659e+01 1.624229000000000000e+06
5.085999999999999943e+01 2.241056000000000000e+06
5.082999999999999829e+01 3.243317000000000000e+06
5.110999999999999943e+01 3.530085000000000000e+06
5.256000000000000227e+01 3.373470000000000000e+06
5.390999999999999659e+01 1.022137000000000000e+06
5.375000000000000000e+01 2.019666000000000000e+06
5.303999999999999915e+01 1.790220000000000000e+06
5.428000000000000114e+01 1.634445000000000000e+06
5.371999999999999886e+01 1.288193000000000000e+06
5.384000000000000341e+01 1.270675000000000000e+06
5.359000000000000341e+01 1.775643000000000000e+06
5.382999999999999829e+01 2.294692000000000000e+06
5.259000000000000341e+01 2.569950000000000000e+06
5.193999999999999773e+01 3.791334000000000000e+06
5.238000000000000256e+01 6.167190000000000000e+06
5.425999999999999801e+01 5.897037000000000000e+06
5.429999999999999716e+01 1.790723000000000000e+06
5.471000000000000085e+01 1.002136000000000000e+06
5.515999999999999659e+01 7.116220000000000000e+05
5.465999999999999659e+01 1.888401000000000000e+06
5.521999999999999886e+01 1.258764000000000000e+06
5.538000000000000256e+01 1.175756000000000000e+06
5.554999999999999716e+01 1.444391000000000000e+06
5.681000000000000227e+01 1.133613000000000000e+06
5.677000000000000313e+01 2.098229000000000000e+06
5.589000000000000057e+01 1.492221000000000000e+06
5.692000000000000171e+01 1.255442000000000000e+06
5.754999999999999716e+01 1.262165000000000000e+06
5.672999999999999687e+01 1.511040000000000000e+06
5.629999999999999716e+01 2.938552000000000000e+06
5.528999999999999915e+01 3.309346000000000000e+06
5.789999999999999858e+01 2.560050000000000000e+06
5.759000000000000341e+01 3.546821000000000000e+06
5.734000000000000341e+01 2.909089000000000000e+06
5.718999999999999773e+01 1.733290000000000000e+06
5.828999999999999915e+01 1.942346000000000000e+06
5.825000000000000000e+01 2.403077000000000000e+06
5.689999999999999858e+01 2.163563000000000000e+06
5.800000000000000000e+01 3.898718000000000000e+06
5.639000000000000057e+01 2.274484000000000000e+06
5.707999999999999829e+01 1.389685000000000000e+06
5.727000000000000313e+01 1.469580000000000000e+06
5.679999999999999716e+01 1.518392000000000000e+06
5.697999999999999687e+01 1.627521000000000000e+06
5.729999999999999716e+01 1.569553000000000000e+06
5.660000000000000142e+01 9.885020000000000000e+05
5.692000000000000171e+01 2.784603000000000000e+06
5.784000000000000341e+01 2.661842000000000000e+06
5.956000000000000227e+01 1.559094000000000000e+06
5.867000000000000171e+01 2.460503000000000000e+06
5.860000000000000142e+01 2.154227000000000000e+06
5.747999999999999687e+01 1.906620000000000000e+06
5.650000000000000000e+01 1.292949000000000000e+06
5.588000000000000256e+01 1.569073000000000000e+06
5.728999999999999915e+01 2.000891000000000000e+06
5.713000000000000256e+01 1.469942000000000000e+06
5.672999999999999687e+01 1.175262000000000000e+06
5.675999999999999801e+01 1.016938000000000000e+06
5.650000000000000000e+01 1.320972000000000000e+06
5.610999999999999943e+01 1.708296000000000000e+06
5.496000000000000085e+01 2.577917000000000000e+06
5.432999999999999829e+01 1.777409000000000000e+06
5.393999999999999773e+01 2.322293000000000000e+06
5.447999999999999687e+01 3.147931000000000000e+06
5.517000000000000171e+01 1.977577000000000000e+06
5.561999999999999744e+01 2.998301000000000000e+06
5.650000000000000000e+01 1.502348000000000000e+06
5.586999999999999744e+01 2.655986000000000000e+06
5.610999999999999943e+01 1.717774000000000000e+06
5.615999999999999659e+01 1.337259000000000000e+06
5.554999999999999716e+01 2.326464000000000000e+06
5.515999999999999659e+01 1.550093000000000000e+06
5.507999999999999829e+01 1.646155000000000000e+06
5.535000000000000142e+01 1.685406000000000000e+06
5.546000000000000085e+01 2.049677000000000000e+06
5.500999999999999801e+01 1.857635000000000000e+06
5.465999999999999659e+01 2.682935000000000000e+06
5.511999999999999744e+01 2.545343000000000000e+06
5.545000000000000284e+01 2.581708000000000000e+06
5.460000000000000142e+01 1.790028000000000000e+06
5.527000000000000313e+01 1.663734000000000000e+06
5.553000000000000114e+01 3.249832000000000000e+06
5.492000000000000171e+01 3.125522000000000000e+06
5.557000000000000028e+01 3.056251000000000000e+06
5.593999999999999773e+01 3.708777000000000000e+06
5.535000000000000142e+01 3.815278000000000000e+06
5.552000000000000313e+01 3.847619000000000000e+06
5.370000000000000284e+01 2.155595000000000000e+06
5.338000000000000256e+01 2.145811000000000000e+06
5.303000000000000114e+01 1.943360000000000000e+06
5.218999999999999773e+01 9.094040000000000000e+05
5.253999999999999915e+01 1.416861000000000000e+06
5.182000000000000028e+01 1.478091000000000000e+06
5.188000000000000256e+01 8.283880000000000000e+05
5.131000000000000227e+01 1.324178000000000000e+06
5.135000000000000142e+01 1.766008000000000000e+06
5.261999999999999744e+01 1.910956000000000000e+06
5.181000000000000227e+01 1.631600000000000000e+06
5.207999999999999829e+01 2.140615000000000000e+06
5.146999999999999886e+01 2.196828000000000000e+06
5.142999999999999972e+01 3.760935000000000000e+06
5.085000000000000142e+01 6.069305000000000000e+06
4.871999999999999886e+01 3.060824000000000000e+06
4.836999999999999744e+01 3.226699000000000000e+06
4.792999999999999972e+01 1.192318000000000000e+06
4.699000000000000199e+01 9.665670000000000000e+05
4.671999999999999886e+01 1.317138000000000000e+06
4.660000000000000142e+01 1.844702000000000000e+06
4.753000000000000114e+01 2.390738000000000000e+06
4.678999999999999915e+01 1.695507000000000000e+06
4.585000000000000142e+01 1.884593000000000000e+06
4.603000000000000114e+01 1.562831000000000000e+06
4.553999999999999915e+01 1.276262000000000000e+06
4.618999999999999773e+01 1.611733000000000000e+06
4.617000000000000171e+01 1.700910000000000000e+06
4.574000000000000199e+01 1.882576000000000000e+06
4.503000000000000114e+01 2.224924000000000000e+06
4.371000000000000085e+01 1.519486000000000000e+06
4.303000000000000114e+01 2.318682000000000000e+06
4.071000000000000085e+01 2.654528000000000000e+06
4.238000000000000256e+01 1.917427000000000000e+06
4.239000000000000057e+01 2.119873000000000000e+06
4.197999999999999687e+01 1.714958000000000000e+06
4.156000000000000227e+01 1.868210000000000000e+06
4.193999999999999773e+01 2.278448000000000000e+06
3.954999999999999716e+01 1.190414000000000000e+06
4.078999999999999915e+01 4.771293000000000000e+06
4.229999999999999716e+01 4.627374000000000000e+06
4.517000000000000171e+01 3.833549000000000000e+06
4.677000000000000313e+01 2.365419000000000000e+06
4.714000000000000057e+01 1.788959000000000000e+06
4.761999999999999744e+01 1.840280000000000000e+06
4.727000000000000313e+01 1.333772000000000000e+06
4.767000000000000171e+01 1.040637000000000000e+06
4.722999999999999687e+01 1.900233000000000000e+06
4.772999999999999687e+01 1.557118000000000000e+06
4.759000000000000341e+01 2.154049000000000000e+06
4.935999999999999943e+01 2.523223000000000000e+06
4.877000000000000313e+01 5.194241000000000000e+06
5.153999999999999915e+01 4.229041000000000000e+06
5.132000000000000028e+01 4.278784000000000000e+06
5.156000000000000227e+01 1.091909800000000000e+07
5.159000000000000341e+01 1.727584000000000000e+06
5.096000000000000085e+01 1.338080000000000000e+06
5.156000000000000227e+01 1.464901000000000000e+06
5.074000000000000199e+01 8.809410000000000000e+05
5.014999999999999858e+01 1.146467000000000000e+06
4.949000000000000199e+01 2.126395000000000000e+06
4.927000000000000313e+01 2.324612000000000000e+06
5.042999999999999972e+01 1.444520000000000000e+06
5.043999999999999773e+01 1.997061000000000000e+06
4.971000000000000085e+01 2.649474000000000000e+06
4.949000000000000199e+01 3.316823000000000000e+06
4.857000000000000028e+01 3.405853000000000000e+06
4.875000000000000000e+01 2.910062000000000000e+06
4.927000000000000313e+01 3.642567000000000000e+06
4.800000000000000000e+01 3.053461000000000000e+06
4.657000000000000028e+01 2.531959000000000000e+06
4.609000000000000341e+01 3.311466000000000000e+06
4.579999999999999716e+01 4.422103000000000000e+06
4.639999999999999858e+01 3.723930000000000000e+06
4.407000000000000028e+01 4.588919000000000000e+06
4.239999999999999858e+01 4.543645000000000000e+06
4.232999999999999829e+01 3.366821000000000000e+06
4.388000000000000256e+01 3.232317000000000000e+06
4.542999999999999972e+01 3.646187000000000000e+06
4.507999999999999829e+01 3.023320000000000000e+06
4.809000000000000341e+01 3.009943000000000000e+06
4.821000000000000085e+01 1.980083000000000000e+06
4.900000000000000000e+01 2.722969000000000000e+06
4.989000000000000057e+01 3.166429000000000000e+06
5.142000000000000171e+01 1.593916000000000000e+06
5.189999999999999858e+01 1.848361000000000000e+06
5.071000000000000085e+01 1.809925000000000000e+06
5.070000000000000284e+01 3.275354000000000000e+06
5.061999999999999744e+01 2.488411000000000000e+06
5.210999999999999943e+01 1.796982000000000000e+06
5.396999999999999886e+01 7.906840000000000000e+05
5.428000000000000114e+01 1.476870000000000000e+06
5.424000000000000199e+01 1.475168000000000000e+06
5.504999999999999716e+01 1.981374000000000000e+06
5.615999999999999659e+01 1.040324000000000000e+06
5.647999999999999687e+01 8.965940000000000000e+05
5.675999999999999801e+01 1.290761000000000000e+06
5.742999999999999972e+01 1.925076000000000000e+06
5.689000000000000057e+01 4.532600000000000000e+06
5.717999999999999972e+01 2.358008000000000000e+06
5.642000000000000171e+01 1.201216000000000000e+06
5.693999999999999773e+01 1.698225000000000000e+06
5.788000000000000256e+01 2.787260000000000000e+06
5.746000000000000085e+01 1.297017000000000000e+06
5.704999999999999716e+01 1.402192000000000000e+06
5.692000000000000171e+01 2.061035000000000000e+06
5.582999999999999829e+01 1.947571000000000000e+06
5.546999999999999886e+01 3.041324000000000000e+06
5.399000000000000199e+01 1.059669000000000000e+06
5.352000000000000313e+01 1.066419000000000000e+06
5.315999999999999659e+01 1.203467000000000000e+06
5.342000000000000171e+01 1.116562000000000000e+06
5.336999999999999744e+01 9.654350000000000000e+05
5.320000000000000284e+01 1.371413000000000000e+06
5.297999999999999687e+01 1.182967000000000000e+06
5.302000000000000313e+01 1.425475000000000000e+06
5.360999999999999943e+01 1.921446000000000000e+06
5.332000000000000028e+01 1.416254000000000000e+06
5.425000000000000000e+01 2.194514000000000000e+06
5.360999999999999943e+01 8.994830000000000000e+05
5.342999999999999972e+01 1.203792000000000000e+06
5.307000000000000028e+01 9.663620000000000000e+05
5.238000000000000256e+01 1.085907000000000000e+06
5.259000000000000341e+01 1.175175000000000000e+06
5.335999999999999943e+01 1.509808000000000000e+06
5.307999999999999829e+01 2.169489000000000000e+06
5.249000000000000199e+01 2.497979000000000000e+06
5.189000000000000057e+01 1.133686000000000000e+06
5.196999999999999886e+01 1.886095000000000000e+06
5.202000000000000313e+01 2.275824000000000000e+06
5.115999999999999659e+01 2.532495000000000000e+06
5.060999999999999943e+01 1.854963000000000000e+06
5.095000000000000284e+01 4.387848000000000000e+06
4.892999999999999972e+01 1.796003000000000000e+06
4.960999999999999943e+01 1.365420000000000000e+06
4.975000000000000000e+01 1.099489000000000000e+06
4.981000000000000227e+01 1.313014000000000000e+06
4.967999999999999972e+01 2.028256000000000000e+06
4.921999999999999886e+01 1.273731000000000000e+06
5.003000000000000114e+01 2.079479000000000000e+06
4.975999999999999801e+01 1.238704000000000000e+06
4.975999999999999801e+01 1.236754000000000000e+06
5.004999999999999716e+01 1.017497000000000000e+06
5.015999999999999659e+01 1.806520000000000000e+06
4.985000000000000142e+01 2.826828000000000000e+06
4.985000000000000142e+01 2.530913000000000000e+06
4.953999999999999915e+01 1.180875000000000000e+06
4.985000000000000142e+01 2.211638000000000000e+06
5.014000000000000057e+01 6.735039000000000000e+06
4.757000000000000028e+01 1.546201000000000000e+06
4.718999999999999773e+01 1.617660000000000000e+06
4.707999999999999829e+01 1.928052000000000000e+06
4.796000000000000085e+01 1.275265000000000000e+06
4.760999999999999943e+01 2.035392000000000000e+06
4.760000000000000142e+01 1.511703000000000000e+06
4.777000000000000313e+01 1.176425000000000000e+06
4.704999999999999716e+01 9.198370000000000000e+05
4.661999999999999744e+01 2.245125000000000000e+06
4.664999999999999858e+01 9.272960000000000000e+05
4.706000000000000227e+01 1.973834000000000000e+06
4.725000000000000000e+01 2.972190000000000000e+06
4.764999999999999858e+01 2.232020000000000000e+06
4.810000000000000142e+01 3.094203000000000000e+06
4.947999999999999687e+01 2.771583000000000000e+06
4.877000000000000313e+01 5.794685000000000000e+06
5.196000000000000085e+01 3.325647000000000000e+06
5.189999999999999858e+01 9.263340000000000000e+05
5.299000000000000199e+01 1.197035000000000000e+06
5.360999999999999943e+01 3.222272000000000000e+06
5.454999999999999716e+01 1.109353000000000000e+06
5.495000000000000284e+01 2.345613000000000000e+06
5.445000000000000284e+01 2.684208000000000000e+06
5.343999999999999773e+01 2.929014000000000000e+06
5.272999999999999687e+01 1.071613000000000000e+06
5.227000000000000313e+01 7.633540000000000000e+05
5.175000000000000000e+01 8.889010000000000000e+05
5.195000000000000284e+01 2.832992000000000000e+06
5.154999999999999716e+01 1.541415000000000000e+06
5.079999999999999716e+01 3.590757000000000000e+06
5.303000000000000114e+01 1.468014000000000000e+06
5.317999999999999972e+01 1.714228000000000000e+06
5.234000000000000341e+01 1.763165000000000000e+06
5.277000000000000313e+01 1.503478000000000000e+06
5.281000000000000227e+01 2.905992000000000000e+06
5.413000000000000256e+01 2.213486000000000000e+06
5.367000000000000171e+01 1.569248000000000000e+06
5.285000000000000142e+01 1.438693000000000000e+06
5.317999999999999972e+01 1.278846000000000000e+06
5.332000000000000028e+01 1.570205000000000000e+06
5.296999999999999886e+01 1.322352000000000000e+06
5.249000000000000199e+01 2.048189000000000000e+06
5.250000000000000000e+01 2.375829000000000000e+06
5.171000000000000085e+01 1.494319000000000000e+06
5.142000000000000171e+01 1.185304000000000000e+06
5.146000000000000085e+01 9.930420000000000000e+05
5.139999999999999858e+01 1.118969000000000000e+06
5.115999999999999659e+01 1.808755000000000000e+06
5.064999999999999858e+01 1.853478000000000000e+06
5.031000000000000227e+01 2.467122000000000000e+06
5.150999999999999801e+01 1.847843000000000000e+06
5.110000000000000142e+01 2.026855000000000000e+06
5.203000000000000114e+01 3.130214000000000000e+06
5.385999999999999943e+01 2.029657000000000000e+06
5.346999999999999886e+01 2.295439000000000000e+06
5.475000000000000000e+01 1.514392000000000000e+06
5.504999999999999716e+01 2.228327000000000000e+06
5.638000000000000256e+01 1.231635000000000000e+06
5.610999999999999943e+01 1.416579000000000000e+06
5.675000000000000000e+01 2.245623000000000000e+06
5.564999999999999858e+01 1.410289000000000000e+06
5.496000000000000085e+01 1.342563000000000000e+06
5.542999999999999972e+01 2.828982000000000000e+06
5.388000000000000256e+01 1.652675000000000000e+06
5.343999999999999773e+01 1.223937000000000000e+06
5.242000000000000171e+01 1.487641000000000000e+06
5.334000000000000341e+01 1.718305000000000000e+06
5.232999999999999829e+01 1.940737000000000000e+06
5.200000000000000000e+01 3.227539000000000000e+06
5.303000000000000114e+01 1.033671000000000000e+06
5.321000000000000085e+01 2.407684000000000000e+06
5.439000000000000057e+01 3.784541000000000000e+06
5.303999999999999915e+01 1.362407000000000000e+06
5.239000000000000057e+01 1.542566000000000000e+06
5.196999999999999886e+01 1.545363000000000000e+06
5.296999999999999886e+01 1.782373000000000000e+06
5.247999999999999687e+01 5.257969000000000000e+06
5.286999999999999744e+01 2.717891000000000000e+06
5.243999999999999773e+01 1.587027000000000000e+06
5.139999999999999858e+01 2.366787000000000000e+06
5.271000000000000085e+01 2.547381000000000000e+06
5.417000000000000171e+01 2.224188000000000000e+06
5.571999999999999886e+01 1.301519000000000000e+06
5.542000000000000171e+01 1.533309000000000000e+06
5.611999999999999744e+01 2.456681000000000000e+06
5.534000000000000341e+01 1.528931000000000000e+06
5.595000000000000284e+01 1.576422000000000000e+06
5.664999999999999858e+01 1.588923000000000000e+06
5.657999999999999829e+01 1.896388000000000000e+06
5.714999999999999858e+01 2.755028000000000000e+06
5.545000000000000284e+01 1.823003000000000000e+06
5.550000000000000000e+01 1.877277000000000000e+06
5.600000000000000000e+01 1.980406000000000000e+06
5.557999999999999829e+01 2.327409000000000000e+06
5.643999999999999773e+01 4.246074000000000000e+06
5.677000000000000313e+01 3.016655000000000000e+06
5.689999999999999858e+01 1.302053800000000000e+07
5.627000000000000313e+01 1.823848000000000000e+06
5.795000000000000284e+01 1.379167000000000000e+06
5.789999999999999858e+01 1.251851000000000000e+06
5.728999999999999915e+01 2.572245000000000000e+06
5.871999999999999886e+01 1.743208000000000000e+06
5.895000000000000284e+01 1.504303000000000000e+06
5.910999999999999943e+01 1.036722000000000000e+06
5.935999999999999943e+01 1.908152000000000000e+06
5.888000000000000256e+01 1.464306000000000000e+06
5.750000000000000000e+01 1.499958000000000000e+06
5.745000000000000284e+01 1.829719000000000000e+06
5.621000000000000085e+01 1.740923000000000000e+06
5.600999999999999801e+01 1.791592000000000000e+06
5.774000000000000199e+01 1.518534000000000000e+06
5.820000000000000284e+01 2.466420000000000000e+06
5.695000000000000284e+01 2.306877000000000000e+06
5.900000000000000000e+01 1.369115000000000000e+06
6.059000000000000341e+01 1.219440000000000000e+06
6.074000000000000199e+01 1.563751000000000000e+06
5.996000000000000085e+01 1.055331000000000000e+06
6.057000000000000028e+01 1.099385000000000000e+06
6.092999999999999972e+01 1.256543000000000000e+06
5.960999999999999943e+01 1.259445000000000000e+06
5.977000000000000313e+01 3.527271000000000000e+06
5.832999999999999829e+01 1.607933000000000000e+06
5.936999999999999744e+01 1.610573000000000000e+06
5.942999999999999972e+01 2.139667000000000000e+06
5.885999999999999943e+01 1.417159000000000000e+06
5.927000000000000313e+01 2.610282000000000000e+06
5.739000000000000057e+01 1.624985000000000000e+06
5.785000000000000142e+01 2.057632000000000000e+06
5.615999999999999659e+01 2.114641000000000000e+06
5.560000000000000142e+01 1.396460000000000000e+06
5.493999999999999773e+01 1.001975000000000000e+06
5.465999999999999659e+01 1.052180000000000000e+06
5.486999999999999744e+01 1.176979000000000000e+06
5.467999999999999972e+01 1.432552000000000000e+06
5.536999999999999744e+01 1.397624000000000000e+06
5.496000000000000085e+01 1.614179000000000000e+06
5.325000000000000000e+01 8.899090000000000000e+05
5.360999999999999943e+01 1.186989000000000000e+06
5.400000000000000000e+01 7.927000000000000000e+05
5.372999999999999687e+01 9.069470000000000000e+05
5.403000000000000114e+01 1.251857000000000000e+06
5.414000000000000057e+01 1.346967000000000000e+06
5.482000000000000028e+01 1.797666000000000000e+06
5.559000000000000341e+01 1.592622000000000000e+06
5.497999999999999687e+01 2.094664000000000000e+06
5.400000000000000000e+01 6.275489000000000000e+06
5.281000000000000227e+01 1.433280000000000000e+06
5.315999999999999659e+01 1.222815000000000000e+06
5.364999999999999858e+01 1.640536000000000000e+06
5.471999999999999886e+01 1.492003000000000000e+06
5.503000000000000114e+01 1.249849000000000000e+06
5.434000000000000341e+01 1.093747000000000000e+06
5.431000000000000227e+01 1.161732000000000000e+06
5.432999999999999829e+01 9.380870000000000000e+05
5.540999999999999659e+01 2.507341000000000000e+06
5.481000000000000227e+01 1.317456000000000000e+06
5.415999999999999659e+01 3.497128000000000000e+06
5.528999999999999915e+01 1.640080000000000000e+06
5.531000000000000227e+01 1.759104000000000000e+06
5.560999999999999943e+01 1.224822000000000000e+06
5.550000000000000000e+01 5.508240000000000000e+05
5.531000000000000227e+01 1.277544000000000000e+06
5.547999999999999687e+01 2.014071000000000000e+06
5.468999999999999773e+01 2.306354000000000000e+06
5.484000000000000341e+01 3.943455000000000000e+06
5.396999999999999886e+01 6.225098000000000000e+06
5.507000000000000028e+01 1.345399000000000000e+06
5.510000000000000142e+01 1.308700000000000000e+06
5.527000000000000313e+01 1.717783000000000000e+06
5.522999999999999687e+01 2.272543000000000000e+06
5.689000000000000057e+01 3.115303000000000000e+06
5.556000000000000227e+01 1.423638000000000000e+06
5.535999999999999943e+01 1.793433000000000000e+06
5.525999999999999801e+01 1.518782000000000000e+06
5.503000000000000114e+01 9.229800000000000000e+05
5.490999999999999659e+01 2.134024000000000000e+06
5.420000000000000284e+01 2.246546000000000000e+06
5.575000000000000000e+01 1.441239000000000000e+06
5.479999999999999716e+01 9.723880000000000000e+05
5.564000000000000057e+01 2.308873000000000000e+06
5.492000000000000171e+01 1.373500000000000000e+06
5.478999999999999915e+01 2.407822000000000000e+06
5.465999999999999659e+01 2.467749000000000000e+06
5.371999999999999886e+01 1.984765000000000000e+06
5.372999999999999687e+01 3.459633000000000000e+06
5.417000000000000171e+01 7.936900000000000000e+06
5.746999999999999886e+01 4.187580000000000000e+06
5.860999999999999943e+01 2.360423000000000000e+06
5.892000000000000171e+01 2.088445000000000000e+06
5.874000000000000199e+01 3.925398000000000000e+06
5.885999999999999943e+01 2.934529000000000000e+07
5.879999999999999716e+01 2.721843000000000000e+06
5.915999999999999659e+01 2.658838000000000000e+06
5.889000000000000057e+01 2.211669000000000000e+06
5.884000000000000341e+01 3.026934000000000000e+06
5.840999999999999659e+01 7.767820000000000000e+06
5.597999999999999687e+01 1.566581000000000000e+06
5.472999999999999687e+01 1.212466000000000000e+06
5.442000000000000171e+01 1.111899000000000000e+06
5.404999999999999716e+01 2.508346000000000000e+06
5.364999999999999858e+01 2.527667000000000000e+06
5.282999999999999829e+01 1.960663000000000000e+06
5.489000000000000057e+01 2.549545000000000000e+06
5.360000000000000142e+01 1.422751000000000000e+06
5.402000000000000313e+01 1.392579000000000000e+06
5.439999999999999858e+01 1.231315000000000000e+06
5.435999999999999943e+01 2.204298000000000000e+06
5.546000000000000085e+01 1.504249000000000000e+06
5.635000000000000142e+01 1.455687000000000000e+06
5.674000000000000199e+01 3.808399000000000000e+06
5.771999999999999886e+01 1.354813000000000000e+06
5.778999999999999915e+01 1.399743000000000000e+06
5.720000000000000284e+01 1.019670000000000000e+06
5.664999999999999858e+01 2.873413000000000000e+06
5.511999999999999744e+01 1.537947000000000000e+06
5.585999999999999943e+01 1.642298000000000000e+06
5.711999999999999744e+01 1.961468000000000000e+06
5.668999999999999773e+01 2.810897000000000000e+06
5.853999999999999915e+01 1.159890000000000000e+06
5.946000000000000085e+01 1.792821000000000000e+06
5.821999999999999886e+01 1.430195000000000000e+06
5.764000000000000057e+01 1.532747000000000000e+06
5.788000000000000256e+01 8.786130000000000000e+05
5.771999999999999886e+01 1.934962000000000000e+06
5.772999999999999687e+01 1.495111000000000000e+06
5.714999999999999858e+01 1.903662000000000000e+06
5.689999999999999858e+01 1.072763000000000000e+06
5.585999999999999943e+01 9.805830000000000000e+05
5.578000000000000114e+01 1.424778000000000000e+06
5.617999999999999972e+01 2.067539000000000000e+06
5.789999999999999858e+01 1.434593000000000000e+06
5.745000000000000284e+01 2.822548000000000000e+06
5.746000000000000085e+01 2.619908000000000000e+06
5.677000000000000313e+01 1.287481500000000000e+07
5.707000000000000028e+01 1.656606000000000000e+06
5.835999999999999943e+01 2.075241000000000000e+06
5.942000000000000171e+01 5.341341000000000000e+06
5.664999999999999858e+01 2.833326000000000000e+06
5.689999999999999858e+01 1.265045000000000000e+06
5.625000000000000000e+01 1.152770000000000000e+06
5.584000000000000341e+01 1.255978000000000000e+06
5.690999999999999659e+01 2.486095000000000000e+06
5.507000000000000028e+01 8.862810000000000000e+05
5.521000000000000085e+01 9.838920000000000000e+05
5.510999999999999943e+01 1.201890000000000000e+06
5.564999999999999858e+01 6.317740000000000000e+05
5.575000000000000000e+01 9.984100000000000000e+05
5.572999999999999687e+01 1.082025000000000000e+06
5.507000000000000028e+01 6.582260000000000000e+05
5.504999999999999716e+01 9.726450000000000000e+05
5.438000000000000256e+01 6.883760000000000000e+05
5.417999999999999972e+01 6.200180000000000000e+05
5.413000000000000256e+01 1.062125000000000000e+06
5.346999999999999886e+01 9.238800000000000000e+05
5.424000000000000199e+01 1.061017000000000000e+06
5.409000000000000341e+01 1.174740000000000000e+06
5.396000000000000085e+01 7.809570000000000000e+05
5.403000000000000114e+01 1.253838000000000000e+06
5.467999999999999972e+01 9.502350000000000000e+05
5.406000000000000227e+01 1.550796000000000000e+06
5.540999999999999659e+01 9.736940000000000000e+05
5.454999999999999716e+01 4.961860000000000000e+05
5.428999999999999915e+01 1.025663000000000000e+06
5.442000000000000171e+01 8.449050000000000000e+05
5.528000000000000114e+01 1.012373000000000000e+06
5.385999999999999943e+01 1.517157000000000000e+06
5.531000000000000227e+01 1.225716000000000000e+06
5.481000000000000227e+01 2.188845000000000000e+06
5.546000000000000085e+01 2.613554000000000000e+06
5.489999999999999858e+01 2.426566000000000000e+06
5.310000000000000142e+01 1.059158000000000000e+06
5.363000000000000256e+01 1.036571000000000000e+06
5.289999999999999858e+01 2.348629000000000000e+06
5.290999999999999659e+01 1.146075000000000000e+06
5.217000000000000171e+01 1.432854000000000000e+06
5.184000000000000341e+01 1.457083000000000000e+06
5.042000000000000171e+01 2.050208000000000000e+06
5.113000000000000256e+01 2.214803000000000000e+06
5.178999999999999915e+01 2.046748000000000000e+06
5.078999999999999915e+01 1.934974000000000000e+06
4.971999999999999886e+01 2.199861000000000000e+06
5.031000000000000227e+01 1.580004000000000000e+06
5.115999999999999659e+01 1.166461000000000000e+06
5.092999999999999972e+01 1.713508000000000000e+06
4.996999999999999886e+01 1.345724000000000000e+06
5.007000000000000028e+01 1.574825000000000000e+06
5.084000000000000341e+01 1.798776000000000000e+06
5.067999999999999972e+01 1.272005000000000000e+06
4.964000000000000057e+01 1.067933000000000000e+06
4.957999999999999829e+01 1.420644000000000000e+06
5.050999999999999801e+01 1.926554000000000000e+06
4.934000000000000341e+01 1.465551000000000000e+06
4.911999999999999744e+01 2.593030000000000000e+06
4.807000000000000028e+01 2.388303000000000000e+06
5.031000000000000227e+01 2.225372000000000000e+06
5.150000000000000000e+01 2.063828000000000000e+06
5.150000000000000000e+01 2.742680000000000000e+06
5.295000000000000284e+01 2.617555000000000000e+06
5.407000000000000028e+01 4.093863000000000000e+06
5.578000000000000114e+01 2.637869000000000000e+06
5.510000000000000142e+01 1.487077000000000000e+06
5.549000000000000199e+01 9.134060000000000000e+05
5.484000000000000341e+01 1.126285000000000000e+06
5.489999999999999858e+01 1.185157000000000000e+06
5.506000000000000227e+01 1.154860000000000000e+06
5.489999999999999858e+01 2.322846000000000000e+06
5.392999999999999972e+01 2.907470000000000000e+06
5.267999999999999972e+01 1.698494000000000000e+06
5.275999999999999801e+01 1.654227000000000000e+06
5.107999999999999829e+01 1.035837000000000000e+06
5.035000000000000142e+01 1.054272000000000000e+06
5.013000000000000256e+01 9.715910000000000000e+05
5.014000000000000057e+01 1.289838000000000000e+06
4.921000000000000085e+01 1.069163000000000000e+06
4.882000000000000028e+01 7.173370000000000000e+05
4.896000000000000085e+01 1.129330000000000000e+06
4.803000000000000114e+01 1.706506000000000000e+06
4.785000000000000142e+01 1.933759000000000000e+06
4.746999999999999886e+01 1.464276000000000000e+06
4.853999999999999915e+01 1.520113000000000000e+06
4.831000000000000227e+01 5.706644000000000000e+06
4.990999999999999659e+01 9.971780000000000000e+05
4.978000000000000114e+01 1.141622000000000000e+06
4.975999999999999801e+01 1.484365000000000000e+06
5.018999999999999773e+01 1.302954000000000000e+06
5.072999999999999687e+01 1.108156000000000000e+06
5.124000000000000199e+01 7.539590000000000000e+05
5.085999999999999943e+01 1.261483000000000000e+06
5.129999999999999716e+01 1.548051000000000000e+06
5.102000000000000313e+01 8.874260000000000000e+05
5.047999999999999687e+01 1.306949000000000000e+06
5.110999999999999943e+01 1.081511000000000000e+06
5.096999999999999886e+01 1.128996000000000000e+06
5.000000000000000000e+01 1.158056000000000000e+06
5.110000000000000142e+01 8.467660000000000000e+05
5.131000000000000227e+01 1.241097000000000000e+06
5.142999999999999972e+01 8.445270000000000000e+05
5.140999999999999659e+01 1.141492000000000000e+06
5.096000000000000085e+01 1.066023000000000000e+06
5.132000000000000028e+01 1.086292000000000000e+06
5.110000000000000142e+01 1.160833000000000000e+06
4.992000000000000171e+01 7.656860000000000000e+05
4.952000000000000313e+01 7.766630000000000000e+05
4.942000000000000171e+01 8.068690000000000000e+05
4.975999999999999801e+01 1.207284000000000000e+06
5.010999999999999943e+01 8.491700000000000000e+05
5.097999999999999687e+01 8.787740000000000000e+05
5.104999999999999716e+01 1.199364000000000000e+06
5.070000000000000284e+01 9.349590000000000000e+05
5.077000000000000313e+01 1.326575000000000000e+06
5.002000000000000313e+01 1.443274000000000000e+06
5.067999999999999972e+01 1.869803000000000000e+06
5.164000000000000057e+01 4.043069000000000000e+06
4.820000000000000284e+01 1.802151000000000000e+06
4.768999999999999773e+01 1.653718000000000000e+06
4.763000000000000256e+01 1.236250000000000000e+06
4.792000000000000171e+01 1.464834000000000000e+06
4.777000000000000313e+01 1.048707000000000000e+06
4.786999999999999744e+01 1.449892000000000000e+06
4.779999999999999716e+01 1.611014000000000000e+06
4.806000000000000227e+01 1.249178000000000000e+06
4.785999999999999943e+01 1.065787000000000000e+06
4.770000000000000284e+01 1.477247000000000000e+06
4.752000000000000313e+01 1.139099000000000000e+06
4.774000000000000199e+01 7.607950000000000000e+05
4.765999999999999659e+01 6.947310000000000000e+05
4.807999999999999829e+01 1.296482000000000000e+06
4.700000000000000000e+01 1.625213000000000000e+06
4.803000000000000114e+01 1.337131000000000000e+06
4.902000000000000313e+01 9.453180000000000000e+05
4.932999999999999829e+01 2.613556000000000000e+06
4.809000000000000341e+01 1.275823000000000000e+06
4.684000000000000341e+01 1.239446000000000000e+06
4.600000000000000000e+01 8.267800000000000000e+05
4.563000000000000256e+01 7.359860000000000000e+05
4.561999999999999744e+01 1.031295000000000000e+06
4.567000000000000171e+01 9.429960000000000000e+05
4.474000000000000199e+01 9.054270000000000000e+05
4.495000000000000284e+01 5.476730000000000000e+05
4.535000000000000142e+01 7.314620000000000000e+05
4.575000000000000000e+01 8.704690000000000000e+05
4.521999999999999886e+01 1.065488000000000000e+06
4.439000000000000057e+01 8.557690000000000000e+05
4.425000000000000000e+01 9.328580000000000000e+05
4.454999999999999716e+01 9.337430000000000000e+05
4.477000000000000313e+01 1.854498000000000000e+06
4.278999999999999915e+01 1.618472000000000000e+06
4.253000000000000114e+01 8.569190000000000000e+05
4.265999999999999659e+01 2.178419000000000000e+06
4.292999999999999972e+01 7.187880000000000000e+05
4.368999999999999773e+01 4.427000000000000000e+05
4.350999999999999801e+01 1.474312000000000000e+06
4.338000000000000256e+01 1.050655000000000000e+06
4.492999999999999972e+01 6.586150000000000000e+05
4.492000000000000171e+01 1.901726000000000000e+06
4.306000000000000227e+01 1.362916000000000000e+06
4.413000000000000256e+01 1.994210000000000000e+06
4.514000000000000057e+01 2.087308000000000000e+06
4.403000000000000114e+01 1.342809000000000000e+06
4.389999999999999858e+01 1.278423000000000000e+06
4.399000000000000199e+01 1.906818000000000000e+06
4.450000000000000000e+01 1.182904000000000000e+06
4.402000000000000313e+01 2.234072000000000000e+06
4.265999999999999659e+01 1.461104000000000000e+06
4.125000000000000000e+01 1.152412000000000000e+06
4.064000000000000057e+01 1.406238000000000000e+06
3.928000000000000114e+01 1.096296000000000000e+06
3.885000000000000142e+01 1.323657000000000000e+06
3.981000000000000227e+01 1.752351000000000000e+06
4.071000000000000085e+01 1.220610000000000000e+06
4.010000000000000142e+01 1.526115000000000000e+06
4.057999999999999829e+01 5.106570000000000000e+05
3.997999999999999687e+01 1.123291000000000000e+06
4.025000000000000000e+01 1.452340000000000000e+06
3.959000000000000341e+01 1.324138000000000000e+06
3.967999999999999972e+01 1.597396000000000000e+06
3.982999999999999829e+01 1.294194000000000000e+06
3.957000000000000028e+01 1.252441000000000000e+06
4.017000000000000171e+01 1.996768000000000000e+06
4.134000000000000341e+01 3.492917000000000000e+06
3.842000000000000171e+01 3.205835000000000000e+06
3.796999999999999886e+01 4.985590000000000000e+06
3.553000000000000114e+01 5.489021000000000000e+06
3.913000000000000256e+01 3.036118000000000000e+06
3.782999999999999829e+01 2.559978000000000000e+06
3.700000000000000000e+01 1.232913000000000000e+06
3.721000000000000085e+01 1.503124000000000000e+06
3.749000000000000199e+01 1.171788000000000000e+06
3.770000000000000284e+01 1.760010000000000000e+06
3.886999999999999744e+01 1.593660000000000000e+06
3.824000000000000199e+01 2.818878000000000000e+06
3.571000000000000085e+01 2.749309000000000000e+06
3.796999999999999886e+01 1.070526000000000000e+06
3.772999999999999687e+01 1.862276000000000000e+06
3.806000000000000227e+01 2.839522000000000000e+06
3.799000000000000199e+01 3.208156000000000000e+06
3.874000000000000199e+01 1.134885000000000000e+06
3.810999999999999943e+01 1.417796000000000000e+06
3.825000000000000000e+01 1.310357000000000000e+06
3.746999999999999886e+01 1.765083000000000000e+06
3.732999999999999829e+01 2.125225000000000000e+06
3.778999999999999915e+01 1.569632000000000000e+06
3.807999999999999829e+01 1.455359000000000000e+06
3.795000000000000284e+01 1.747770000000000000e+06
3.847999999999999687e+01 1.216566000000000000e+06
3.846000000000000085e+01 3.508207000000000000e+06
3.864000000000000057e+01 2.146420000000000000e+06
3.825999999999999801e+01 3.730246000000000000e+06
3.804999999999999716e+01 1.499557000000000000e+06
3.778000000000000114e+01 1.244131000000000000e+06
3.770000000000000284e+01 1.744062000000000000e+06
3.715999999999999659e+01 1.723617000000000000e+06
3.743999999999999773e+01 2.938944000000000000e+06
3.768999999999999773e+01 2.505303000000000000e+06
3.671999999999999886e+01 3.168653000000000000e+06
3.742000000000000171e+01 1.503713000000000000e+06
3.717000000000000171e+01 1.599663000000000000e+06
3.629999999999999716e+01 1.831778000000000000e+06
3.631000000000000227e+01 1.853463000000000000e+06
3.534000000000000341e+01 1.716072000000000000e+06
3.575000000000000000e+01 3.015439000000000000e+06
3.624000000000000199e+01 2.577553000000000000e+06
3.596000000000000085e+01 2.268346000000000000e+06
3.528999999999999915e+01 2.023637000000000000e+06
3.525000000000000000e+01 1.701420000000000000e+06
3.450000000000000000e+01 3.211369000000000000e+06
3.439999999999999858e+01 1.742827000000000000e+06
3.496999999999999886e+01 2.314261000000000000e+06
3.531000000000000227e+01 1.540541000000000000e+06
3.560999999999999943e+01 3.946646000000000000e+06
3.704999999999999716e+01 4.218191000000000000e+06
3.589000000000000057e+01 1.950120000000000000e+06
3.585000000000000142e+01 2.066437000000000000e+06
3.552000000000000313e+01 2.716599000000000000e+06
3.579999999999999716e+01 2.550168000000000000e+06
3.617999999999999972e+01 2.279515000000000000e+06
3.685999999999999943e+01 2.588160000000000000e+06
3.767999999999999972e+01 2.940575000000000000e+06
3.767999999999999972e+01 1.572613000000000000e+06
3.821000000000000085e+01 2.124678000000000000e+06
3.870000000000000284e+01 1.626913000000000000e+06
3.865999999999999659e+01 2.143322000000000000e+06
3.763000000000000256e+01 2.438364000000000000e+06
3.836999999999999744e+01 2.685638000000000000e+06
3.843999999999999773e+01 2.401034000000000000e+06
3.878000000000000114e+01 2.808929000000000000e+06
3.729999999999999716e+01 4.067953000000000000e+06
3.790999999999999659e+01 1.099569100000000000e+07
4.296000000000000085e+01 2.552253000000000000e+06
4.310000000000000142e+01 1.837222000000000000e+06
4.165999999999999659e+01 1.916537000000000000e+06
4.045000000000000284e+01 2.172825000000000000e+06
3.975999999999999801e+01 4.858213000000000000e+06
4.246000000000000085e+01 2.202347000000000000e+06
4.260000000000000142e+01 2.199103000000000000e+06
4.296000000000000085e+01 1.569639000000000000e+06
4.213000000000000256e+01 1.513647000000000000e+06
4.186999999999999744e+01 1.165046000000000000e+06
4.168999999999999773e+01 1.533817000000000000e+06
4.110999999999999943e+01 1.686320000000000000e+06
4.111999999999999744e+01 1.170891000000000000e+06
4.118999999999999773e+01 2.150496000000000000e+06
4.014000000000000057e+01 1.668307000000000000e+06
4.115999999999999659e+01 1.881907000000000000e+06
4.118999999999999773e+01 3.334242000000000000e+06
4.277000000000000313e+01 3.038990000000000000e+06
4.397999999999999687e+01 2.035473000000000000e+06
4.454999999999999716e+01 2.677202000000000000e+06
4.315999999999999659e+01 2.046511000000000000e+06
4.206000000000000227e+01 2.021122000000000000e+06
4.059000000000000341e+01 1.468144000000000000e+06
4.029999999999999716e+01 1.978616000000000000e+06
4.050999999999999801e+01 1.959679000000000000e+06
4.106000000000000227e+01 1.952609000000000000e+06
3.984000000000000341e+01 2.012107000000000000e+06
3.928000000000000114e+01 3.368583000000000000e+06
3.843999999999999773e+01 3.171247000000000000e+06
3.821000000000000085e+01 4.098091000000000000e+06
4.038000000000000256e+01 7.220075000000000000e+06
4.422999999999999687e+01 1.579849000000000000e+06
4.424000000000000199e+01 1.241795000000000000e+06
4.446000000000000085e+01 1.174189000000000000e+06
4.421999999999999886e+01 1.035328000000000000e+06
4.338000000000000256e+01 1.152986000000000000e+06
4.329999999999999716e+01 1.096839000000000000e+06
4.335999999999999943e+01 2.119610000000000000e+06
4.321999999999999886e+01 1.439701000000000000e+06
4.382999999999999829e+01 9.681290000000000000e+05
4.453000000000000114e+01 1.177476000000000000e+06
4.560999999999999943e+01 1.496799000000000000e+06
4.546000000000000085e+01 1.376771000000000000e+06
4.590999999999999659e+01 1.092674000000000000e+06
4.539999999999999858e+01 1.509346000000000000e+06
4.572999999999999687e+01 8.390030000000000000e+05
4.654999999999999716e+01 1.123432000000000000e+06
4.659000000000000341e+01 9.731220000000000000e+05
4.640999999999999659e+01 1.649445000000000000e+06
4.709000000000000341e+01 1.346907000000000000e+06
4.578000000000000114e+01 1.799876000000000000e+06
4.657000000000000028e+01 1.694095000000000000e+06
4.781000000000000227e+01 1.177757000000000000e+06
4.674000000000000199e+01 8.113780000000000000e+05
4.721000000000000085e+01 8.831240000000000000e+05
4.639000000000000057e+01 1.319967000000000000e+06
4.757999999999999829e+01 1.656111000000000000e+06
4.722999999999999687e+01 1.342709000000000000e+06
4.735000000000000142e+01 1.311178000000000000e+06
4.638000000000000256e+01 1.488494000000000000e+06
4.718999999999999773e+01 1.483697000000000000e+06
4.667999999999999972e+01 1.759641000000000000e+06
4.689000000000000057e+01 7.757037000000000000e+06
4.925000000000000000e+01 1.868253000000000000e+06
4.889000000000000057e+01 1.031420000000000000e+06
4.888000000000000256e+01 1.319876000000000000e+06
4.915999999999999659e+01 1.890066000000000000e+06
5.014000000000000057e+01 2.091912000000000000e+06
4.982999999999999829e+01 1.625264000000000000e+06
4.889000000000000057e+01 2.526741000000000000e+06
4.872999999999999687e+01 2.098930000000000000e+06
4.979999999999999716e+01 1.554828000000000000e+06
4.885000000000000142e+01 1.276817000000000000e+06
4.931000000000000227e+01 2.010461000000000000e+06
4.865999999999999659e+01 2.402347000000000000e+06
4.996999999999999886e+01 1.354130000000000000e+06
5.089999999999999858e+01 1.603988000000000000e+06
5.150000000000000000e+01 1.993545000000000000e+06
5.214000000000000057e+01 2.601151000000000000e+06
5.307999999999999829e+01 2.779105000000000000e+06
5.452000000000000313e+01 7.273560000000000000e+05
5.515999999999999659e+01 7.523150000000000000e+05
5.392999999999999972e+01 9.388610000000000000e+05
5.353000000000000114e+01 8.288250000000000000e+05
5.364000000000000057e+01 8.277640000000000000e+05
5.378999999999999915e+01 1.652715000000000000e+06
5.499000000000000199e+01 1.576874000000000000e+06
5.396000000000000085e+01 1.640167000000000000e+06
5.464000000000000057e+01 8.291480000000000000e+05
5.452000000000000313e+01 1.979331000000000000e+06
5.528999999999999915e+01 2.691957000000000000e+06
5.417999999999999972e+01 2.356442000000000000e+06
5.125999999999999801e+01 1.210958000000000000e+06
5.135000000000000142e+01 1.467720000000000000e+06
5.107999999999999829e+01 2.140933000000000000e+06
4.977000000000000313e+01 2.597820000000000000e+06
5.164000000000000057e+01 2.318155000000000000e+06
5.271000000000000085e+01 1.791466000000000000e+06
5.245000000000000284e+01 3.636918000000000000e+06
5.142000000000000171e+01 1.980922000000000000e+06
4.971000000000000085e+01 1.527002000000000000e+06
4.840999999999999659e+01 1.737964000000000000e+06
4.968999999999999773e+01 1.758227000000000000e+06
4.886999999999999744e+01 1.204212000000000000e+06
4.725999999999999801e+01 1.437368000000000000e+06
4.759000000000000341e+01 1.960352000000000000e+06
4.731000000000000227e+01 2.580700000000000000e+06
4.967999999999999972e+01 1.703773000000000000e+06
4.956000000000000227e+01 2.067642000000000000e+06
5.000000000000000000e+01 2.172017000000000000e+06
5.053000000000000114e+01 1.562889000000000000e+06
5.031000000000000227e+01 1.651599000000000000e+06
4.913000000000000256e+01 1.730959000000000000e+06
4.963499999999999801e+01 2.430255000000000000e+06
4.865500000000000114e+01 1.881761000000000000e+06
4.789999999999999858e+01 3.485430000000000000e+06
4.685000000000000142e+01 6.831268000000000000e+06
4.407999999999999829e+01 3.218520000000000000e+06
4.249000000000000199e+01 2.948733000000000000e+06
4.185000000000000142e+01 2.117416000000000000e+06
4.282999999999999829e+01 3.487733000000000000e+06
4.056000000000000227e+01 1.915568000000000000e+06
3.932999999999999829e+01 1.438833000000000000e+06
3.900000000000000000e+01 2.340532000000000000e+06
3.874000000000000199e+01 1.964223000000000000e+06
3.917999999999999972e+01 3.220033000000000000e+06
3.820000000000000284e+01 3.250934000000000000e+06
3.946000000000000085e+01 3.130395000000000000e+06
4.250000000000000000e+01 3.524931000000000000e+06
4.196000000000000085e+01 5.388937000000000000e+06
4.302000000000000313e+01 4.521218000000000000e+06
4.706000000000000227e+01 3.857907000000000000e+06
4.536999999999999744e+01 5.676359000000000000e+06
4.246000000000000085e+01 5.140014000000000000e+06
4.522999999999999687e+01 2.189782000000000000e+06
4.860999999999999943e+01 1.877172000000000000e+06
4.732000000000000028e+01 1.438755000000000000e+06
4.797999999999999687e+01 1.923407000000000000e+06
4.789999999999999858e+01 1.981177000000000000e+06
4.728000000000000114e+01 3.911217000000000000e+06
4.720000000000000284e+01 2.753646000000000000e+06
4.782000000000000028e+01 3.407505000000000000e+06
5.079500000000000171e+01 4.566516000000000000e+06
5.231000000000000227e+01 2.548187000000000000e+06
5.585000000000000142e+01 1.993694000000000000e+06
5.600000000000000000e+01 1.791122000000000000e+06
5.507000000000000028e+01 1.142219000000000000e+06
5.571999999999999886e+01 1.736542000000000000e+06
5.696999999999999886e+01 1.660038000000000000e+06
5.771000000000000085e+01 1.233924000000000000e+06
5.799000000000000199e+01 1.840355000000000000e+06
5.860000000000000142e+01 7.380420000000000000e+05
5.950999999999999801e+01 6.135430000000000000e+05
5.953000000000000114e+01 1.255759000000000000e+06
5.802000000000000313e+01 1.373945000000000000e+06
5.860999999999999943e+01 4.229210000000000000e+05
5.846999999999999886e+01 1.503807000000000000e+06
5.884000000000000341e+01 1.534373000000000000e+06
5.903999999999999915e+01 1.983363000000000000e+06
5.685999999999999943e+01 9.921101000000000000e+06
5.710999999999999943e+01 2.912728000000000000e+06
5.978999999999999915e+01 2.211294000000000000e+06
5.850000000000000000e+01 6.245017000000000000e+06
5.946000000000000085e+01 1.785853000000000000e+06
5.846999999999999886e+01 1.783785000000000000e+06
5.853000000000000114e+01 1.401609000000000000e+06
5.703000000000000114e+01 2.500976000000000000e+06
5.860999999999999943e+01 1.099332000000000000e+06
5.875999999999999801e+01 1.037388000000000000e+06
5.827000000000000313e+01 1.002135000000000000e+06
5.728999999999999915e+01 1.168091000000000000e+06
5.792999999999999972e+01 1.103285000000000000e+06
5.870000000000000284e+01 1.404955000000000000e+06
5.743999999999999773e+01 1.417919000000000000e+06
5.782000000000000028e+01 2.764930000000000000e+05
5.753000000000000114e+01 6.569920000000000000e+05
5.722999999999999687e+01 1.800790000000000000e+06
5.829999999999999716e+01 1.778595000000000000e+06
5.713000000000000256e+01 1.493663000000000000e+06
5.685999999999999943e+01 1.511190000000000000e+06
5.572999999999999687e+01 1.090041000000000000e+06
5.485999999999999943e+01 1.622698000000000000e+06
5.432999999999999829e+01 2.263191000000000000e+06
5.520000000000000284e+01 1.983909000000000000e+06
5.709000000000000341e+01 1.046155000000000000e+06
5.825000000000000000e+01 8.736430000000000000e+05
5.849000000000000199e+01 1.071451000000000000e+06
5.875000000000000000e+01 1.004444000000000000e+06
6.056000000000000227e+01 1.016893000000000000e+06
5.971000000000000085e+01 9.895710000000000000e+05
5.893999999999999773e+01 2.179135000000000000e+06
6.054999999999999716e+01 2.972512000000000000e+06
6.375999999999999801e+01 1.389872000000000000e+06
6.361999999999999744e+01 7.427310000000000000e+05
6.336999999999999744e+01 5.631110000000000000e+05
6.246999999999999886e+01 8.095070000000000000e+05
6.363000000000000256e+01 6.917950000000000000e+05
6.322999999999999687e+01 1.184069000000000000e+06
6.224000000000000199e+01 2.004291000000000000e+06
6.089999999999999858e+01 7.922780000000000000e+05
6.020000000000000284e+01 9.914140000000000000e+05
6.084000000000000341e+01 1.033148000000000000e+06
6.100000000000000000e+01 7.418730000000000000e+05
6.000000000000000000e+01 6.083320000000000000e+05
6.045000000000000284e+01 1.222071000000000000e+06
5.682000000000000028e+01 1.663701000000000000e+06
5.935000000000000142e+01 1.015345000000000000e+06
5.978999999999999915e+01 7.636020000000000000e+05
5.795000000000000284e+01 9.064760000000000000e+05
5.710999999999999943e+01 9.624290000000000000e+05
5.710000000000000142e+01 9.478570000000000000e+05
5.685000000000000142e+01 1.291449000000000000e+06
5.897999999999999687e+01 1.094707000000000000e+06
5.846000000000000085e+01 1.132752000000000000e+06
5.734000000000000341e+01 1.286821000000000000e+06
5.729999999999999716e+01 1.644578000000000000e+06
5.607999999999999829e+01 1.361072000000000000e+06
5.749000000000000199e+01 1.519216000000000000e+06
6.067999999999999972e+01 1.218765000000000000e+06
6.146000000000000085e+01 1.485889000000000000e+06
6.220000000000000284e+01 1.611101000000000000e+06
6.021000000000000085e+01 1.421716000000000000e+06
6.232000000000000028e+01 9.598470000000000000e+05
6.135999999999999943e+01 1.301239000000000000e+06
6.210000000000000142e+01 7.977680000000000000e+05
6.229999999999999716e+01 9.024290000000000000e+05
6.181000000000000227e+01 1.352319000000000000e+06
6.139999999999999858e+01 1.115065000000000000e+06
6.092999999999999972e+01 8.715370000000000000e+05
5.977000000000000313e+01 7.663620000000000000e+05
5.975000000000000000e+01 1.529315000000000000e+06
5.884000000000000341e+01 1.127440000000000000e+06
5.718999999999999773e+01 5.273590000000000000e+05
5.760000000000000142e+01 8.238600000000000000e+05
5.739999999999999858e+01 1.117780000000000000e+06
5.595000000000000284e+01 1.341517000000000000e+06
5.760000000000000142e+01 1.664519000000000000e+06
5.774000000000000199e+01 9.068880000000000000e+05
5.775999999999999801e+01 1.466335000000000000e+06
5.685999999999999943e+01 1.626200000000000000e+06
5.478999999999999915e+01 1.241979000000000000e+06
5.492999999999999972e+01 1.965865000000000000e+06
5.610000000000000142e+01 2.010405000000000000e+06
5.700000000000000000e+01 1.689423000000000000e+06
5.971999999999999886e+01 1.409961000000000000e+06
6.003000000000000114e+01 1.230859000000000000e+06
6.011999999999999744e+01 1.565714000000000000e+06
5.939999999999999858e+01 7.814690000000000000e+05
5.939000000000000057e+01 2.256469000000000000e+06
5.845000000000000284e+01 3.058339000000000000e+06
5.938000000000000256e+01 7.239106000000000000e+06
6.142000000000000171e+01 9.713860000000000000e+05
6.106000000000000227e+01 1.007157000000000000e+06
6.014000000000000057e+01 1.276061000000000000e+06
6.117999999999999972e+01 2.329996000000000000e+06
5.942999999999999972e+01 3.920904000000000000e+06
6.200000000000000000e+01 2.347880000000000000e+06
6.242000000000000171e+01 2.098937000000000000e+06
5.968999999999999773e+01 1.040109000000000000e+06
5.988000000000000256e+01 1.126651000000000000e+06
5.842999999999999972e+01 7.789420000000000000e+05
5.811999999999999744e+01 8.070910000000000000e+05
5.877000000000000313e+01 1.114258000000000000e+06
5.984000000000000341e+01 1.217328000000000000e+06
5.989000000000000057e+01 5.957810000000000000e+05
5.928999999999999915e+01 5.654570000000000000e+05
5.913000000000000256e+01 9.496780000000000000e+05
5.900000000000000000e+01 7.565980000000000000e+05
5.918999999999999773e+01 7.623270000000000000e+05
5.874000000000000199e+01 1.121939000000000000e+06
5.921999999999999886e+01 8.281630000000000000e+05
5.850000000000000000e+01 1.076129000000000000e+06
5.764999999999999858e+01 1.493888000000000000e+06
5.547999999999999687e+01 6.588400000000000000e+05
5.578999999999999915e+01 1.389372000000000000e+06
5.653999999999999915e+01 1.464621000000000000e+06
5.534000000000000341e+01 1.250220000000000000e+06
5.549000000000000199e+01 1.142329000000000000e+06
5.618999999999999773e+01 1.005222000000000000e+06
5.603999999999999915e+01 1.400672000000000000e+06
5.539999999999999858e+01 1.514037000000000000e+06
5.660000000000000142e+01 4.282071000000000000e+06
5.659000000000000341e+01 7.923800000000000000e+05
5.664000000000000057e+01 1.157277000000000000e+06
5.646999999999999886e+01 1.217835000000000000e+06
5.677000000000000313e+01 1.765624000000000000e+06
5.597999999999999687e+01 1.548056000000000000e+06
5.609000000000000341e+01 1.212888000000000000e+06
5.532000000000000028e+01 7.743470000000000000e+05
5.499000000000000199e+01 1.031879000000000000e+06
5.470000000000000284e+01 1.074240000000000000e+06
5.492000000000000171e+01 6.545350000000000000e+05
5.495000000000000284e+01 9.495150000000000000e+05
5.474000000000000199e+01 9.385980000000000000e+05
5.482500000000000284e+01 1.443719000000000000e+06
5.436999999999999744e+01 1.001107000000000000e+06
5.513000000000000256e+01 9.520400000000000000e+05
5.509000000000000341e+01 1.421370000000000000e+06
5.535999999999999943e+01 1.770547000000000000e+06
5.456000000000000227e+01 1.348615000000000000e+06
5.475999999999999801e+01 1.048251000000000000e+06
5.456000000000000227e+01 3.731436000000000000e+06
5.475000000000000000e+01 1.067712000000000000e+06
5.482999999999999829e+01 1.104511000000000000e+06
5.453999999999999915e+01 1.423155000000000000e+06
5.485999999999999943e+01 1.762392000000000000e+06
5.467999999999999972e+01 2.057708000000000000e+06
5.478000000000000114e+01 5.622893000000000000e+06
5.729999999999999716e+01 1.631623000000000000e+06
5.549000000000000199e+01 7.884300000000000000e+05
5.535999999999999943e+01 1.065757000000000000e+06
5.464999999999999858e+01 1.006663000000000000e+06
5.267999999999999972e+01 5.669940000000000000e+05
5.296500000000000341e+01 1.096464000000000000e+06
5.322999999999999687e+01 1.273158000000000000e+06
5.410000000000000142e+01 2.162127000000000000e+06
5.222999999999999687e+01 2.612763000000000000e+06
4.870000000000000284e+01 1.319591000000000000e+06
4.836999999999999744e+01 7.033720000000000000e+05
4.915999999999999659e+01 5.725740000000000000e+05
4.927000000000000313e+01 6.775560000000000000e+05
4.850999999999999801e+01 1.107814000000000000e+06
4.900000000000000000e+01 1.104789000000000000e+06
5.017000000000000171e+01 1.301594000000000000e+06
5.020000000000000284e+01 6.703110000000000000e+05
5.140999999999999659e+01 7.045240000000000000e+05
5.165999999999999659e+01 1.051111000000000000e+06
5.109499999999999886e+01 1.444747000000000000e+06
5.147999999999999687e+01 1.182377000000000000e+06
5.125999999999999801e+01 2.876600000000000000e+06
5.221000000000000085e+01 8.273140000000000000e+05
5.313499999999999801e+01 1.029557000000000000e+06
5.303000000000000114e+01 1.249173000000000000e+06
5.372999999999999687e+01 7.030450000000000000e+05
5.378000000000000114e+01 9.322720000000000000e+05
5.450999999999999801e+01 4.285090000000000000e+05
5.481000000000000227e+01 7.885280000000000000e+05
5.475999999999999801e+01 1.118066000000000000e+06
5.314999999999999858e+01 1.003277000000000000e+06
5.389000000000000057e+01 8.511410000000000000e+05
5.446000000000000085e+01 7.616020000000000000e+05
5.447999999999999687e+01 1.490335000000000000e+06
5.400999999999999801e+01 1.100343000000000000e+06
5.327499999999999858e+01 1.363448000000000000e+06
5.382000000000000028e+01 2.319015000000000000e+06
5.118999999999999773e+01 9.836870000000000000e+05
5.114999999999999858e+01 6.561450000000000000e+05
5.228000000000000114e+01 1.150340000000000000e+06
5.263000000000000256e+01 1.666638000000000000e+06
5.368999999999999773e+01 3.335286000000000000e+06
5.360999999999999943e+01 2.049924000000000000e+06
5.290999999999999659e+01 2.932778000000000000e+06
5.179999999999999716e+01 2.258132000000000000e+06
5.140999999999999659e+01 3.043082000000000000e+06
5.071000000000000085e+01 1.318929000000000000e+06
5.104999999999999716e+01 1.628542000000000000e+06
4.989999999999999858e+01 9.044940000000000000e+05
4.990999999999999659e+01 1.245679000000000000e+06
5.086500000000000199e+01 2.784951000000000000e+06
5.003999999999999915e+01 2.568609000000000000e+06
5.132000000000000028e+01 1.080435000000000000e+06
5.057000000000000028e+01 6.824000000000000000e+05
5.035999999999999943e+01 1.033634000000000000e+06
5.082000000000000028e+01 1.232980000000000000e+06
4.932000000000000028e+01 9.647090000000000000e+05
4.921000000000000085e+01 1.663737000000000000e+06
4.892000000000000171e+01 1.876259000000000000e+06
4.807999999999999829e+01 1.266513000000000000e+06
4.785999999999999943e+01 1.819768000000000000e+06
4.777000000000000313e+01 1.933442000000000000e+06
4.840999999999999659e+01 2.060444000000000000e+06
4.671000000000000085e+01 5.168456000000000000e+06
4.339999999999999858e+01 2.054251000000000000e+06
4.371000000000000085e+01 1.503652000000000000e+06
4.437500000000000000e+01 7.484350000000000000e+05
4.425000000000000000e+01 1.354604000000000000e+06
4.411999999999999744e+01 1.221704000000000000e+06
4.292999999999999972e+01 9.276560000000000000e+05
4.385000000000000142e+01 1.005646000000000000e+06
4.414999999999999858e+01 4.716390000000000000e+05
4.372999999999999687e+01 7.784490000000000000e+05
4.399000000000000199e+01 8.177300000000000000e+05
4.332999999999999829e+01 2.063918000000000000e+06
4.375999999999999801e+01 8.751770000000000000e+05
4.421000000000000085e+01 1.848908000000000000e+06
4.490999999999999659e+01 6.693860000000000000e+05
4.560000000000000142e+01 4.993280000000000000e+05
4.604999999999999716e+01 1.163874000000000000e+06
4.570000000000000284e+01 1.039369000000000000e+06
4.579999999999999716e+01 2.227806000000000000e+06
4.498499999999999943e+01 6.378470000000000000e+05
4.500000000000000000e+01 7.182630000000000000e+05
4.485000000000000142e+01 5.728740000000000000e+05
4.467999999999999972e+01 8.443230000000000000e+05
4.503999999999999915e+01 1.555400000000000000e+06
4.564000000000000057e+01 9.779460000000000000e+05
4.532000000000000028e+01 2.546411000000000000e+06
4.520000000000000284e+01 5.784675000000000000e+06
4.667999999999999972e+01 1.658481000000000000e+06
4.621000000000000085e+01 1.409169000000000000e+06
4.560999999999999943e+01 1.061963000000000000e+06
4.603000000000000114e+01 9.386530000000000000e+05
4.670000000000000284e+01 4.387390000000000000e+05
4.675999999999999801e+01 5.617380000000000000e+05
4.685999999999999943e+01 6.654870000000000000e+05
4.803000000000000114e+01 4.615960000000000000e+05
4.747999999999999687e+01 2.861520000000000000e+05
4.765999999999999659e+01 2.023700000000000000e+05
4.750999999999999801e+01 7.430190000000000000e+05
4.667000000000000171e+01 1.408621000000000000e+06
4.685999999999999943e+01 2.103813000000000000e+06
4.595000000000000284e+01 2.402670000000000000e+06
4.575999999999999801e+01 1.901635000000000000e+06
4.375999999999999801e+01 1.171139000000000000e+06
4.374000000000000199e+01 7.427790000000000000e+05
4.378999999999999915e+01 8.567100000000000000e+05
4.372999999999999687e+01 2.474797000000000000e+06
4.460000000000000142e+01 1.837304000000000000e+06
4.470000000000000284e+01 1.074879000000000000e+06
4.495000000000000284e+01 1.365648000000000000e+06
4.547999999999999687e+01 1.337470000000000000e+06
4.496000000000000085e+01 7.597730000000000000e+05
4.434000000000000341e+01 8.735320000000000000e+05
4.414000000000000057e+01 1.561997000000000000e+06
4.265999999999999659e+01 1.036503000000000000e+06
4.389000000000000057e+01 1.698418000000000000e+06
4.214999999999999858e+01 4.958350000000000000e+05
4.215999999999999659e+01 3.645043000000000000e+06
4.220000000000000284e+01 6.057430000000000000e+05
4.182999999999999829e+01 5.594180000000000000e+05
4.171000000000000085e+01 8.267290000000000000e+05
4.178999999999999915e+01 7.677000000000000000e+05
4.177000000000000313e+01 9.266200000000000000e+05
4.131000000000000227e+01 6.955870000000000000e+05
4.159000000000000341e+01 1.356586000000000000e+06
4.050000000000000000e+01 1.221178000000000000e+06
4.035000000000000142e+01 2.516220000000000000e+06
3.989999999999999858e+01 8.553380000000000000e+05
3.935000000000000142e+01 1.570961000000000000e+06
3.899000000000000199e+01 1.153801000000000000e+06
3.897999999999999687e+01 1.368700000000000000e+06
3.903000000000000114e+01 5.918270000000000000e+05
3.839999999999999858e+01 1.426769000000000000e+06
3.907000000000000028e+01 1.351317000000000000e+06
3.900000000000000000e+01 1.080923000000000000e+06
3.843999999999999773e+01 1.809873000000000000e+06
3.665999999999999659e+01 2.061014000000000000e+06
3.622999999999999687e+01 8.802080000000000000e+05
3.532000000000000028e+01 5.184930000000000000e+05
3.502000000000000313e+01 3.235290000000000000e+05
3.425999999999999801e+01 8.823370000000000000e+05
3.464000000000000057e+01 1.213713000000000000e+06
3.415999999999999659e+01 8.581250000000000000e+05
3.290999999999999659e+01 8.281440000000000000e+05
3.202000000000000313e+01 2.323769000000000000e+06
3.130000000000000071e+01 1.266898000000000000e+06
3.107000000000000028e+01 1.214683000000000000e+06
3.204999999999999716e+01 1.687705000000000000e+06
3.196999999999999886e+01 2.206686000000000000e+06
3.372999999999999687e+01 8.930630000000000000e+05
3.399000000000000199e+01 1.036616000000000000e+06
3.496999999999999886e+01 1.520625000000000000e+06
3.460000000000000142e+01 8.760160000000000000e+05
3.560000000000000142e+01 5.426870000000000000e+05
3.579999999999999716e+01 1.056332000000000000e+06
3.503000000000000114e+01 6.336010000000000000e+05
3.517000000000000171e+01 1.099806000000000000e+06
3.602000000000000313e+01 5.213460000000000000e+05
3.621999999999999886e+01 5.196300000000000000e+05
3.657999999999999829e+01 6.977350000000000000e+05
3.588000000000000256e+01 5.627300000000000000e+05
3.653999999999999915e+01 8.477330000000000000e+05
3.685000000000000142e+01 8.586000000000000000e+05
3.678999999999999915e+01 5.866000000000000000e+05
3.677000000000000313e+01 7.347000000000000000e+05
3.695000000000000284e+01 5.293000000000000000e+05
3.667999999999999972e+01 3.526000000000000000e+05
3.642999999999999972e+01 7.404000000000000000e+05
3.643999999999999773e+01 4.543000000000000000e+05
3.661999999999999744e+01 8.389000000000000000e+05
3.650000000000000000e+01 6.078000000000000000e+05
3.631000000000000227e+01 3.710000000000000000e+05
3.606000000000000227e+01 5.693000000000000000e+05
3.610000000000000142e+01 6.572000000000000000e+05
3.610000000000000142e+01 1.191600000000000000e+06
3.625000000000000000e+01 1.067700000000000000e+06
3.693999999999999773e+01 1.755600000000000000e+06
3.699000000000000199e+01 6.593100000000000000e+06
3.331000000000000227e+01 4.673000000000000000e+05
3.318999999999999773e+01 5.038000000000000000e+05
3.370000000000000284e+01 3.655000000000000000e+05
3.378999999999999915e+01 3.870000000000000000e+05
3.378999999999999915e+01 3.551000000000000000e+05
3.378999999999999915e+01 9.865000000000000000e+05
3.374000000000000199e+01 5.928000000000000000e+05
3.378999999999999915e+01 6.797000000000000000e+05
3.349499999999999744e+01 6.199000000000000000e+05
3.367999999999999972e+01 7.957000000000000000e+05
3.356000000000000227e+01 1.509900000000000000e+06
3.284000000000000341e+01 8.961000000000000000e+05
3.220000000000000284e+01 4.836000000000000000e+05
3.232999999999999829e+01 3.933000000000000000e+05
3.217999999999999972e+01 3.316000000000000000e+05
3.175000000000000000e+01 5.468000000000000000e+05
3.178999999999999915e+01 6.034000000000000000e+05
3.187999999999999901e+01 1.181300000000000000e+06
3.242999999999999972e+01 9.805000000000000000e+05
3.296000000000000085e+01 4.994000000000000000e+05
3.296999999999999886e+01 1.338000000000000000e+06
3.278000000000000114e+01 1.876300000000000000e+06
3.304999999999999716e+01 1.658500000000000000e+06
3.353499999999999659e+01 2.615600000000000000e+06
3.275999999999999801e+01 1.413300000000000000e+06
3.239999999999999858e+01 1.273100000000000000e+06
3.253999999999999915e+01 6.603000000000000000e+05
3.205499999999999972e+01 6.216000000000000000e+05
3.217999999999999972e+01 3.921000000000000000e+05
3.189000000000000057e+01 4.810000000000000000e+05
3.228999999999999915e+01 6.896000000000000000e+05
3.198000000000000043e+01 6.096000000000000000e+05
3.235999999999999943e+01 1.942500000000000000e+06
3.231000000000000227e+01 1.059800000000000000e+06
3.271999999999999886e+01 6.915000000000000000e+05
3.295000000000000284e+01 6.645000000000000000e+05
3.274000000000000199e+01 8.915000000000000000e+05
3.265999999999999659e+01 9.044000000000000000e+05
3.220000000000000284e+01 1.544000000000000000e+06
3.237500000000000000e+01 8.793000000000000000e+05
3.247999999999999687e+01 5.644000000000000000e+05
3.194000000000000128e+01 5.924000000000000000e+05
3.189999999999999858e+01 7.651000000000000000e+05
3.169999999999999929e+01 9.239000000000000000e+05
3.144999999999999929e+01 5.246600000000000000e+06
3.198999999999999844e+01 8.794000000000000000e+05
3.203999999999999915e+01 1.027600000000000000e+06
3.214000000000000057e+01 2.092900000000000000e+06
3.242000000000000171e+01 1.073600000000000000e+06
3.198999999999999844e+01 8.369000000000000000e+05
3.191000000000000014e+01 6.739000000000000000e+05
3.192999999999999972e+01 1.074300000000000000e+06
3.203000000000000114e+01 1.010500000000000000e+06
3.189999999999999858e+01 2.641600000000000000e+06
3.285999999999999943e+01 7.008000000000000000e+05
3.292000000000000171e+01 9.496000000000000000e+05
3.364999999999999858e+01 5.289000000000000000e+05
3.354999999999999716e+01 7.482000000000000000e+05
3.367999999999999972e+01 9.388000000000000000e+05
3.375999999999999801e+01 6.934000000000000000e+05
3.403000000000000114e+01 1.348100000000000000e+06
3.409000000000000341e+01 1.164800000000000000e+06
3.402000000000000313e+01 5.971000000000000000e+05
3.389999999999999858e+01 8.355000000000000000e+05
3.375000000000000000e+01 9.622000000000000000e+05
3.335000000000000142e+01 1.013200000000000000e+06
3.324000000000000199e+01 1.048800000000000000e+06
3.370000000000000284e+01 6.759000000000000000e+05
3.396999999999999886e+01 3.904000000000000000e+05
3.375999999999999801e+01 8.264000000000000000e+05
3.377000000000000313e+01 5.153000000000000000e+05
3.317000000000000171e+01 1.061000000000000000e+06
3.317999999999999972e+01 8.415000000000000000e+05
3.275000000000000000e+01 8.456000000000000000e+05
3.264999999999999858e+01 1.436700000000000000e+06
3.240999999999999659e+01 6.725000000000000000e+05
3.252000000000000313e+01 7.449000000000000000e+05
3.238000000000000256e+01 9.453000000000000000e+05
3.146000000000000085e+01 1.811100000000000000e+06
3.178999999999999915e+01 9.482000000000000000e+05
3.189000000000000057e+01 6.918000000000000000e+05
3.185999999999999943e+01 6.149000000000000000e+05
3.203999999999999915e+01 7.840000000000000000e+05
3.250000000000000000e+01 1.206900000000000000e+06
3.246000000000000085e+01 1.308400000000000000e+06
3.277000000000000313e+01 1.390700000000000000e+06
3.293999999999999773e+01 3.230300000000000000e+06
3.167000000000000171e+01 3.810900000000000000e+06
3.096999999999999886e+01 2.435900000000000000e+06
3.101000000000000156e+01 2.348400000000000000e+06
3.083999999999999986e+01 1.177000000000000000e+06
3.078999999999999915e+01 9.778000000000000000e+05
3.030000000000000071e+01 4.995000000000000000e+05
3.071999999999999886e+01 1.059600000000000000e+06
2.980999999999999872e+01 2.142900000000000000e+06
2.964999999999999858e+01 1.320200000000000000e+06
2.991000000000000014e+01 5.558000000000000000e+05
2.985000000000000142e+01 1.242600000000000000e+06
3.103000000000000114e+01 4.593000000000000000e+05
3.169999999999999929e+01 7.735000000000000000e+05
3.142999999999999972e+01 7.402000000000000000e+05
3.125000000000000000e+01 9.727000000000000000e+05
3.257000000000000028e+01 8.734000000000000000e+05
3.328000000000000114e+01 5.410000000000000000e+05
3.325000000000000000e+01 6.099000000000000000e+05
3.318999999999999773e+01 7.858000000000000000e+05
3.227000000000000313e+01 1.030500000000000000e+06
3.183999999999999986e+01 1.373500000000000000e+06
3.259000000000000341e+01 8.432000000000000000e+05
3.285000000000000142e+01 1.170000000000000000e+06
3.310000000000000142e+01 1.866000000000000000e+06
3.328000000000000114e+01 9.386000000000000000e+05
3.349000000000000199e+01 1.975400000000000000e+06
3.335000000000000142e+01 9.117000000000000000e+05
3.274000000000000199e+01 8.028000000000000000e+05
3.271000000000000085e+01 1.989400000000000000e+06
3.220000000000000284e+01 1.101800000000000000e+06
3.173000000000000043e+01 8.146000000000000000e+05
3.200000000000000000e+01 9.758000000000000000e+05
3.282999999999999829e+01 8.512000000000000000e+05
3.307000000000000028e+01 1.416900000000000000e+06
3.290999999999999659e+01 1.206400000000000000e+06
3.336999999999999744e+01 2.332600000000000000e+06
3.317999999999999972e+01 2.739100000000000000e+06
3.290999999999999659e+01 6.888400000000000000e+06
3.382999999999999829e+01 8.112000000000000000e+05
3.367999999999999972e+01 8.711000000000000000e+05
3.427000000000000313e+01 1.208700000000000000e+06
3.334000000000000341e+01 1.089600000000000000e+06
3.282999999999999829e+01 9.604000000000000000e+05
3.363000000000000256e+01 5.185000000000000000e+05
3.410999999999999943e+01 8.546000000000000000e+05
3.427000000000000313e+01 1.135300000000000000e+06
3.378999999999999915e+01 6.675000000000000000e+05
3.335000000000000142e+01 1.439100000000000000e+06
3.356000000000000227e+01 4.590400000000000000e+06
3.517000000000000171e+01 1.468600000000000000e+06
3.470000000000000284e+01 2.433600000000000000e+06
3.589000000000000057e+01 1.248100000000000000e+06
3.625000000000000000e+01 1.418900000000000000e+06
3.561999999999999744e+01 5.173000000000000000e+05
3.521000000000000085e+01 3.827000000000000000e+05
3.507999999999999829e+01 4.344000000000000000e+05
3.442999999999999972e+01 3.359000000000000000e+05
3.421000000000000085e+01 4.175000000000000000e+05
3.439999999999999858e+01 7.948000000000000000e+05
3.502000000000000313e+01 6.026000000000000000e+05
3.506000000000000227e+01 6.550000000000000000e+05
3.443999999999999773e+01 6.828000000000000000e+05
3.488000000000000256e+01 7.944000000000000000e+05
3.474000000000000199e+01 9.031000000000000000e+05
3.525999999999999801e+01 9.596000000000000000e+05
3.603999999999999915e+01 1.076900000000000000e+06
3.670000000000000284e+01 8.939000000000000000e+05
3.621999999999999886e+01 7.080000000000000000e+05
3.653999999999999915e+01 3.190000000000000000e+05
3.690999999999999659e+01 8.187000000000000000e+05
3.689000000000000057e+01 8.403000000000000000e+05
3.585000000000000142e+01 1.164800000000000000e+06
3.484000000000000341e+01 4.214000000000000000e+05
3.525000000000000000e+01 6.887000000000000000e+05
3.471999999999999886e+01 5.913000000000000000e+05
3.432000000000000028e+01 2.237000000000000000e+05
3.388000000000000256e+01 6.407000000000000000e+05
3.396000000000000085e+01 3.779000000000000000e+05
3.464000000000000057e+01 4.847000000000000000e+05
3.464000000000000057e+01 4.284000000000000000e+05
3.546999999999999886e+01 5.630000000000000000e+05
3.525000000000000000e+01 4.202000000000000000e+05
3.511999999999999744e+01 1.325000000000000000e+05
3.506000000000000227e+01 4.352000000000000000e+05
3.510000000000000142e+01 3.134000000000000000e+05
3.475000000000000000e+01 6.748000000000000000e+05
3.452000000000000313e+01 4.016900000000000000e+06
3.315999999999999659e+01 1.533100000000000000e+06
3.189999999999999858e+01 5.561000000000000000e+05
3.214000000000000057e+01 5.452000000000000000e+05
3.228999999999999915e+01 5.947000000000000000e+05
3.164999999999999858e+01 9.219000000000000000e+05
3.210999999999999943e+01 8.237000000000000000e+05
3.300000000000000000e+01 6.869000000000000000e+05
3.324000000000000199e+01 4.091000000000000000e+05
3.356000000000000227e+01 4.634000000000000000e+05
3.352000000000000313e+01 9.060000000000000000e+05
3.300000000000000000e+01 1.328700000000000000e+06
3.324000000000000199e+01 1.012900000000000000e+07
3.354999999999999716e+01 1.968100000000000000e+06
3.411999999999999744e+01 2.354000000000000000e+05
3.410000000000000142e+01 1.320000000000000000e+05
3.435999999999999943e+01 3.115000000000000000e+05
3.399000000000000199e+01 7.676000000000000000e+05
3.354999999999999716e+01 4.875000000000000000e+05
3.357000000000000028e+01 9.106000000000000000e+05
3.320000000000000284e+01 3.321000000000000000e+05
3.275000000000000000e+01 4.571000000000000000e+05
3.286999999999999744e+01 2.673000000000000000e+05
3.313000000000000256e+01 6.426000000000000000e+05
3.307000000000000028e+01 5.159000000000000000e+05
3.191000000000000014e+01 1.995000000000000000e+05
3.209000000000000341e+01 1.776000000000000000e+05
3.196999999999999886e+01 5.443000000000000000e+05
3.210000000000000142e+01 2.150000000000000000e+05
3.142000000000000171e+01 2.614000000000000000e+05
3.130999999999999872e+01 3.810000000000000000e+05
3.224000000000000199e+01 1.526000000000000000e+05
3.185999999999999943e+01 3.110000000000000000e+05
3.271999999999999886e+01 5.141000000000000000e+05
3.228000000000000114e+01 2.064000000000000000e+05
3.202000000000000313e+01 4.089000000000000000e+05
3.211999999999999744e+01 4.943000000000000000e+05
3.222999999999999687e+01 3.081100000000000000e+06
3.206000000000000227e+01 1.616100000000000000e+06
3.243999999999999773e+01 1.265500000000000000e+06
3.286999999999999744e+01 1.389400000000000000e+06
3.235000000000000142e+01 7.132000000000000000e+05
3.198999999999999844e+01 7.875000000000000000e+05
3.121999999999999886e+01 1.364700000000000000e+06
3.005999999999999872e+01 1.015700000000000000e+06
2.980999999999999872e+01 1.292300000000000000e+06
2.992999999999999972e+01 8.612000000000000000e+05
3.016000000000000014e+01 5.646000000000000000e+05
3.048000000000000043e+01 3.563000000000000000e+05
3.073999999999999844e+01 3.822000000000000000e+05
3.089000000000000057e+01 3.439000000000000000e+05
3.032000000000000028e+01 8.082000000000000000e+05
3.019999999999999929e+01 1.213100000000000000e+06
3.085000000000000142e+01 4.178000000000000000e+05
3.125000000000000000e+01 1.053100000000000000e+06
3.053999999999999915e+01 3.989000000000000000e+05
3.133999999999999986e+01 1.862500000000000000e+06
3.082999999999999829e+01 1.035600000000000000e+06
3.085000000000000142e+01 9.240000000000000000e+05
3.101999999999999957e+01 3.591000000000000000e+05
3.126999999999999957e+01 6.441000000000000000e+05
3.164999999999999858e+01 6.152000000000000000e+05
3.194000000000000128e+01 5.534000000000000000e+05
3.284000000000000341e+01 2.124000000000000000e+05
3.304999999999999716e+01 4.870000000000000000e+05
3.318999999999999773e+01 2.976000000000000000e+05
3.306000000000000227e+01 2.106000000000000000e+05
3.317999999999999972e+01 4.584000000000000000e+05
3.229999999999999716e+01 3.254000000000000000e+05
3.257000000000000028e+01 3.750000000000000000e+05
3.187999999999999901e+01 4.407000000000000000e+05
3.180000000000000071e+01 3.485000000000000000e+05
3.175000000000000000e+01 3.708000000000000000e+05
3.119000000000000128e+01 4.851000000000000000e+05
3.130999999999999872e+01 1.862000000000000000e+05
3.114999999999999858e+01 5.644000000000000000e+05
3.116000000000000014e+01 5.713000000000000000e+05
3.146000000000000085e+01 4.981000000000000000e+05
3.108999999999999986e+01 3.792000000000000000e+05
3.121000000000000085e+01 3.413000000000000000e+05
3.110000000000000142e+01 4.133000000000000000e+05
3.121000000000000085e+01 6.228000000000000000e+05
3.169000000000000128e+01 4.646000000000000000e+05
3.178000000000000114e+01 6.347000000000000000e+05
3.242000000000000171e+01 3.127000000000000000e+05
3.180000000000000071e+01 3.995000000000000000e+05
3.146000000000000085e+01 4.711000000000000000e+05
3.146000000000000085e+01 9.150000000000000000e+05
3.196999999999999886e+01 1.779200000000000000e+06
3.278999999999999915e+01 7.373000000000000000e+05
3.243999999999999773e+01 6.371000000000000000e+05
3.221999999999999886e+01 9.129000000000000000e+05
3.160000000000000142e+01 9.331000000000000000e+05
3.101999999999999957e+01 9.222500000000000000e+06
3.005000000000000071e+01 1.107700000000000000e+06
3.017999999999999972e+01 1.020000000000000000e+05
3.026000000000000156e+01 1.736000000000000000e+05
3.073999999999999844e+01 3.256000000000000000e+05
3.058999999999999986e+01 1.459000000000000000e+05
3.025000000000000000e+01 7.701000000000000000e+05
3.030999999999999872e+01 5.617000000000000000e+05
2.976000000000000156e+01 2.004000000000000000e+05
3.026000000000000156e+01 4.940000000000000000e+05
3.096999999999999886e+01 5.692000000000000000e+05
3.026999999999999957e+01 2.623000000000000000e+05
3.071999999999999886e+01 7.510000000000000000e+04
3.112999999999999901e+01 1.108000000000000000e+05
3.130000000000000071e+01 9.580000000000000000e+04
3.119999999999999929e+01 5.760000000000000000e+04
3.137000000000000099e+01 3.324000000000000000e+05
3.135000000000000142e+01 2.530000000000000000e+05
3.139999999999999858e+01 1.298000000000000000e+05
3.137999999999999901e+01 8.870000000000000000e+04
3.153000000000000114e+01 1.164000000000000000e+05
3.142999999999999972e+01 2.703000000000000000e+05
3.150000000000000000e+01 1.071000000000000000e+05
3.176000000000000156e+01 1.780000000000000000e+05
3.178999999999999915e+01 2.866000000000000000e+05
3.164999999999999858e+01 1.447000000000000000e+05
3.058999999999999986e+01 5.385000000000000000e+05
3.048000000000000043e+01 4.116000000000000000e+05
3.094999999999999929e+01 3.378000000000000000e+05
3.030999999999999872e+01 7.316000000000000000e+05
3.003000000000000114e+01 4.513000000000000000e+05
2.942999999999999972e+01 1.668000000000000000e+05
2.876000000000000156e+01 3.228000000000000000e+05
2.826999999999999957e+01 6.204000000000000000e+05
2.971999999999999886e+01 1.503900000000000000e+06
3.128000000000000114e+01 2.955000000000000000e+05
3.130000000000000071e+01 1.974000000000000000e+05
3.155000000000000071e+01 3.593000000000000000e+05
3.119000000000000128e+01 1.945000000000000000e+05
3.128000000000000114e+01 3.441000000000000000e+05
3.107999999999999829e+01 4.149000000000000000e+05
3.110999999999999943e+01 2.186000000000000000e+05
3.164999999999999858e+01 2.293000000000000000e+05
3.117000000000000171e+01 5.871000000000000000e+05
3.123999999999999844e+01 4.256000000000000000e+05
3.078999999999999915e+01 3.677000000000000000e+05
3.085000000000000142e+01 5.297000000000000000e+05
3.141000000000000014e+01 3.581000000000000000e+05
3.135000000000000142e+01 6.598000000000000000e+05
3.075000000000000000e+01 2.118000000000000000e+05
3.082000000000000028e+01 2.961000000000000000e+05
3.157000000000000028e+01 3.216000000000000000e+05
3.175000000000000000e+01 6.904000000000000000e+05
3.214999999999999858e+01 1.682000000000000000e+05
3.196000000000000085e+01 2.058000000000000000e+05
3.180000000000000071e+01 3.549000000000000000e+05
3.200000000000000000e+01 2.545000000000000000e+05
3.203000000000000114e+01 2.864000000000000000e+05
3.155999999999999872e+01 8.413000000000000000e+05
3.142000000000000171e+01 3.394000000000000000e+05
3.135999999999999943e+01 2.746000000000000000e+05
3.076000000000000156e+01 4.917000000000000000e+05
3.046000000000000085e+01 2.890000000000000000e+05
3.101000000000000156e+01 2.742000000000000000e+05
3.171000000000000085e+01 2.523000000000000000e+05
3.189999999999999858e+01 3.253000000000000000e+05
3.166000000000000014e+01 8.332000000000000000e+05
3.182000000000000028e+01 8.660000000000000000e+05
3.153000000000000114e+01 1.507000000000000000e+05
3.135999999999999943e+01 2.149000000000000000e+05
3.108999999999999986e+01 4.087000000000000000e+05
3.101000000000000156e+01 4.297000000000000000e+05
3.035999999999999943e+01 3.817000000000000000e+05
3.039000000000000057e+01 2.092000000000000000e+05
3.005999999999999872e+01 1.192700000000000000e+06
2.889999999999999858e+01 1.971000000000000000e+05
2.933999999999999986e+01 1.371000000000000000e+05
2.937999999999999901e+01 2.108000000000000000e+05
2.942999999999999972e+01 1.184000000000000000e+05
2.933999999999999986e+01 1.759000000000000000e+05
2.955000000000000071e+01 2.243000000000000000e+05
3.000000000000000000e+01 4.520000000000000000e+05
3.007000000000000028e+01 1.443000000000000000e+05
3.050000000000000000e+01 1.151000000000000000e+05
3.064000000000000057e+01 1.127000000000000000e+05
3.053000000000000114e+01 2.658000000000000000e+05
3.033999999999999986e+01 2.502000000000000000e+05
2.998999999999999844e+01 2.462000000000000000e+05
2.930000000000000071e+01 3.347000000000000000e+05
2.926999999999999957e+01 4.420000000000000000e+05
2.919000000000000128e+01 1.083700000000000000e+06
2.992000000000000171e+01 6.390000000000000000e+05
2.992999999999999972e+01 6.401000000000000000e+05
2.964999999999999858e+01 2.345700000000000000e+06
3.014999999999999858e+01 2.154000000000000000e+05
2.953999999999999915e+01 4.109000000000000000e+05
2.948000000000000043e+01 5.632000000000000000e+05
3.017999999999999972e+01 1.128000000000000000e+05
3.003000000000000114e+01 9.690000000000000000e+04
3.050199999999999889e+01 1.629000000000000000e+05
3.026000000000000156e+01 1.335000000000000000e+05
3.028999999999999915e+01 3.896000000000000000e+05
2.982000000000000028e+01 7.987000000000000000e+05
2.999500000000000099e+01 7.855000000000000000e+05
3.078000000000000114e+01 3.216000000000000000e+05
3.085000000000000142e+01 7.707000000000000000e+05
3.066000000000000014e+01 3.160000000000000000e+05
3.030000000000000071e+01 6.793000000000000000e+05
3.028999999999999915e+01 3.068000000000000000e+05
3.001999999999999957e+01 1.531000000000000000e+05
3.003000000000000114e+01 3.660000000000000000e+05
3.044999999999999929e+01 2.744000000000000000e+05
3.098999999999999844e+01 6.882000000000000000e+05
3.098000000000000043e+01 2.349000000000000000e+05
3.026000000000000156e+01 2.944000000000000000e+05
3.021000000000000085e+01 4.183000000000000000e+05
3.078000000000000114e+01 4.717000000000000000e+05
2.998999999999999844e+01 5.712000000000000000e+05
3.046999999999999886e+01 4.814000000000000000e+05
3.080000000000000071e+01 6.127000000000000000e+05
3.118799999999999883e+01 4.978000000000000000e+05
3.026999999999999957e+01 1.418700000000000000e+06
2.925000000000000000e+01 4.319000000000000000e+05
2.892000000000000171e+01 7.725000000000000000e+05
2.832000000000000028e+01 1.876800000000000000e+06
2.767999999999999972e+01 5.769000000000000000e+05
2.791000000000000014e+01 3.802000000000000000e+05
2.755000000000000071e+01 2.763000000000000000e+05
2.798000000000000043e+01 3.772000000000000000e+05
2.853999999999999915e+01 4.472000000000000000e+05
2.841000000000000014e+01 9.521000000000000000e+05
2.764999999999999858e+01 1.099300000000000000e+06
2.637000000000000099e+01 9.704000000000000000e+05
2.628999999999999915e+01 8.164000000000000000e+05
2.710999999999999943e+01 4.374000000000000000e+05
2.776000000000000156e+01 1.722000000000000000e+05
2.735000000000000142e+01 8.707000000000000000e+05
2.734499999999999886e+01 5.087000000000000000e+05
2.748999999999999844e+01 1.572200000000000000e+06
2.694999999999999929e+01 2.072000000000000000e+06
2.478999999999999915e+01 1.776180000000000000e+07
