8.169999999999999929e+00 1.328472000000000000e+06
8.589999999999999858e+00 1.020662000000000000e+06
8.990000000000000213e+00 1.125645000000000000e+06
8.859999999999999432e+00 1.490765000000000000e+06
8.419999999999999929e+00 1.206248000000000000e+06
9.160000000000000142e+00 1.214254000000000000e+06
8.609999999999999432e+00 1.540697000000000000e+06
8.650000000000000355e+00 1.598533000000000000e+06
8.140000000000000568e+00 2.210170000000000000e+06
8.710000000000000853e+00 2.137875000000000000e+06
9.320000000000000284e+00 1.015351000000000000e+06
9.160000000000000142e+00 2.004428000000000000e+06
1.072000000000000064e+01 2.497560000000000000e+06
1.027999999999999936e+01 1.339735000000000000e+06
1.060999999999999943e+01 2.137333000000000000e+06
9.419999999999999929e+00 3.021404000000000000e+06
1.034999999999999964e+01 2.166377000000000000e+06
1.106000000000000050e+01 1.452613000000000000e+06
1.039600000000000080e+01 1.615539000000000000e+06
1.115910000000000046e+01 1.633153000000000000e+06
1.122850000000000037e+01 8.446290000000000000e+05
1.199160000000000004e+01 1.166599000000000000e+06
1.198170000000000002e+01 1.821923000000000000e+06
1.254659999999999975e+01 1.875875000000000000e+06
1.232850000000000001e+01 2.573694000000000000e+06
1.216999999999999993e+01 1.348823000000000000e+06
1.261589999999999989e+01 7.232480000000000000e+05
1.311640000000000050e+01 9.835190000000000000e+05
1.390429999999999922e+01 8.194560000000000000e+05
1.465750000000000064e+01 5.014890000000000000e+05
1.484580000000000055e+01 8.263050000000000000e+05
1.491510000000000069e+01 5.129000000000000000e+05
1.478630000000000067e+01 3.335930000000000000e+05
1.484580000000000055e+01 4.403770000000000000e+05
1.467730000000000068e+01 4.880360000000000000e+05
1.466740000000000066e+01 5.722330000000000000e+05
1.435030000000000072e+01 4.536400000000000000e+05
1.395379999999999932e+01 9.474760000000000000e+05
1.431060000000000088e+01 7.564410000000000000e+05
1.460790000000000077e+01 1.311445000000000000e+06
1.427100000000000080e+01 7.907800000000000000e+05
1.402319999999999922e+01 5.314480000000000000e+05
1.389439999999999920e+01 7.327360000000000000e+05
1.384479999999999933e+01 6.160780000000000000e+05
1.388449999999999918e+01 7.571010000000000000e+05
1.366639999999999944e+01 5.832180000000000000e+05
1.379529999999999923e+01 8.262910000000000000e+05
1.397369999999999912e+01 6.391570000000000000e+05
1.421649999999999991e+01 8.995870000000000000e+05
1.457820000000000071e+01 4.348220000000000000e+05
1.465750000000000064e+01 5.449120000000000000e+05
1.470700000000000074e+01 6.121640000000000000e+05
1.509350000000000058e+01 7.256200000000000000e+05
1.511340000000000039e+01 5.512220000000000000e+05
1.500430000000000064e+01 4.880970000000000000e+05
1.491019999999999968e+01 9.338400000000000000e+05
1.476650000000000063e+01 3.673040000000000000e+05
1.458810000000000073e+01 4.369520000000000000e+05
1.467730000000000068e+01 6.618840000000000000e+05
1.483590000000000053e+01 5.280590000000000000e+05
1.479620000000000068e+01 4.676900000000000000e+05
1.463770000000000060e+01 4.750970000000000000e+05
1.468720000000000070e+01 1.037300000000000000e+06
1.467730000000000068e+01 6.746950000000000000e+05
1.438000000000000078e+01 3.277150000000000000e+05
1.433039999999999914e+01 3.447660000000000000e+05
1.434029999999999916e+01 4.086580000000000000e+05
1.439980000000000082e+01 7.492910000000000000e+05
1.416200000000000081e+01 1.122370000000000000e+05
1.418180000000000085e+01 4.042200000000000000e+05
1.418180000000000085e+01 1.771060000000000000e+06
1.418180000000000085e+01 6.297330000000000000e+05
1.425109999999999921e+01 6.723030000000000000e+05
1.403309999999999924e+01 5.835690000000000000e+05
1.396369999999999933e+01 6.832440000000000000e+05
1.378539999999999921e+01 7.726710000000000000e+05
1.390429999999999922e+01 6.058030000000000000e+05
1.341370000000000040e+01 5.392000000000000000e+05
1.332949999999999946e+01 6.465150000000000000e+05
1.336909999999999954e+01 7.469700000000000000e+05
1.335919999999999952e+01 5.786380000000000000e+05
1.316099999999999959e+01 5.801910000000000000e+05
1.295289999999999964e+01 5.812960000000000000e+05
1.279429999999999978e+01 4.917130000000000000e+05
1.305199999999999960e+01 7.825030000000000000e+05
1.305199999999999960e+01 5.288850000000000000e+05
1.326009999999999955e+01 5.481890000000000000e+05
1.320059999999999967e+01 4.578720000000000000e+05
1.305199999999999960e+01 6.707500000000000000e+05
1.286369999999999969e+01 7.819430000000000000e+05
1.278439999999999976e+01 5.969250000000000000e+05
1.302229999999999954e+01 6.597320000000000000e+05
1.315109999999999957e+01 4.161750000000000000e+05
1.314119999999999955e+01 5.647430000000000000e+05
1.320059999999999967e+01 7.864490000000000000e+05
1.308169999999999966e+01 8.858800000000000000e+05
1.319069999999999965e+01 8.048030000000000000e+05
1.319069999999999965e+01 8.182650000000000000e+05
1.324029999999999951e+01 1.063642000000000000e+06
1.311149999999999949e+01 1.103236000000000000e+06
1.366639999999999944e+01 7.124220000000000000e+05
1.385469999999999935e+01 4.656690000000000000e+05
1.406279999999999930e+01 3.806890000000000000e+05
1.410249999999999915e+01 4.846950000000000000e+05
1.405289999999999928e+01 5.536710000000000000e+05
1.399349999999999916e+01 5.025070000000000000e+05
1.389439999999999920e+01 3.801500000000000000e+05
1.420159999999999911e+01 3.975100000000000000e+05
1.417190000000000083e+01 3.925040000000000000e+05
1.408270000000000088e+01 4.616830000000000000e+05
1.409750000000000014e+01 7.003090000000000000e+05
1.411739999999999995e+01 5.601860000000000000e+05
1.406279999999999930e+01 1.115492000000000000e+06
1.387459999999999916e+01 4.804190000000000000e+05
1.366639999999999944e+01 1.001767000000000000e+06
1.378539999999999921e+01 6.811420000000000000e+05
1.374569999999999936e+01 5.729950000000000000e+05
1.351779999999999937e+01 6.959730000000000000e+05
1.367629999999999946e+01 3.268890000000000000e+05
1.363669999999999938e+01 4.307360000000000000e+05
1.334929999999999950e+01 5.946090000000000000e+05
1.324029999999999951e+01 7.429820000000000000e+05
1.307680000000000042e+01 7.423410000000000000e+05
1.381509999999999927e+01 6.064350000000000000e+05
1.398850000000000016e+01 3.686590000000000000e+05
1.383990000000000009e+01 5.454270000000000000e+05
1.393399999999999928e+01 9.778890000000000000e+05
1.412229999999999919e+01 6.273560000000000000e+05
1.416690000000000005e+01 5.726720000000000000e+05
1.404299999999999926e+01 2.258670000000000000e+05
1.410249999999999915e+01 5.927440000000000000e+05
1.424119999999999919e+01 3.558280000000000000e+05
1.413219999999999921e+01 5.151130000000000000e+05
1.426110000000000078e+01 4.344210000000000000e+05
1.419170000000000087e+01 1.193095000000000000e+06
1.422139999999999915e+01 4.499490000000000000e+05
1.446920000000000073e+01 5.270100000000000000e+05
1.448900000000000077e+01 4.270210000000000000e+05
1.435030000000000072e+01 4.709430000000000000e+05
1.476650000000000063e+01 3.428550000000000000e+05
1.468720000000000070e+01 6.365680000000000000e+05
1.473680000000000057e+01 3.630520000000000000e+05
1.470700000000000074e+01 3.941460000000000000e+05
1.451999999999999957e+01 4.216410000000000000e+05
1.428369999999999962e+01 3.690170000000000000e+05
1.411640000000000050e+01 3.703280000000000000e+05
1.397860000000000014e+01 3.967450000000000000e+05
1.371279999999999966e+01 3.740950000000000000e+05
1.393919999999999959e+01 3.185830000000000000e+05
1.396870000000000012e+01 2.464350000000000000e+05
1.390970000000000084e+01 4.095030000000000000e+05
1.370289999999999964e+01 5.273600000000000000e+05
1.382109999999999950e+01 4.106690000000000000e+05
1.373249999999999993e+01 7.317080000000000000e+05
1.424440000000000062e+01 4.095840000000000000e+05
1.423450000000000060e+01 2.731660000000000000e+05
1.406719999999999970e+01 4.206010000000000000e+05
1.413610000000000078e+01 3.152310000000000000e+05
1.391949999999999932e+01 4.802900000000000000e+05
1.377180000000000071e+01 7.690050000000000000e+05
1.353560000000000052e+01 7.949970000000000000e+05
1.423450000000000060e+01 8.925330000000000000e+05
1.417539999999999978e+01 1.125205000000000000e+06
1.385060000000000002e+01 8.094930000000000000e+05
1.315169999999999995e+01 1.025456000000000000e+06
1.291539999999999999e+01 6.992720000000000000e+05
1.299419999999999931e+01 5.157330000000000000e+05
1.288589999999999947e+01 1.094767000000000000e+06
1.309259999999999913e+01 7.131300000000000000e+05
1.313199999999999967e+01 6.853650000000000000e+05
1.325009999999999977e+01 6.956350000000000000e+05
1.346669999999999945e+01 3.550800000000000000e+05
1.343709999999999916e+01 3.902140000000000000e+05
1.348639999999999972e+01 4.157980000000000000e+05
1.344699999999999918e+01 3.707280000000000000e+05
1.361430000000000007e+01 8.355440000000000000e+05
1.344699999999999918e+01 9.140040000000000000e+05
1.337809999999999988e+01 4.673230000000000000e+05
1.329930000000000057e+01 3.924210000000000000e+05
1.344699999999999918e+01 7.942850000000000000e+05
1.331900000000000084e+01 7.612900000000000000e+05
1.366360000000000063e+01 7.403370000000000000e+05
1.353560000000000052e+01 4.663740000000000000e+05
1.351590000000000025e+01 6.706350000000000000e+05
1.342730000000000068e+01 4.098490000000000000e+05
1.347649999999999970e+01 6.432740000000000000e+05
1.348639999999999972e+01 3.869040000000000000e+05
1.349619999999999997e+01 3.191530000000000000e+05
1.369309999999999938e+01 5.266070000000000000e+05
1.368319999999999936e+01 2.698330000000000000e+05
1.369309999999999938e+01 3.913100000000000000e+05
1.377180000000000071e+01 9.049700000000000000e+05
1.374230000000000018e+01 1.691598000000000000e+06
1.364390000000000036e+01 5.980250000000000000e+05
1.348639999999999972e+01 6.123000000000000000e+05
1.344699999999999918e+01 5.274820000000000000e+05
1.351590000000000025e+01 7.795000000000000000e+05
1.370289999999999964e+01 1.850167000000000000e+06
1.373249999999999993e+01 1.156623000000000000e+06
1.350600000000000023e+01 1.296002000000000000e+06
1.299419999999999931e+01 1.147155000000000000e+06
1.241339999999999932e+01 9.748520000000000000e+05
1.201960000000000051e+01 1.291816000000000000e+06
1.197039999999999971e+01 5.331880000000000000e+05
1.188180000000000014e+01 5.979970000000000000e+05
1.194079999999999941e+01 6.494010000000000000e+05
1.193099999999999916e+01 6.213210000000000000e+05
1.188180000000000014e+01 7.039970000000000000e+05
1.174399999999999977e+01 8.221980000000000000e+05
1.178330000000000055e+01 1.344787000000000000e+06
1.170459999999999923e+01 7.120530000000000000e+05
1.153720000000000034e+01 8.700800000000000000e+05
1.146829999999999927e+01 7.038040000000000000e+05
1.158649999999999913e+01 8.012920000000000000e+05
1.168490000000000073e+01 7.391310000000000000e+05
1.180300000000000082e+01 5.804270000000000000e+05
1.187190000000000012e+01 6.750110000000000000e+05
1.181290000000000084e+01 6.872480000000000000e+05
1.180300000000000082e+01 9.050640000000000000e+05
1.182269999999999932e+01 5.456250000000000000e+05
1.162579999999999991e+01 1.651408000000000000e+06
1.137969999999999970e+01 5.534150000000000000e+05
1.149789999999999957e+01 2.328040000000000000e+05
1.154710000000000036e+01 5.319560000000000000e+05
1.146829999999999927e+01 1.159008000000000000e+06
1.139939999999999998e+01 1.404516000000000000e+06
1.184239999999999959e+01 8.182160000000000000e+05
1.147819999999999929e+01 9.266620000000000000e+05
1.142900000000000027e+01 6.792690000000000000e+05
1.155690000000000062e+01 8.834710000000000000e+05
1.198019999999999996e+01 4.248980000000000000e+05
1.223620000000000019e+01 1.212961000000000000e+06
1.217709999999999937e+01 5.826080000000000000e+05
1.224600000000000044e+01 1.138217000000000000e+06
1.229519999999999946e+01 6.245860000000000000e+05
1.232479999999999976e+01 9.441890000000000000e+05
1.237400000000000055e+01 4.829160000000000000e+05
1.226570000000000071e+01 3.128950000000000000e+05
1.242319999999999958e+01 3.995010000000000000e+05
1.240349999999999930e+01 4.286410000000000000e+05
1.232479999999999976e+01 2.966680000000000000e+05
1.243299999999999983e+01 3.702140000000000000e+05
1.251179999999999914e+01 5.279910000000000000e+05
1.255119999999999969e+01 6.487050000000000000e+05
1.245270000000000010e+01 8.199820000000000000e+05
1.255119999999999969e+01 3.873750000000000000e+05
1.244289999999999985e+01 3.335870000000000000e+05
1.256099999999999994e+01 2.388420000000000000e+05
1.243299999999999983e+01 2.918520000000000000e+05
1.243299999999999983e+01 3.475850000000000000e+05
1.244289999999999985e+01 3.398950000000000000e+05
1.238380000000000081e+01 1.011814000000000000e+06
1.235430000000000028e+01 6.078550000000000000e+05
1.228539999999999921e+01 9.094300000000000000e+05
1.241339999999999932e+01 5.057650000000000000e+05
1.229519999999999946e+01 3.674870000000000000e+05
1.225590000000000046e+01 3.116490000000000000e+05
1.219679999999999964e+01 4.669830000000000000e+05
1.230509999999999948e+01 6.624680000000000000e+05
1.239370000000000083e+01 1.402683000000000000e+06
1.244289999999999985e+01 1.574315000000000000e+06
1.264959999999999951e+01 2.139864000000000000e+06
1.241339999999999932e+01 1.781199000000000000e+06
1.242319999999999958e+01 1.406480000000000000e+06
1.253149999999999942e+01 1.331772000000000000e+06
1.254129999999999967e+01 2.386294000000000000e+06
1.258070000000000022e+01 1.030771000000000000e+06
1.275789999999999935e+01 4.353890000000000000e+05
1.285629999999999917e+01 6.627100000000000000e+05
1.298329999999999984e+01 3.252680000000000000e+05
1.274890000000000079e+01 2.681750000000000000e+05
1.284660000000000046e+01 2.618810000000000000e+05
1.305170000000000030e+01 6.106740000000000000e+05
1.311030000000000051e+01 9.431170000000000000e+05
1.324709999999999965e+01 3.556280000000000000e+05
1.324709999999999965e+01 4.214710000000000000e+05
1.300290000000000035e+01 5.350250000000000000e+05
1.301260000000000083e+01 3.138290000000000000e+05
1.301260000000000083e+01 3.965070000000000000e+05
1.296380000000000088e+01 4.461530000000000000e+05
1.290520000000000067e+01 3.521040000000000000e+05
1.274890000000000079e+01 4.812010000000000000e+05
1.284660000000000046e+01 4.565510000000000000e+05
1.271959999999999980e+01 5.743220000000000000e+05
1.263160000000000061e+01 5.641900000000000000e+05
1.239719999999999978e+01 3.773690000000000000e+05
1.236790000000000056e+01 4.873550000000000000e+05
1.233859999999999957e+01 4.787600000000000000e+05
1.212359999999999971e+01 6.823230000000000000e+05
1.237759999999999927e+01 7.520010000000000000e+05
1.252420000000000044e+01 7.611210000000000000e+05
1.276839999999999975e+01 5.256190000000000000e+05
1.281729999999999947e+01 4.256910000000000000e+05
1.269030000000000058e+01 1.026603000000000000e+06
1.256329999999999991e+01 6.403920000000000000e+05
1.263160000000000061e+01 1.328003000000000000e+06
1.253400000000000070e+01 9.285800000000000000e+05
1.256329999999999991e+01 1.047379000000000000e+06
1.248509999999999920e+01 7.843750000000000000e+05
1.250459999999999994e+01 1.912314000000000000e+06
1.227020000000000088e+01 5.362380000000000000e+05
1.207479999999999976e+01 3.629270000000000000e+05
1.221160000000000068e+01 5.246230000000000000e+05
1.238739999999999952e+01 6.282420000000000000e+05
1.230930000000000035e+01 7.999340000000000000e+05
1.225060000000000038e+01 5.457420000000000000e+05
1.222129999999999939e+01 9.503480000000000000e+05
1.216269999999999918e+01 4.925590000000000000e+05
1.219200000000000017e+01 3.738770000000000000e+05
1.208460000000000001e+01 4.279690000000000000e+05
1.208460000000000001e+01 8.251770000000000000e+05
1.203570000000000029e+01 8.478170000000000000e+05
1.191849999999999987e+01 9.758130000000000000e+05
1.168399999999999928e+01 3.166860000000000000e+05
1.119560000000000066e+01 6.795170000000000000e+05
1.134210000000000029e+01 3.413760000000000000e+05
1.128350000000000009e+01 4.448780000000000000e+05
1.119560000000000066e+01 4.457100000000000000e+05
1.111739999999999995e+01 8.806290000000000000e+05
1.109789999999999921e+01 7.825260000000000000e+05
1.080480000000000018e+01 4.314240000000000000e+05
1.099039999999999928e+01 1.735082000000000000e+06
1.130300000000000082e+01 6.725260000000000000e+05
1.173290000000000077e+01 6.942230000000000000e+05
1.187940000000000040e+01 4.276840000000000000e+05
1.198690000000000033e+01 7.327970000000000000e+05
1.217249999999999943e+01 4.595080000000000000e+05
1.251440000000000019e+01 3.944430000000000000e+05
1.267070000000000007e+01 3.803290000000000000e+05
1.236790000000000056e+01 7.168770000000000000e+05
1.249489999999999945e+01 6.796590000000000000e+05
1.241670000000000051e+01 3.432970000000000000e+05
1.256329999999999991e+01 7.982390000000000000e+05
1.296380000000000088e+01 4.415040000000000000e+05
1.337410000000000032e+01 3.482820000000000000e+05
1.309079999999999977e+01 4.820260000000000000e+05
1.328619999999999912e+01 2.858550000000000000e+05
1.320800000000000018e+01 5.965820000000000000e+05
1.296380000000000088e+01 4.772020000000000000e+05
1.311030000000000051e+01 5.119500000000000000e+05
1.266099999999999959e+01 1.868160000000000000e+05
1.269030000000000058e+01 5.521840000000000000e+05
1.265119999999999933e+01 5.086650000000000000e+05
1.333500000000000085e+01 5.491330000000000000e+05
1.355969999999999942e+01 3.841590000000000000e+05
1.353040000000000020e+01 6.229580000000000000e+05
1.373559999999999981e+01 4.016870000000000000e+05
1.358900000000000041e+01 5.716420000000000000e+05
1.356949999999999967e+01 6.090460000000000000e+05
1.406770000000000032e+01 8.875980000000000000e+05
1.397979999999999912e+01 7.667090000000000000e+05
1.328619999999999912e+01 5.358370000000000000e+05
1.315920000000000023e+01 3.954970000000000000e+05
1.305170000000000030e+01 9.780380000000000000e+05
1.305170000000000030e+01 4.733910000000000000e+05
1.300290000000000035e+01 8.532670000000000000e+05
1.303219999999999956e+01 5.905550000000000000e+05
1.272930000000000028e+01 5.591220000000000000e+05
1.239719999999999978e+01 5.139890000000000000e+05
1.254369999999999941e+01 1.012019000000000000e+06
1.272930000000000028e+01 8.938650000000000000e+05
1.271959999999999980e+01 7.272910000000000000e+05
1.292469999999999963e+01 1.278870000000000000e+06
1.309079999999999977e+01 7.189260000000000000e+05
1.307130000000000081e+01 1.629125000000000000e+06
1.311030000000000051e+01 6.097440000000000000e+05
1.319829999999999970e+01 6.740450000000000000e+05
1.313969999999999949e+01 4.243850000000000000e+05
1.298329999999999984e+01 4.536030000000000000e+05
1.289540000000000042e+01 6.707730000000000000e+05
1.271959999999999980e+01 7.503160000000000000e+05
1.285629999999999917e+01 7.766670000000000000e+05
1.341319999999999979e+01 7.932830000000000000e+05
1.331550000000000011e+01 4.240450000000000000e+05
1.332530000000000037e+01 9.318680000000000000e+05
1.334479999999999933e+01 1.181081000000000000e+06
1.341319999999999979e+01 1.399115000000000000e+06
1.308099999999999952e+01 1.099934000000000000e+06
1.321780000000000044e+01 9.088530000000000000e+05
1.328619999999999912e+01 5.235120000000000000e+05
1.304199999999999982e+01 7.740810000000000000e+05
1.309079999999999977e+01 5.305840000000000000e+05
1.304199999999999982e+01 5.044800000000000000e+05
1.294430000000000014e+01 4.932850000000000000e+05
1.289540000000000042e+01 1.770297000000000000e+06
1.279770000000000074e+01 4.378020000000000000e+05
1.265119999999999933e+01 5.522900000000000000e+05
1.260229999999999961e+01 5.049440000000000000e+05
1.245579999999999998e+01 2.832030000000000000e+05
1.255349999999999966e+01 5.864650000000000000e+05
1.274890000000000079e+01 4.084160000000000000e+05
1.260229999999999961e+01 5.790450000000000000e+05
1.269999999999999929e+01 5.636580000000000000e+05
1.265160000000000018e+01 6.365700000000000000e+05
1.269999999999999929e+01 3.343390000000000000e+05
1.274849999999999994e+01 9.754170000000000000e+05
1.299089999999999989e+01 6.593230000000000000e+05
1.299089999999999989e+01 4.376580000000000000e+05
1.318479999999999919e+01 4.443150000000000000e+05
1.328170000000000073e+01 6.157440000000000000e+05
1.342709999999999937e+01 5.199050000000000000e+05
1.333019999999999960e+01 4.795240000000000000e+05
1.337870000000000026e+01 8.846970000000000000e+05
1.342709999999999937e+01 9.489150000000000000e+05
1.342709999999999937e+01 6.133850000000000000e+05
1.376640000000000086e+01 4.698940000000000000e+05
1.362100000000000044e+01 1.638099000000000000e+06
1.362100000000000044e+01 9.108500000000000000e+05
1.400880000000000081e+01 1.320955000000000000e+06
1.386340000000000039e+01 8.171360000000000000e+05
1.366949999999999932e+01 1.667797000000000000e+06
1.371799999999999997e+01 1.609372000000000000e+06
1.352410000000000068e+01 1.560202000000000000e+06
1.303930000000000078e+01 9.401310000000000000e+05
1.492980000000000018e+01 3.862210000000000000e+05
1.483290000000000042e+01 2.627470000000000000e+05
1.483290000000000042e+01 1.761410000000000000e+05
1.488129999999999953e+01 2.266580000000000000e+05
1.483290000000000042e+01 1.232600000000000000e+05
1.473590000000000089e+01 1.583700000000000000e+05
1.478439999999999976e+01 3.122870000000000000e+05
1.483290000000000042e+01 1.738020000000000000e+05
1.468740000000000023e+01 2.331710000000000000e+05
1.463899999999999935e+01 2.128450000000000000e+05
1.478439999999999976e+01 2.028500000000000000e+05
1.492980000000000018e+01 2.446010000000000000e+05
1.478439999999999976e+01 1.453100000000000000e+05
1.502679999999999971e+01 3.652340000000000000e+05
1.502679999999999971e+01 2.542750000000000000e+05
1.512369999999999948e+01 3.945040000000000000e+05
1.517220000000000013e+01 5.237820000000000000e+05
1.507520000000000060e+01 3.380290000000000000e+05
1.517220000000000013e+01 1.596120000000000000e+05
1.531760000000000055e+01 1.159340000000000000e+05
1.526909999999999989e+01 1.561000000000000000e+05
1.531760000000000055e+01 2.580530000000000000e+05
1.556000000000000050e+01 2.607440000000000000e+05
1.522070000000000078e+01 2.097820000000000000e+05
1.512369999999999948e+01 1.695490000000000000e+05
1.502679999999999971e+01 4.777520000000000000e+05
1.507520000000000060e+01 2.260720000000000000e+05
1.497830000000000084e+01 4.699350000000000000e+05
1.536609999999999943e+01 3.796950000000000000e+05
1.531760000000000055e+01 2.857290000000000000e+05
1.526909999999999989e+01 3.460610000000000000e+05
1.522070000000000078e+01 3.705100000000000000e+05
1.526909999999999989e+01 3.130400000000000000e+05
1.556000000000000050e+01 5.410240000000000000e+05
1.551149999999999984e+01 7.161330000000000000e+05
1.565690000000000026e+01 8.200680000000000000e+05
1.560839999999999961e+01 6.435350000000000000e+05
1.580230000000000068e+01 4.005070000000000000e+05
1.575389999999999979e+01 1.883836000000000000e+06
1.565690000000000026e+01 8.031810000000000000e+05
1.560839999999999961e+01 9.030720000000000000e+05
1.589930000000000021e+01 2.137800000000000000e+05
1.570539999999999914e+01 2.649960000000000000e+05
1.565690000000000026e+01 4.491100000000000000e+05
1.560839999999999961e+01 2.867510000000000000e+05
1.560839999999999961e+01 2.911720000000000000e+05
1.556000000000000050e+01 2.395210000000000000e+05
1.517220000000000013e+01 2.512450000000000000e+05
1.512369999999999948e+01 3.075810000000000000e+05
1.497830000000000084e+01 4.304210000000000000e+05
1.539029999999999987e+01 2.899160000000000000e+05
1.507520000000000060e+01 5.735720000000000000e+05
1.556000000000000050e+01 1.595290000000000000e+05
1.551149999999999984e+01 7.313800000000000000e+05
1.551149999999999984e+01 5.067000000000000000e+05
1.556000000000000050e+01 1.311517000000000000e+06
1.570539999999999914e+01 6.771530000000000000e+05
1.560839999999999961e+01 1.104766000000000000e+06
1.570539999999999914e+01 9.815920000000000000e+05
1.575389999999999979e+01 5.946440000000000000e+05
1.575389999999999979e+01 5.849800000000000000e+05
1.575389999999999979e+01 1.629978000000000000e+06
1.502679999999999971e+01 9.629410000000000000e+05
1.616590000000000060e+01 1.046179000000000000e+06
1.614160000000000039e+01 9.114370000000000000e+05
1.609319999999999951e+01 3.150810000000000000e+05
1.609319999999999951e+01 3.648280000000000000e+05
1.585079999999999956e+01 2.772910000000000000e+05
1.570539999999999914e+01 6.792570000000000000e+05
1.536609999999999943e+01 3.007000000000000000e+05
1.570539999999999914e+01 3.808800000000000000e+05
1.575389999999999979e+01 4.015550000000000000e+05
1.575389999999999979e+01 1.406610000000000000e+05
1.570539999999999914e+01 1.821250000000000000e+05
1.565690000000000026e+01 3.552380000000000000e+05
1.565690000000000026e+01 3.895520000000000000e+05
1.585079999999999956e+01 3.756130000000000000e+05
1.585079999999999956e+01 3.082990000000000000e+05
1.589930000000000021e+01 1.799170000000000000e+05
1.575389999999999979e+01 2.006750000000000000e+05
1.575389999999999979e+01 2.513830000000000000e+05
1.570539999999999914e+01 2.342050000000000000e+05
1.541450000000000031e+01 1.894790000000000000e+05
1.560839999999999961e+01 1.597720000000000000e+05
1.551149999999999984e+01 3.230810000000000000e+05
1.570539999999999914e+01 4.136310000000000000e+05
1.536609999999999943e+01 3.171270000000000000e+05
1.531760000000000055e+01 3.160140000000000000e+05
1.551149999999999984e+01 3.746480000000000000e+05
1.551149999999999984e+01 3.050070000000000000e+05
1.551149999999999984e+01 5.156240000000000000e+05
1.517220000000000013e+01 4.894910000000000000e+05
1.560839999999999961e+01 5.063390000000000000e+05
1.531760000000000055e+01 3.906570000000000000e+05
1.546299999999999919e+01 3.480660000000000000e+05
1.560839999999999961e+01 9.355290000000000000e+05
1.551149999999999984e+01 1.454987000000000000e+06
1.619010000000000105e+01 1.284243000000000000e+06
1.638400000000000034e+01 8.237420000000000000e+05
1.623860000000000170e+01 3.278070000000000000e+05
1.623860000000000170e+01 1.235303000000000000e+06
1.648100000000000165e+01 7.195220000000000000e+05
1.623860000000000170e+01 3.024290000000000000e+05
1.614160000000000039e+01 3.205480000000000000e+05
1.614160000000000039e+01 1.755970000000000000e+05
1.623799999999999955e+01 3.750340000000000000e+05
1.618980000000000175e+01 4.119610000000000000e+05
1.580439999999999934e+01 4.581100000000000000e+05
1.590070000000000050e+01 2.322510000000000000e+05
1.599709999999999965e+01 2.816850000000000000e+05
1.580439999999999934e+01 2.867940000000000000e+05
1.556339999999999968e+01 5.457990000000000000e+05
1.551529999999999987e+01 4.407170000000000000e+05
1.580439999999999934e+01 3.441810000000000000e+05
1.609349999999999881e+01 2.602710000000000000e+05
1.628620000000000090e+01 2.804590000000000000e+05
1.614160000000000039e+01 1.605880000000000000e+05
1.590070000000000050e+01 4.872560000000000000e+05
1.556339999999999968e+01 5.602370000000000000e+05
1.551529999999999987e+01 4.381190000000000000e+05
1.585249999999999915e+01 6.124200000000000000e+05
1.599709999999999965e+01 4.275790000000000000e+05
1.609349999999999881e+01 3.686570000000000000e+05
1.594890000000000008e+01 6.645950000000000000e+05
1.556339999999999968e+01 1.409498000000000000e+06
1.541890000000000072e+01 8.644760000000000000e+05
1.527430000000000021e+01 4.817150000000000000e+05
1.570800000000000018e+01 4.660620000000000000e+05
1.590070000000000050e+01 6.768450000000000000e+05
1.551529999999999987e+01 2.793130000000000000e+05
1.614160000000000039e+01 3.073720000000000000e+05
1.652710000000000079e+01 6.071220000000000000e+05
1.681619999999999848e+01 3.987680000000000000e+05
1.667170000000000130e+01 2.930790000000000000e+05
1.671989999999999910e+01 1.368120000000000000e+05
1.686439999999999984e+01 1.472140000000000000e+05
1.667170000000000130e+01 1.725800000000000000e+05
1.676800000000000068e+01 4.172410000000000000e+05
1.671989999999999910e+01 3.755920000000000000e+05
1.691260000000000119e+01 2.508910000000000000e+05
1.691260000000000119e+01 3.890840000000000000e+05
1.676800000000000068e+01 2.572690000000000000e+05
1.691260000000000119e+01 4.475560000000000000e+05
1.667170000000000130e+01 2.880570000000000000e+05
1.691260000000000119e+01 2.720080000000000000e+05
1.686439999999999984e+01 5.928400000000000000e+05
1.652710000000000079e+01 3.087870000000000000e+05
1.662349999999999994e+01 3.806790000000000000e+05
1.657529999999999859e+01 3.727880000000000000e+05
1.657529999999999859e+01 4.648020000000000000e+05
1.631030000000000157e+01 8.777240000000000000e+05
1.628620000000000090e+01 4.022870000000000000e+05
1.618980000000000175e+01 4.636970000000000000e+05
1.599709999999999965e+01 4.017690000000000000e+05
1.604530000000000101e+01 2.920880000000000000e+05
1.604530000000000101e+01 2.215790000000000000e+05
1.599709999999999965e+01 1.525190000000000000e+05
1.618980000000000175e+01 4.295060000000000000e+05
1.604530000000000101e+01 3.675680000000000000e+05
1.599709999999999965e+01 2.998110000000000000e+05
1.604530000000000101e+01 5.561310000000000000e+05
1.599709999999999965e+01 4.575140000000000000e+05
1.575619999999999976e+01 1.230844000000000000e+06
1.585249999999999915e+01 7.762170000000000000e+05
1.590070000000000050e+01 8.365350000000000000e+05
1.594890000000000008e+01 5.392140000000000000e+05
1.628620000000000090e+01 2.618221000000000000e+06
1.618980000000000175e+01 6.479230000000000000e+05
1.594890000000000008e+01 2.658840000000000000e+05
1.594890000000000008e+01 3.948310000000000000e+05
1.594890000000000008e+01 8.990120000000000000e+05
1.614160000000000039e+01 1.105990000000000000e+06
1.585249999999999915e+01 7.649110000000000000e+05
1.580439999999999934e+01 9.120750000000000000e+05
1.585249999999999915e+01 9.660450000000000000e+05
1.575619999999999976e+01 4.833270000000000000e+05
1.537069999999999936e+01 6.426510000000000000e+05
1.532249999999999979e+01 1.974370000000000000e+05
1.532249999999999979e+01 1.875573000000000000e+06
1.537069999999999936e+01 2.830099000000000000e+06
1.537069999999999936e+01 7.315880000000000000e+05
1.561159999999999926e+01 1.190695000000000000e+06
1.541890000000000072e+01 3.682280000000000000e+05
1.498520000000000074e+01 3.451630000000000000e+05
1.498520000000000074e+01 3.961370000000000000e+05
1.503340000000000032e+01 4.901640000000000000e+05
1.498520000000000074e+01 9.358610000000000000e+05
1.421429999999999971e+01 5.241230000000000000e+05
1.392520000000000024e+01 3.715680000000000000e+05
1.387700000000000067e+01 3.651260000000000000e+05
1.402149999999999963e+01 3.459300000000000000e+05
1.368430000000000035e+01 2.995880000000000000e+05
1.353969999999999985e+01 4.741010000000000000e+05
1.353969999999999985e+01 4.471890000000000000e+05
1.339520000000000088e+01 2.648240000000000000e+05
1.363610000000000078e+01 2.455830000000000000e+05
1.344330000000000069e+01 5.449420000000000000e+05
1.349150000000000027e+01 4.746260000000000000e+05
1.349150000000000027e+01 2.980450000000000000e+05
1.344330000000000069e+01 5.338900000000000000e+05
1.349150000000000027e+01 2.861300000000000000e+05
1.358789999999999942e+01 4.538770000000000000e+05
1.339520000000000088e+01 2.021370000000000000e+05
1.358789999999999942e+01 5.680770000000000000e+05
1.344330000000000069e+01 1.462020000000000000e+05
1.353969999999999985e+01 2.676060000000000000e+05
1.353969999999999985e+01 2.041170000000000000e+05
1.334699999999999953e+01 2.083220000000000000e+05
1.325060000000000038e+01 1.736100000000000000e+05
1.334699999999999953e+01 8.037340000000000000e+05
1.305790000000000006e+01 1.355130000000000000e+05
1.315419999999999945e+01 2.852950000000000000e+05
1.320240000000000080e+01 4.794850000000000000e+05
1.320240000000000080e+01 2.629010000000000000e+05
1.320240000000000080e+01 2.809000000000000000e+05
1.320240000000000080e+01 3.567700000000000000e+05
1.315419999999999945e+01 3.541710000000000000e+05
1.315419999999999945e+01 1.014745000000000000e+06
1.305790000000000006e+01 4.399870000000000000e+05
1.291329999999999956e+01 7.172540000000000000e+05
1.310609999999999964e+01 3.252150000000000000e+05
1.291329999999999956e+01 1.778070000000000000e+05
1.296149999999999913e+01 5.348610000000000000e+05
1.310609999999999964e+01 2.997820000000000000e+05
1.300970000000000049e+01 5.974000000000000000e+05
1.296149999999999913e+01 4.312270000000000000e+05
1.296149999999999913e+01 1.087528000000000000e+06
1.286509999999999998e+01 8.489300000000000000e+05
1.281690000000000040e+01 6.411590000000000000e+05
1.300970000000000049e+01 1.051624000000000000e+06
1.305749999999999922e+01 2.769730000000000000e+05
1.281840000000000046e+01 6.279680000000000000e+05
1.320100000000000051e+01 4.254950000000000000e+05
1.305749999999999922e+01 5.000990000000000000e+05
1.296189999999999998e+01 6.731620000000000000e+05
1.320100000000000051e+01 5.665030000000000000e+05
1.310529999999999973e+01 3.957730000000000000e+05
1.300970000000000049e+01 6.183090000000000000e+05
1.310529999999999973e+01 2.791420000000000000e+05
1.320100000000000051e+01 2.868800000000000000e+05
1.315320000000000000e+01 2.147090000000000000e+05
1.300970000000000049e+01 2.245770000000000000e+05
1.291399999999999970e+01 4.237880000000000000e+05
1.320100000000000051e+01 1.720150000000000000e+05
1.315320000000000000e+01 4.420130000000000000e+05
1.315320000000000000e+01 7.126200000000000000e+05
1.305749999999999922e+01 3.683970000000000000e+05
1.305749999999999922e+01 5.596970000000000000e+05
1.310529999999999973e+01 2.550540000000000000e+05
1.320100000000000051e+01 3.652970000000000000e+05
1.320100000000000051e+01 3.114960000000000000e+05
1.339230000000000054e+01 6.821520000000000000e+05
1.391840000000000011e+01 2.403610000000000000e+05
1.396630000000000038e+01 2.896320000000000000e+05
1.415760000000000041e+01 1.843380000000000000e+05
1.396630000000000038e+01 3.742070000000000000e+05
1.401409999999999911e+01 2.442110000000000000e+05
1.410979999999999990e+01 5.913760000000000000e+05
1.420539999999999914e+01 4.168670000000000000e+05
1.406189999999999962e+01 2.184170000000000000e+05
1.415760000000000041e+01 2.772910000000000000e+05
1.406189999999999962e+01 4.067210000000000000e+05
1.396630000000000038e+01 3.120260000000000000e+05
1.391840000000000011e+01 3.748840000000000000e+05
1.382280000000000086e+01 3.496680000000000000e+05
1.382280000000000086e+01 5.012870000000000000e+05
1.372710000000000008e+01 2.252050000000000000e+05
1.372710000000000008e+01 2.068760000000000000e+05
1.344020000000000081e+01 1.973950000000000000e+05
1.348799999999999955e+01 3.940950000000000000e+05
1.339230000000000054e+01 4.666700000000000000e+05
1.310529999999999973e+01 2.483800000000000000e+05
1.300970000000000049e+01 2.951310000000000000e+05
1.315320000000000000e+01 3.115510000000000000e+05
1.296189999999999998e+01 2.879980000000000000e+05
1.315320000000000000e+01 4.668630000000000000e+05
1.305749999999999922e+01 3.288370000000000000e+05
1.353580000000000005e+01 2.702360000000000000e+05
1.367929999999999957e+01 2.262070000000000000e+05
1.353580000000000005e+01 2.114340000000000000e+05
1.344020000000000081e+01 4.004180000000000000e+05
1.367929999999999957e+01 3.721500000000000000e+05
1.348799999999999955e+01 3.747930000000000000e+05
1.348799999999999955e+01 1.979340000000000000e+05
1.344020000000000081e+01 4.108660000000000000e+05
1.334450000000000003e+01 1.958150000000000000e+05
1.334450000000000003e+01 3.270340000000000000e+05
1.339230000000000054e+01 4.105220000000000000e+05
1.363150000000000084e+01 1.881180000000000000e+05
1.353580000000000005e+01 7.981250000000000000e+05
1.344020000000000081e+01 2.550160000000000000e+05
1.339230000000000054e+01 9.600230000000000000e+05
1.334450000000000003e+01 2.013400000000000000e+05
1.344020000000000081e+01 2.544110000000000000e+05
1.348799999999999955e+01 2.914190000000000000e+05
1.334450000000000003e+01 4.132280000000000000e+05
1.320100000000000051e+01 1.307598000000000000e+06
1.329669999999999952e+01 1.303556000000000000e+06
1.320100000000000051e+01 1.334346000000000000e+06
1.334450000000000003e+01 1.123936000000000000e+06
1.339230000000000054e+01 4.203780000000000000e+05
1.310529999999999973e+01 3.160750000000000000e+05
1.305749999999999922e+01 2.447010000000000000e+05
1.320100000000000051e+01 3.144580000000000000e+05
1.300970000000000049e+01 1.797170000000000000e+05
1.305749999999999922e+01 2.293800000000000000e+05
1.291399999999999970e+01 3.052000000000000000e+05
1.296189999999999998e+01 2.141470000000000000e+05
1.262700000000000067e+01 2.302230000000000000e+05
1.248359999999999914e+01 5.461360000000000000e+05
1.248359999999999914e+01 4.876100000000000000e+05
1.272269999999999968e+01 3.323060000000000000e+05
1.272269999999999968e+01 2.979110000000000000e+05
1.248359999999999914e+01 3.904390000000000000e+05
1.243570000000000064e+01 4.651500000000000000e+05
1.248359999999999914e+01 6.021110000000000000e+05
1.281840000000000046e+01 7.860330000000000000e+05
1.253139999999999965e+01 3.400720000000000000e+05
1.243570000000000064e+01 1.916760000000000000e+05
1.229219999999999935e+01 3.467220000000000000e+05
1.229219999999999935e+01 3.710930000000000000e+05
1.234009999999999962e+01 3.161450000000000000e+05
1.243570000000000064e+01 2.344010000000000000e+05
1.243570000000000064e+01 8.936260000000000000e+05
1.262700000000000067e+01 5.240550000000000000e+05
1.267489999999999917e+01 7.111420000000000000e+05
1.286619999999999919e+01 1.999090000000000000e+05
1.277050000000000018e+01 1.093413000000000000e+06
1.272269999999999968e+01 4.534370000000000000e+05
1.277050000000000018e+01 4.577920000000000000e+05
1.229219999999999935e+01 2.497670000000000000e+05
1.214869999999999983e+01 4.134040000000000000e+05
1.229219999999999935e+01 2.796800000000000000e+05
1.214869999999999983e+01 3.202220000000000000e+05
1.238790000000000013e+01 4.163800000000000000e+05
1.229219999999999935e+01 3.822990000000000000e+05
1.234009999999999962e+01 3.009460000000000000e+05
1.234009999999999962e+01 1.592200000000000000e+05
1.238790000000000013e+01 3.960220000000000000e+05
1.248359999999999914e+01 4.551160000000000000e+05
1.257920000000000016e+01 5.695260000000000000e+05
1.267489999999999917e+01 4.462780000000000000e+05
1.291399999999999970e+01 5.112790000000000000e+05
1.310529999999999973e+01 2.143179000000000000e+06
1.286619999999999919e+01 7.906270000000000000e+05
1.267489999999999917e+01 5.488580000000000000e+05
1.238790000000000013e+01 5.534140000000000000e+05
1.238790000000000013e+01 5.128570000000000000e+05
1.238790000000000013e+01 8.040440000000000000e+05
1.238790000000000013e+01 5.933500000000000000e+05
1.229219999999999935e+01 6.109080000000000000e+05
1.234009999999999962e+01 2.106880000000000000e+05
1.238790000000000013e+01 5.590920000000000000e+05
1.234009999999999962e+01 2.744750000000000000e+05
1.234009999999999962e+01 3.865350000000000000e+05
1.214869999999999983e+01 2.949260000000000000e+05
1.200530000000000008e+01 4.413920000000000000e+05
1.214760000000000062e+01 3.228010000000000000e+05
1.214760000000000062e+01 4.061230000000000000e+05
1.214760000000000062e+01 4.584650000000000000e+05
1.233740000000000059e+01 4.996940000000000000e+05
1.257469999999999999e+01 3.287530000000000000e+05
1.257469999999999999e+01 4.172550000000000000e+05
1.257469999999999999e+01 4.557840000000000000e+05
1.271700000000000053e+01 3.538150000000000000e+05
1.252720000000000056e+01 5.157500000000000000e+05
1.271700000000000053e+01 5.966600000000000000e+05
1.271700000000000053e+01 2.773470000000000000e+05
1.281189999999999962e+01 4.417410000000000000e+05
1.290680000000000049e+01 4.219810000000000000e+05
1.295429999999999993e+01 8.502990000000000000e+05
1.281189999999999962e+01 6.341870000000000000e+05
1.271700000000000053e+01 5.572550000000000000e+05
1.276449999999999996e+01 1.495515000000000000e+06
1.266960000000000086e+01 5.613560000000000000e+05
1.266960000000000086e+01 6.587260000000000000e+05
1.290680000000000049e+01 7.491740000000000000e+05
1.210019999999999918e+01 4.946450000000000000e+05
1.181550000000000011e+01 2.835910000000000000e+05
1.191039999999999921e+01 3.865140000000000000e+05
1.191039999999999921e+01 1.857950000000000000e+05
1.195780000000000065e+01 2.800660000000000000e+05
1.195780000000000065e+01 4.140600000000000000e+05
1.205269999999999975e+01 3.795290000000000000e+05
1.200530000000000008e+01 4.576590000000000000e+05
1.205269999999999975e+01 4.455880000000000000e+05
1.200530000000000008e+01 6.132500000000000000e+05
1.191039999999999921e+01 4.242340000000000000e+05
1.205269999999999975e+01 7.919960000000000000e+05
1.195780000000000065e+01 3.590580000000000000e+05
1.176800000000000068e+01 4.713670000000000000e+05
1.172059999999999924e+01 6.441770000000000000e+05
1.181550000000000011e+01 4.397840000000000000e+05
1.191039999999999921e+01 8.676260000000000000e+05
1.205269999999999975e+01 5.300720000000000000e+05
1.181550000000000011e+01 3.816900000000000000e+05
1.181550000000000011e+01 1.156985000000000000e+06
1.191039999999999921e+01 8.003140000000000000e+05
1.186289999999999978e+01 6.388930000000000000e+05
1.176800000000000068e+01 4.710920000000000000e+05
1.162560000000000038e+01 3.679200000000000000e+05
1.162560000000000038e+01 8.120780000000000000e+05
1.162560000000000038e+01 7.365540000000000000e+05
1.143580000000000041e+01 9.130200000000000000e+05
1.119860000000000078e+01 5.509320000000000000e+05
1.143580000000000041e+01 6.857900000000000000e+05
1.143580000000000041e+01 3.763260000000000000e+05
1.162560000000000038e+01 2.984710000000000000e+05
1.143580000000000041e+01 1.821870000000000000e+05
1.143580000000000041e+01 3.633900000000000000e+05
1.143580000000000041e+01 7.127370000000000000e+05
1.134089999999999954e+01 9.661660000000000000e+05
1.153069999999999951e+01 4.787100000000000000e+05
1.138840000000000074e+01 1.498866000000000000e+06
1.143580000000000041e+01 7.449510000000000000e+05
1.157820000000000071e+01 8.920500000000000000e+05
1.162560000000000038e+01 2.570753000000000000e+06
1.167309999999999981e+01 1.064554000000000000e+06
1.176800000000000068e+01 6.866380000000000000e+05
1.157820000000000071e+01 1.207127000000000000e+06
1.153069999999999951e+01 1.564313000000000000e+06
1.143580000000000041e+01 1.248175000000000000e+06
1.143580000000000041e+01 7.159810000000000000e+05
1.143580000000000041e+01 1.113124000000000000e+06
1.138840000000000074e+01 5.396720000000000000e+05
1.134089999999999954e+01 4.970660000000000000e+05
1.129349999999999987e+01 6.774370000000000000e+05
1.148329999999999984e+01 1.033620000000000000e+06
1.148329999999999984e+01 3.739670000000000000e+05
1.148329999999999984e+01 5.364650000000000000e+05
1.138840000000000074e+01 7.818740000000000000e+05
1.143580000000000041e+01 7.421080000000000000e+05
1.157820000000000071e+01 4.753250000000000000e+05
1.172059999999999924e+01 4.626150000000000000e+05
1.172059999999999924e+01 8.504160000000000000e+05
1.172059999999999924e+01 6.716100000000000000e+05
1.186289999999999978e+01 1.271113000000000000e+06
1.172059999999999924e+01 1.225606000000000000e+06
1.172059999999999924e+01 1.141340000000000000e+06
1.172059999999999924e+01 7.494700000000000000e+05
1.148329999999999984e+01 1.284401000000000000e+06
1.186289999999999978e+01 6.268360000000000000e+05
1.153069999999999951e+01 1.182448000000000000e+06
1.153069999999999951e+01 1.115547000000000000e+06
1.148329999999999984e+01 9.660330000000000000e+05
1.176800000000000068e+01 9.698060000000000000e+05
1.176800000000000068e+01 1.360170000000000000e+06
1.186289999999999978e+01 7.820460000000000000e+05
1.195780000000000065e+01 1.382923000000000000e+06
1.247979999999999912e+01 7.475590000000000000e+05
1.233740000000000059e+01 7.729870000000000000e+05
1.252720000000000056e+01 2.206871000000000000e+06
1.300169999999999959e+01 6.905510000000000000e+05
1.309660000000000046e+01 7.829400000000000000e+05
1.328650000000000020e+01 6.733540000000000000e+05
1.319159999999999933e+01 7.118220000000000000e+05
1.309660000000000046e+01 4.181460000000000000e+05
1.304920000000000080e+01 5.951310000000000000e+05
1.314409999999999989e+01 6.438660000000000000e+05
1.304920000000000080e+01 9.056040000000000000e+05
1.328650000000000020e+01 8.667470000000000000e+05
1.352369999999999983e+01 1.420454000000000000e+06
1.377999999999999936e+01 1.357101000000000000e+06
1.431140000000000079e+01 5.427000000000000000e+06
1.439680000000000071e+01 4.856891000000000000e+06
1.394130000000000003e+01 5.543919000000000000e+06
1.416910000000000025e+01 5.017516000000000000e+06
1.349520000000000053e+01 2.207119000000000000e+06
1.340980000000000061e+01 1.920842000000000000e+06
1.354269999999999996e+01 1.699712000000000000e+06
1.359009999999999962e+01 5.473760000000000000e+05
1.346679999999999922e+01 8.244650000000000000e+05
1.373249999999999993e+01 3.882190000000000000e+05
1.378940000000000055e+01 9.881660000000000000e+05
1.355219999999999914e+01 9.939340000000000000e+05
1.335289999999999999e+01 1.713718000000000000e+06
1.328650000000000020e+01 1.563040000000000000e+06
1.328650000000000020e+01 3.552942000000000000e+06
1.344780000000000086e+01 4.902442000000000000e+06
1.360909999999999975e+01 5.966366000000000000e+06
1.352369999999999983e+01 7.771612000000000000e+06
1.376099999999999923e+01 3.833381000000000000e+06
1.295040000000000013e+01 9.559700000000000000e+05
1.335570000000000057e+01 1.498986000000000000e+06
1.328030000000000044e+01 1.203799000000000000e+06
1.323320000000000007e+01 1.495266000000000000e+06
1.343110000000000070e+01 1.643070000000000000e+06
1.348760000000000048e+01 1.408031000000000000e+06
1.360069999999999979e+01 9.606140000000000000e+05
1.352529999999999966e+01 4.951120000000000000e+05
1.355359999999999943e+01 7.489250000000000000e+05
1.351590000000000025e+01 8.461260000000000000e+05
1.341220000000000034e+01 1.125653000000000000e+06
1.339339999999999975e+01 1.208066000000000000e+06
1.340279999999999916e+01 5.865970000000000000e+05
1.341220000000000034e+01 1.015512000000000000e+06
1.329439999999999955e+01 7.557120000000000000e+05
1.333680000000000021e+01 1.221129000000000000e+06
1.336509999999999998e+01 1.042722000000000000e+06
1.334629999999999939e+01 7.767050000000000000e+05
1.335570000000000057e+01 5.351570000000000000e+05
1.323320000000000007e+01 6.376000000000000000e+05
1.309179999999999922e+01 9.980500000000000000e+05
1.294100000000000072e+01 1.017572000000000000e+06
1.297869999999999990e+01 1.109542000000000000e+06
1.247910000000000075e+01 5.064550000000000000e+05
1.251679999999999993e+01 6.524360000000000000e+05
1.244139999999999979e+01 5.681770000000000000e+05
1.235660000000000025e+01 4.709960000000000000e+05
1.238490000000000002e+01 5.649290000000000000e+05
1.254509999999999970e+01 7.059660000000000000e+05
1.266760000000000019e+01 1.040002000000000000e+06
1.240370000000000061e+01 5.562300000000000000e+05
1.240370000000000061e+01 1.200444000000000000e+06
1.247910000000000075e+01 1.020677000000000000e+06
1.230949999999999989e+01 6.058760000000000000e+05
1.228120000000000012e+01 9.944560000000000000e+05
1.215869999999999962e+01 9.451340000000000000e+05
1.228120000000000012e+01 1.103234000000000000e+06
1.223409999999999975e+01 9.110770000000000000e+05
1.218689999999999962e+01 5.840090000000000000e+05
1.206439999999999912e+01 8.588550000000000000e+05
1.209270000000000067e+01 5.425820000000000000e+05
1.200789999999999935e+01 6.258540000000000000e+05
1.187589999999999968e+01 9.429550000000000000e+05
1.154599999999999937e+01 5.915340000000000000e+05
1.134810000000000052e+01 1.173910000000000000e+06
1.110299999999999976e+01 9.845930000000000000e+05
1.100409999999999933e+01 1.272671000000000000e+06
1.098049999999999926e+01 1.485490000000000000e+06
1.109360000000000035e+01 4.781040000000000000e+05
1.099939999999999962e+01 7.067130000000000000e+05
1.085800000000000054e+01 1.199708000000000000e+06
1.038669999999999938e+01 1.418555000000000000e+06
1.031129999999999924e+01 1.090784000000000000e+06
1.083910000000000018e+01 1.339499000000000000e+06
1.149890000000000079e+01 6.907810000000000000e+05
1.136689999999999934e+01 1.051039000000000000e+06
1.117839999999999989e+01 7.226500000000000000e+05
1.109360000000000035e+01 4.460030000000000000e+05
1.095219999999999949e+01 8.392180000000000000e+05
1.104649999999999999e+01 7.934840000000000000e+05
1.130100000000000016e+01 7.372020000000000000e+05
1.110299999999999976e+01 7.218540000000000000e+05
1.121610000000000085e+01 6.213900000000000000e+05
1.115959999999999930e+01 1.033333000000000000e+06
1.143290000000000006e+01 1.180397000000000000e+06
1.152720000000000056e+01 8.246980000000000000e+05
1.152720000000000056e+01 8.947570000000000000e+05
1.180049999999999955e+01 5.404370000000000000e+05
1.162139999999999951e+01 6.935750000000000000e+05
1.173450000000000060e+01 1.412820000000000000e+06
1.167800000000000082e+01 1.682346000000000000e+06
1.163080000000000069e+01 1.223843000000000000e+06
1.159309999999999974e+01 7.491450000000000000e+05
1.153659999999999997e+01 6.815230000000000000e+05
1.169679999999999964e+01 5.443860000000000000e+05
1.151769999999999960e+01 7.480150000000000000e+05
1.142350000000000065e+01 6.394080000000000000e+05
1.154599999999999937e+01 9.567770000000000000e+05
1.125380000000000003e+01 1.106621000000000000e+06
1.131039999999999957e+01 1.635317000000000000e+06
1.139520000000000088e+01 6.662540000000000000e+05
1.148000000000000043e+01 7.695330000000000000e+05
1.135749999999999993e+01 8.028070000000000000e+05
1.164029999999999987e+01 7.639820000000000000e+05
1.190419999999999945e+01 9.995210000000000000e+05
1.203609999999999935e+01 5.353950000000000000e+05
1.198900000000000077e+01 7.260980000000000000e+05
1.240370000000000061e+01 1.411070000000000000e+06
1.199840000000000018e+01 4.493750000000000000e+05
1.196069999999999922e+01 7.782930000000000000e+05
1.209270000000000067e+01 6.611150000000000000e+05
1.242259999999999920e+01 6.608690000000000000e+05
1.221519999999999939e+01 7.332830000000000000e+05
1.231889999999999930e+01 6.662310000000000000e+05
1.243200000000000038e+01 7.478860000000000000e+05
1.250740000000000052e+01 5.945540000000000000e+05
1.232830000000000048e+01 6.660410000000000000e+05
1.253570000000000029e+01 8.792140000000000000e+05
1.245090000000000074e+01 8.488900000000000000e+05
1.222460000000000058e+01 5.319480000000000000e+05
1.223409999999999975e+01 4.730630000000000000e+05
1.217750000000000021e+01 8.559130000000000000e+05
1.234720000000000084e+01 5.356530000000000000e+05
1.242259999999999920e+01 8.867510000000000000e+05
1.233769999999999989e+01 6.174620000000000000e+05
1.216810000000000080e+01 4.744430000000000000e+05
1.198900000000000077e+01 4.699880000000000000e+05
1.203609999999999935e+01 1.552534000000000000e+06
1.224349999999999916e+01 1.100656000000000000e+06
1.248859999999999992e+01 9.872080000000000000e+05
1.230000000000000071e+01 5.608800000000000000e+05
1.245090000000000074e+01 9.157130000000000000e+05
1.275249999999999950e+01 5.770340000000000000e+05
1.248859999999999992e+01 5.584990000000000000e+05
1.248859999999999992e+01 1.201937000000000000e+06
1.262989999999999924e+01 4.635100000000000000e+05
1.259220000000000006e+01 8.651660000000000000e+05
1.230000000000000071e+01 6.628030000000000000e+05
1.227180000000000071e+01 1.791473000000000000e+06
1.244139999999999979e+01 9.792900000000000000e+05
1.226229999999999976e+01 5.156610000000000000e+05
1.216810000000000080e+01 1.202517000000000000e+06
1.234720000000000084e+01 9.010300000000000000e+05
1.204560000000000031e+01 3.958622000000000000e+06
1.158370000000000033e+01 1.308215000000000000e+06
1.145180000000000042e+01 8.159110000000000000e+05
1.168740000000000023e+01 7.504950000000000000e+05
1.105589999999999939e+01 7.924470000000000000e+05
1.115959999999999930e+01 1.154409000000000000e+06
1.092389999999999972e+01 8.380170000000000000e+05
1.126329999999999920e+01 6.238050000000000000e+05
1.096419999999999995e+01 1.256370000000000000e+06
1.082390000000000008e+01 7.873490000000000000e+05
1.081460000000000043e+01 6.502690000000000000e+05
1.065569999999999951e+01 9.203940000000000000e+05
1.066499999999999915e+01 8.376590000000000000e+05
1.082390000000000008e+01 4.971320000000000000e+05
1.073980000000000068e+01 9.054180000000000000e+05
1.079589999999999961e+01 6.893210000000000000e+05
1.086129999999999995e+01 1.435705000000000000e+06
1.098279999999999923e+01 6.003670000000000000e+05
1.083329999999999949e+01 1.934272000000000000e+06
1.070240000000000080e+01 9.655060000000000000e+05
1.084259999999999913e+01 1.171686000000000000e+06
1.078659999999999997e+01 1.238844000000000000e+06
1.053420000000000023e+01 2.223662000000000000e+06
1.017900000000000027e+01 1.161950000000000000e+06
1.040329999999999977e+01 1.426981000000000000e+06
1.036589999999999989e+01 1.922721000000000000e+06
1.052480000000000082e+01 2.871088000000000000e+06
1.114170000000000016e+01 5.496106000000000000e+06
1.194560000000000066e+01 2.195575000000000000e+06
1.186149999999999949e+01 1.637181000000000000e+06
1.174929999999999986e+01 8.985840000000000000e+05
1.226340000000000074e+01 8.502570000000000000e+05
1.247840000000000060e+01 7.167250000000000000e+05
1.231479999999999997e+01 5.964370000000000000e+05
1.220730000000000004e+01 6.668720000000000000e+05
1.230080000000000062e+01 7.739340000000000000e+05
1.198770000000000024e+01 8.188620000000000000e+05
1.218859999999999921e+01 1.106146000000000000e+06
1.188949999999999996e+01 6.531590000000000000e+05
1.166520000000000046e+01 1.553146000000000000e+06
1.189889999999999937e+01 1.065305000000000000e+06
1.197359999999999935e+01 1.582956000000000000e+06
1.223540000000000028e+01 1.158691000000000000e+06
1.171189999999999998e+01 9.011390000000000000e+05
1.198770000000000024e+01 8.327120000000000000e+05
1.183339999999999925e+01 1.731455000000000000e+06
1.216060000000000052e+01 1.434618000000000000e+06
1.216060000000000052e+01 1.825471000000000000e+06
1.236619999999999919e+01 1.915952000000000000e+06
1.225409999999999933e+01 2.102002000000000000e+06
1.277749999999999986e+01 1.399984000000000000e+06
1.304860000000000042e+01 5.647650000000000000e+05
1.317939999999999934e+01 5.807900000000000000e+05
1.335699999999999932e+01 6.442590000000000000e+05
1.314199999999999946e+01 4.892700000000000000e+05
1.330090000000000039e+01 4.554100000000000000e+05
1.331959999999999944e+01 1.544612000000000000e+06
1.294570000000000043e+01 1.008122000000000000e+06
1.292699999999999960e+01 1.550769000000000000e+06
1.273080000000000034e+01 2.137778000000000000e+06
1.285229999999999961e+01 9.723230000000000000e+05
1.316070000000000029e+01 1.000713000000000000e+06
1.290370000000000061e+01 8.756130000000000000e+05
1.274939999999999962e+01 1.188944000000000000e+06
1.276810000000000045e+01 6.091010000000000000e+05
1.318880000000000052e+01 8.699790000000000000e+05
1.291769999999999996e+01 1.177213000000000000e+06
1.288969999999999949e+01 6.851380000000000000e+05
1.324479999999999968e+01 8.629520000000000000e+05
1.337570000000000014e+01 8.277610000000000000e+05
1.312330000000000041e+01 1.904135000000000000e+06
1.365610000000000035e+01 7.309950000000000000e+05
1.381499999999999950e+01 6.249160000000000000e+05
1.351590000000000025e+01 1.065802000000000000e+06
1.343180000000000085e+01 2.860360000000000000e+05
1.364680000000000071e+01 5.469700000000000000e+05
1.364680000000000071e+01 7.048760000000000000e+05
1.351590000000000025e+01 5.744310000000000000e+05
1.347850000000000037e+01 9.117930000000000000e+05
1.332900000000000063e+01 1.111227000000000000e+06
1.342239999999999966e+01 6.784010000000000000e+05
1.330090000000000039e+01 6.774660000000000000e+05
1.332900000000000063e+01 9.522260000000000000e+05
1.304860000000000042e+01 1.416867000000000000e+06
1.334769999999999968e+01 1.293995000000000000e+06
1.363739999999999952e+01 1.126943000000000000e+06
1.368420000000000059e+01 8.403110000000000000e+05
1.372150000000000070e+01 1.784299000000000000e+06
1.415150000000000041e+01 1.701886000000000000e+06
1.438519999999999932e+01 1.161922000000000000e+06
1.459079999999999977e+01 1.336881000000000000e+06
1.455339999999999989e+01 8.935900000000000000e+05
1.466559999999999953e+01 1.062413000000000000e+06
1.446930000000000049e+01 1.418005000000000000e+06
1.417960000000000065e+01 9.895730000000000000e+05
1.403940000000000055e+01 1.489863000000000000e+06
1.376829999999999998e+01 1.296138000000000000e+06
1.388039999999999985e+01 8.333020000000000000e+05
1.416089999999999982e+01 1.095204000000000000e+06
1.387110000000000021e+01 9.877430000000000000e+05
1.347850000000000037e+01 8.279050000000000000e+05
1.382440000000000069e+01 8.144980000000000000e+05
1.379630000000000045e+01 9.288720000000000000e+05
1.371219999999999928e+01 6.653600000000000000e+05
1.350660000000000061e+01 1.025719000000000000e+06
1.326350000000000051e+01 8.340630000000000000e+05
1.311400000000000077e+01 5.092550000000000000e+05
1.317009999999999970e+01 7.288420000000000000e+05
1.318880000000000052e+01 1.010302000000000000e+06
1.317939999999999934e+01 1.436516000000000000e+06
1.279620000000000068e+01 1.623502000000000000e+06
1.266530000000000022e+01 1.668447000000000000e+06
1.259989999999999988e+01 1.144609000000000000e+06
1.228209999999999980e+01 1.408966000000000000e+06
1.202970000000000006e+01 1.288047000000000000e+06
1.198300000000000054e+01 1.126773000000000000e+06
1.160909999999999975e+01 1.078540000000000000e+06
1.162780000000000058e+01 1.774910000000000000e+06
1.202040000000000042e+01 1.250767000000000000e+06
1.203909999999999947e+01 1.146325000000000000e+06
1.199230000000000018e+01 1.317009000000000000e+06
1.206709999999999994e+01 3.045345000000000000e+06
1.205780000000000030e+01 2.148312000000000000e+06
1.199230000000000018e+01 1.879260300000000000e+07
1.229139999999999944e+01 3.200836000000000000e+06
1.215119999999999933e+01 1.358630000000000000e+06
1.213250000000000028e+01 9.366500000000000000e+05
1.205780000000000030e+01 1.234230000000000000e+06
1.219689999999999941e+01 9.664980000000000000e+05
1.219689999999999941e+01 1.327278000000000000e+06
1.236379999999999946e+01 1.315108000000000000e+06
1.248440000000000083e+01 1.508209000000000000e+06
1.214119999999999955e+01 1.214987000000000000e+06
1.259570000000000078e+01 1.266290000000000000e+06
1.236379999999999946e+01 2.068127000000000000e+06
1.234529999999999994e+01 2.551176000000000000e+06
1.282760000000000034e+01 1.245849000000000000e+06
1.300380000000000003e+01 1.300423000000000000e+06
1.280910000000000082e+01 1.585542000000000000e+06
1.245659999999999989e+01 2.289069000000000000e+06
1.221540000000000070e+01 4.156142000000000000e+06
1.209490000000000087e+01 3.264887000000000000e+06
1.286469999999999914e+01 2.112692000000000000e+06
1.314300000000000068e+01 1.032000000000000000e+06
1.381080000000000041e+01 8.953910000000000000e+05
1.389429999999999943e+01 1.000263000000000000e+06
1.396850000000000058e+01 1.247760000000000000e+06
1.382929999999999993e+01 1.362193000000000000e+06
1.381080000000000041e+01 1.712489000000000000e+06
1.284619999999999962e+01 1.230584000000000000e+06
1.274409999999999954e+01 1.136408000000000000e+06
1.300380000000000003e+01 6.827210000000000000e+05
1.282760000000000034e+01 4.315340000000000000e+05
1.271630000000000038e+01 1.560491000000000000e+06
1.317079999999999984e+01 1.036470000000000000e+06
1.310590000000000011e+01 6.296010000000000000e+05
1.304090000000000060e+01 1.018111000000000000e+06
1.323569999999999958e+01 7.026280000000000000e+05
1.325430000000000064e+01 9.012180000000000000e+05
1.330059999999999931e+01 1.447798000000000000e+06
1.325430000000000064e+01 6.888370000000000000e+05
1.330990000000000073e+01 1.272095000000000000e+06
1.338410000000000011e+01 1.434651000000000000e+06
1.336560000000000059e+01 9.220110000000000000e+05
1.322639999999999993e+01 9.722390000000000000e+05
1.320790000000000042e+01 7.405220000000000000e+05
1.342590000000000039e+01 5.715990000000000000e+05
1.330990000000000073e+01 8.930140000000000000e+05
1.325430000000000064e+01 6.195020000000000000e+05
1.307799999999999940e+01 8.229200000000000000e+05
1.300380000000000003e+01 4.719540000000000000e+05
1.298530000000000051e+01 1.106386000000000000e+06
1.282760000000000034e+01 4.259010000000000000e+05
1.275339999999999918e+01 1.022941000000000000e+06
1.280910000000000082e+01 1.055554000000000000e+06
1.301309999999999967e+01 1.439567000000000000e+06
1.282760000000000034e+01 2.606787000000000000e+06
1.318009999999999948e+01 1.097810000000000000e+06
1.326350000000000051e+01 1.063618000000000000e+06
1.320790000000000042e+01 1.557164000000000000e+06
1.301309999999999967e+01 1.247586000000000000e+06
1.356029999999999980e+01 8.440593000000000000e+06
1.330059999999999931e+01 1.389482000000000000e+06
1.342120000000000068e+01 1.724884000000000000e+06
1.359740000000000038e+01 1.188782000000000000e+06
1.361599999999999966e+01 8.063340000000000000e+05
1.352319999999999922e+01 1.702100000000000000e+06
1.319860000000000078e+01 1.145005000000000000e+06
1.293890000000000029e+01 7.444930000000000000e+05
1.297600000000000087e+01 5.446740000000000000e+05
1.303170000000000073e+01 6.441960000000000000e+05
1.315220000000000056e+01 7.526310000000000000e+05
1.322639999999999993e+01 8.590550000000000000e+05
1.325430000000000064e+01 1.272356000000000000e+06
1.326350000000000051e+01 8.668350000000000000e+05
1.351399999999999935e+01 6.135510000000000000e+05
1.357890000000000086e+01 7.810560000000000000e+05
1.365310000000000024e+01 6.059310000000000000e+05
1.385720000000000063e+01 4.957050000000000000e+05
1.382929999999999993e+01 7.062530000000000000e+05
1.391280000000000072e+01 6.011680000000000000e+05
1.386640000000000050e+01 8.873710000000000000e+05
1.400089999999999968e+01 7.605740000000000000e+05
1.403340000000000032e+01 7.666830000000000000e+05
1.394989999999999952e+01 8.486710000000000000e+05
1.414000000000000057e+01 5.281520000000000000e+05
1.424670000000000059e+01 4.047520000000000000e+05
1.421889999999999965e+01 7.903840000000000000e+05
1.427449999999999974e+01 4.549130000000000000e+05
1.423739999999999917e+01 1.189374000000000000e+06
1.419110000000000049e+01 8.080740000000000000e+05
1.403800000000000026e+01 1.001602000000000000e+06
1.400559999999999938e+01 1.496886000000000000e+06
1.407980000000000054e+01 1.409886000000000000e+06
1.445539999999999914e+01 2.150401000000000000e+06
1.399629999999999974e+01 4.700500000000000000e+05
1.382929999999999993e+01 1.733053000000000000e+06
1.382929999999999993e+01 3.899127000000000000e+06
1.476609999999999978e+01 1.543906000000000000e+06
1.490530000000000044e+01 8.552310000000000000e+05
1.477079999999999949e+01 1.244078000000000000e+06
1.444149999999999956e+01 1.835986000000000000e+06
1.452500000000000036e+01 1.637433000000000000e+06
1.471049999999999969e+01 1.510909000000000000e+06
1.434869999999999912e+01 1.765728000000000000e+06
1.431160000000000032e+01 4.640180000000000000e+05
1.433949999999999925e+01 1.023115000000000000e+06
1.429310000000000080e+01 2.791382000000000000e+06
1.423739999999999917e+01 6.994560000000000000e+05
1.435800000000000054e+01 8.992620000000000000e+05
1.436730000000000018e+01 1.129837000000000000e+06
1.456209999999999916e+01 1.388057000000000000e+06
1.469190000000000040e+01 6.342950000000000000e+05
1.470120000000000005e+01 8.789250000000000000e+05
1.478470000000000084e+01 6.033800000000000000e+05
1.458990000000000009e+01 4.515300000000000000e+05
1.458060000000000045e+01 7.381520000000000000e+05
1.473830000000000062e+01 1.189557000000000000e+06
1.479390000000000072e+01 3.252440000000000000e+05
1.492379999999999995e+01 2.823950000000000000e+05
1.482639999999999958e+01 5.961330000000000000e+05
1.477539999999999942e+01 1.564646000000000000e+06
1.471969999999999956e+01 9.527030000000000000e+05
1.487739999999999974e+01 4.692570000000000000e+05
1.479390000000000072e+01 6.418630000000000000e+05
1.485890000000000022e+01 9.773720000000000000e+05
1.506290000000000084e+01 1.304148000000000000e+06
1.535970000000000013e+01 1.275439000000000000e+06
1.540610000000000035e+01 1.044423000000000000e+06
1.534120000000000061e+01 6.029660000000000000e+05
1.521129999999999960e+01 1.075455000000000000e+06
1.538760000000000083e+01 9.222360000000000000e+05
1.526699999999999946e+01 6.778510000000000000e+05
1.537829999999999941e+01 7.694070000000000000e+05
1.520209999999999972e+01 1.472815000000000000e+06
1.524840000000000018e+01 5.375380000000000000e+05
1.489600000000000080e+01 9.933060000000000000e+05
1.477539999999999942e+01 1.872183000000000000e+06
1.510929999999999929e+01 7.561570000000000000e+05
1.522059999999999924e+01 7.054930000000000000e+05
1.544319999999999915e+01 1.211730000000000000e+06
1.541539999999999999e+01 1.188679000000000000e+06
1.550810000000000066e+01 7.130720000000000000e+05
1.576779999999999937e+01 6.371880000000000000e+05
1.560089999999999932e+01 1.153706000000000000e+06
1.563799999999999990e+01 7.734670000000000000e+05
1.577710000000000079e+01 8.963170000000000000e+05
1.568440000000000012e+01 1.172617000000000000e+06
1.567510000000000048e+01 1.342967000000000000e+06
1.546180000000000021e+01 7.129470000000000000e+05
1.535050000000000026e+01 3.600500000000000000e+05
1.531339999999999968e+01 6.330170000000000000e+05
1.535970000000000013e+01 7.194990000000000000e+05
1.522059999999999924e+01 4.560960000000000000e+05
1.517420000000000080e+01 4.379440000000000000e+05
1.511860000000000070e+01 1.645762000000000000e+06
1.511860000000000070e+01 1.920935000000000000e+06
1.499799999999999933e+01 1.105902000000000000e+06
1.462700000000000067e+01 1.517938000000000000e+06
1.411689999999999934e+01 8.832480000000000000e+05
1.401479999999999926e+01 8.017600000000000000e+05
1.403340000000000032e+01 1.184964000000000000e+06
1.343050000000000033e+01 8.746130000000000000e+05
1.339339999999999975e+01 1.946628000000000000e+06
1.341189999999999927e+01 7.348790000000000000e+05
1.368089999999999939e+01 1.621876000000000000e+06
1.382929999999999993e+01 1.151160000000000000e+06
1.389429999999999943e+01 4.134140000000000000e+05
1.359740000000000038e+01 7.200410000000000000e+05
1.363449999999999918e+01 7.111200000000000000e+05
1.340269999999999939e+01 4.569630000000000000e+05
1.339339999999999975e+01 7.530440000000000000e+05
1.348610000000000042e+01 3.166310000000000000e+05
1.348610000000000042e+01 9.919110000000000000e+05
1.356959999999999944e+01 1.410700000000000000e+06
1.363449999999999918e+01 6.644540000000000000e+05
1.365310000000000024e+01 5.370720000000000000e+05
1.380150000000000077e+01 9.033390000000000000e+05
1.367159999999999975e+01 8.869900000000000000e+05
1.336560000000000059e+01 1.074456000000000000e+06
1.342120000000000068e+01 1.197103000000000000e+06
1.357890000000000086e+01 1.018524000000000000e+06
1.389429999999999943e+01 9.049890000000000000e+05
1.398700000000000010e+01 6.441110000000000000e+05
1.407980000000000054e+01 6.950000000000000000e+05
1.403340000000000032e+01 5.188770000000000000e+05
1.394989999999999952e+01 4.925210000000000000e+05
1.383859999999999957e+01 3.313660000000000000e+05
1.390349999999999930e+01 1.117864000000000000e+06
1.368089999999999939e+01 1.629555000000000000e+06
1.353250000000000064e+01 2.727212000000000000e+06
1.343050000000000033e+01 1.226422000000000000e+06
1.332850000000000001e+01 1.458621000000000000e+06
1.320790000000000042e+01 1.635726000000000000e+06
1.321720000000000006e+01 2.108887000000000000e+06
1.358820000000000050e+01 1.970363000000000000e+06
1.370880000000000010e+01 1.431728000000000000e+06
1.379219999999999935e+01 1.923729000000000000e+06
1.401479999999999926e+01 3.162193000000000000e+06
1.390349999999999930e+01 1.668773000000000000e+06
1.412609999999999921e+01 2.038502000000000000e+06
1.406119999999999948e+01 1.955993000000000000e+06
1.414470000000000027e+01 2.691711000000000000e+06
1.412609999999999921e+01 2.036013000000000000e+06
1.395919999999999916e+01 2.908982000000000000e+06
1.395919999999999916e+01 9.802460000000000000e+05
1.409830000000000005e+01 1.732123000000000000e+06
1.393140000000000001e+01 2.622925000000000000e+06
1.395919999999999916e+01 3.770059000000000000e+06
1.375510000000000055e+01 2.172438000000000000e+06
1.369020000000000081e+01 5.445664000000000000e+06
1.389429999999999943e+01 4.737863000000000000e+06
1.382929999999999993e+01 1.958365000000000000e+06
1.385720000000000063e+01 2.000017000000000000e+06
1.389429999999999943e+01 1.165681000000000000e+06
1.374119999999999919e+01 1.626263000000000000e+06
1.391280000000000072e+01 9.993960000000000000e+05
1.383859999999999957e+01 5.287200000000000000e+05
1.385720000000000063e+01 2.941720000000000000e+05
1.376440000000000019e+01 9.850140000000000000e+05
1.390349999999999930e+01 1.647590000000000000e+06
1.378299999999999947e+01 3.112590000000000000e+05
1.367159999999999975e+01 6.212460000000000000e+05
1.400559999999999938e+01 3.496610000000000000e+05
1.395919999999999916e+01 3.756310000000000000e+05
1.396850000000000058e+01 4.758550000000000000e+05
1.404269999999999996e+01 6.356650000000000000e+05
1.397770000000000046e+01 9.467350000000000000e+05
1.397770000000000046e+01 4.408870000000000000e+05
1.420960000000000001e+01 7.984430000000000000e+05
1.400559999999999938e+01 8.106000000000000000e+05
1.378299999999999947e+01 3.676821000000000000e+06
1.392210000000000036e+01 1.449251000000000000e+06
1.337950000000000017e+01 1.863680000000000000e+06
1.322639999999999993e+01 1.807561000000000000e+06
1.320790000000000042e+01 2.296334000000000000e+06
1.343050000000000033e+01 1.407285000000000000e+06
1.352319999999999922e+01 7.441530000000000000e+05
1.347690000000000055e+01 6.825240000000000000e+05
1.388499999999999979e+01 9.520980000000000000e+05
1.415399999999999991e+01 7.301620000000000000e+05
1.459919999999999973e+01 9.875910000000000000e+05
1.421419999999999995e+01 5.505990000000000000e+05
1.461769999999999925e+01 7.898890000000000000e+05
1.461769999999999925e+01 6.534890000000000000e+05
1.451570000000000071e+01 8.335980000000000000e+05
1.467340000000000089e+01 1.413099000000000000e+06
1.496090000000000053e+01 1.591433000000000000e+06
1.530410000000000004e+01 1.847011000000000000e+06
1.542469999999999963e+01 4.107990000000000000e+05
1.522990000000000066e+01 7.611550000000000000e+05
1.542469999999999963e+01 3.428070000000000000e+05
1.545250000000000057e+01 8.833000000000000000e+05
1.547100000000000009e+01 5.655000000000000000e+05
1.561940000000000062e+01 4.546000000000000000e+05
1.548029999999999973e+01 3.571000000000000000e+05
1.546180000000000021e+01 7.362000000000000000e+05
1.549890000000000079e+01 4.091000000000000000e+05
1.550810000000000066e+01 3.621000000000000000e+05
1.557310000000000016e+01 4.259000000000000000e+05
1.572150000000000070e+01 5.805000000000000000e+05
1.587909999999999933e+01 9.098000000000000000e+05
1.574000000000000021e+01 1.540400000000000000e+06
1.600900000000000034e+01 7.048000000000000000e+05
1.612959999999999994e+01 6.057000000000000000e+05
1.604609999999999914e+01 6.782000000000000000e+05
1.599970000000000070e+01 1.329500000000000000e+06
1.582349999999999923e+01 1.021400000000000000e+06
1.600900000000000034e+01 7.068000000000000000e+05
1.603679999999999950e+01 5.420000000000000000e+05
1.603679999999999950e+01 8.443000000000000000e+05
1.599970000000000070e+01 3.593000000000000000e+05
1.605539999999999878e+01 1.298000000000000000e+06
1.589770000000000039e+01 9.665000000000000000e+05
1.594410000000000061e+01 9.308000000000000000e+05
1.585130000000000017e+01 1.115800000000000000e+06
1.553599999999999959e+01 2.905000000000000000e+05
1.561940000000000062e+01 1.182900000000000000e+06
1.559159999999999968e+01 9.132000000000000000e+05
1.574000000000000021e+01 1.081000000000000000e+06
1.554519999999999946e+01 6.530000000000000000e+05
1.561020000000000074e+01 6.973000000000000000e+05
1.571219999999999928e+01 7.118000000000000000e+05
1.553599999999999959e+01 2.848000000000000000e+06
1.576779999999999937e+01 1.064000000000000000e+06
1.590700000000000003e+01 7.246000000000000000e+05
1.597189999999999976e+01 8.675000000000000000e+05
1.612959999999999994e+01 4.325000000000000000e+05
1.610180000000000078e+01 3.848000000000000000e+05
1.596260000000000012e+01 7.295000000000000000e+05
1.612030000000000030e+01 6.073000000000000000e+05
1.612959999999999994e+01 5.383000000000000000e+05
1.622230000000000061e+01 4.892000000000000000e+05
1.633360000000000056e+01 8.434000000000000000e+05
1.644490000000000052e+01 8.046000000000000000e+05
1.627799999999999869e+01 4.422000000000000000e+05
1.624089999999999989e+01 2.838000000000000000e+05
1.626869999999999905e+01 5.047000000000000000e+05
1.637069999999999936e+01 1.047400000000000000e+06
1.623160000000000025e+01 7.119000000000000000e+05
1.635219999999999985e+01 8.427000000000000000e+05
1.637999999999999901e+01 1.359000000000000000e+06
1.631510000000000105e+01 7.598000000000000000e+05
1.628729999999999833e+01 8.700000000000000000e+05
1.624089999999999989e+01 7.577000000000000000e+05
1.638929999999999865e+01 6.734000000000000000e+05
1.630580000000000140e+01 1.499400000000000000e+06
1.635219999999999985e+01 7.892000000000000000e+05
1.648199999999999932e+01 2.932000000000000000e+05
1.643570000000000064e+01 5.506000000000000000e+05
1.632440000000000069e+01 6.876000000000000000e+05
1.618519999999999825e+01 1.063100000000000000e+06
1.627799999999999869e+01 1.241700000000000000e+06
1.626869999999999905e+01 1.889500000000000000e+06
1.595330000000000048e+01 6.520000000000000000e+05
1.576779999999999937e+01 6.624000000000000000e+05
1.561940000000000062e+01 4.693000000000000000e+05
1.586989999999999945e+01 6.257000000000000000e+05
1.591619999999999990e+01 5.384000000000000000e+05
1.583280000000000065e+01 7.303000000000000000e+05
1.559159999999999968e+01 4.045000000000000000e+05
1.551740000000000030e+01 8.276000000000000000e+05
1.551740000000000030e+01 3.432000000000000000e+05
1.562870000000000026e+01 6.117000000000000000e+05
1.592549999999999955e+01 5.246000000000000000e+05
1.593479999999999919e+01 3.960000000000000000e+05
1.599970000000000070e+01 4.410000000000000000e+05
1.601829999999999998e+01 7.310000000000000000e+05
1.601829999999999998e+01 5.685000000000000000e+05
1.577710000000000079e+01 3.212000000000000000e+05
1.569359999999999999e+01 5.982000000000000000e+05
1.556380000000000052e+01 1.075200000000000000e+06
1.538760000000000083e+01 3.362000000000000000e+05
1.543389999999999951e+01 3.942000000000000000e+05
1.549890000000000079e+01 3.102000000000000000e+05
1.563799999999999990e+01 3.174000000000000000e+05
1.552669999999999995e+01 4.313000000000000000e+05
1.555450000000000088e+01 3.774000000000000000e+05
1.530410000000000004e+01 4.312000000000000000e+05
1.523920000000000030e+01 7.744000000000000000e+05
1.546180000000000021e+01 1.645000000000000000e+05
1.548959999999999937e+01 3.799000000000000000e+05
1.535970000000000013e+01 5.837000000000000000e+05
1.559159999999999968e+01 8.241000000000000000e+05
1.605539999999999878e+01 5.595000000000000000e+05
1.618519999999999825e+01 9.366000000000000000e+05
1.613889999999999958e+01 1.558900000000000000e+06
1.536899999999999977e+01 6.525000000000000000e+05
1.534120000000000061e+01 6.035000000000000000e+05
1.544319999999999915e+01 4.788000000000000000e+05
1.561940000000000062e+01 6.110000000000000000e+05
1.561020000000000074e+01 6.072000000000000000e+05
1.554519999999999946e+01 5.920000000000000000e+05
1.534120000000000061e+01 1.150200000000000000e+06
1.559159999999999968e+01 6.945000000000000000e+05
1.556380000000000052e+01 6.135000000000000000e+05
1.556380000000000052e+01 3.376000000000000000e+05
1.572150000000000070e+01 4.344000000000000000e+05
1.569359999999999999e+01 3.163000000000000000e+05
1.554519999999999946e+01 6.651000000000000000e+05
1.545250000000000057e+01 5.163000000000000000e+05
1.527630000000000088e+01 1.682000000000000000e+05
1.522059999999999924e+01 2.669000000000000000e+05
1.510929999999999929e+01 3.611000000000000000e+05
1.521129999999999960e+01 3.279000000000000000e+05
1.508150000000000013e+01 5.876000000000000000e+05
1.528550000000000075e+01 3.543000000000000000e+05
1.560089999999999932e+01 2.296000000000000000e+05
1.544319999999999915e+01 2.942000000000000000e+05
1.551740000000000030e+01 5.993000000000000000e+05
1.549890000000000079e+01 7.843000000000000000e+05
1.548029999999999973e+01 7.617000000000000000e+05
1.572150000000000070e+01 3.649000000000000000e+05
1.570289999999999964e+01 5.304000000000000000e+05
1.548959999999999937e+01 2.386000000000000000e+05
1.534120000000000061e+01 2.201000000000000000e+05
1.530410000000000004e+01 4.419000000000000000e+05
1.532259999999999955e+01 6.177000000000000000e+05
1.561940000000000062e+01 1.933000000000000000e+05
1.573070000000000057e+01 4.575000000000000000e+05
1.577710000000000079e+01 1.579000000000000000e+06
1.586989999999999945e+01 4.752000000000000000e+05
1.599050000000000082e+01 7.637000000000000000e+05
1.609250000000000114e+01 7.808000000000000000e+05
1.584200000000000053e+01 6.529000000000000000e+05
1.581419999999999959e+01 8.050000000000000000e+05
1.583280000000000065e+01 5.162000000000000000e+05
1.623160000000000025e+01 6.870000000000000000e+05
1.611100000000000065e+01 8.537000000000000000e+05
1.621310000000000073e+01 5.867000000000000000e+05
1.626869999999999905e+01 3.918000000000000000e+05
1.656550000000000011e+01 3.218000000000000000e+05
1.659329999999999927e+01 5.410000000000000000e+05
1.659329999999999927e+01 6.383000000000000000e+05
1.641710000000000136e+01 6.544000000000000000e+05
1.659329999999999927e+01 6.622000000000000000e+05
1.637999999999999901e+01 5.504000000000000000e+05
1.631510000000000105e+01 8.607000000000000000e+05
1.634290000000000020e+01 1.054800000000000000e+06
1.623160000000000025e+01 8.116000000000000000e+05
1.597189999999999976e+01 7.252000000000000000e+05
1.586989999999999945e+01 4.481000000000000000e+05
1.599970000000000070e+01 8.797000000000000000e+05
1.603679999999999950e+01 1.097700000000000000e+06
1.597189999999999976e+01 6.379000000000000000e+05
1.600900000000000034e+01 5.401000000000000000e+05
1.604609999999999914e+01 4.438000000000000000e+05
1.623160000000000025e+01 1.025800000000000000e+06
1.590700000000000003e+01 9.207000000000000000e+05
1.576779999999999937e+01 1.909400000000000000e+06
1.452500000000000036e+01 1.457800000000000000e+06
1.420030000000000037e+01 2.498300000000000000e+06
1.397770000000000046e+01 4.492500000000000000e+06
1.397770000000000046e+01 1.966600000000000000e+06
1.447860000000000014e+01 7.836000000000000000e+05
1.465479999999999983e+01 1.937300000000000000e+06
1.476609999999999978e+01 1.283200000000000000e+06
1.484960000000000058e+01 1.214600000000000000e+06
1.497949999999999982e+01 3.012700000000000000e+06
1.497949999999999982e+01 8.388000000000000000e+05
1.535050000000000026e+01 3.727000000000000000e+05
1.546180000000000021e+01 6.441000000000000000e+05
1.554519999999999946e+01 8.859000000000000000e+05
1.578640000000000043e+01 8.134000000000000000e+05
1.580489999999999995e+01 5.060000000000000000e+05
1.590700000000000003e+01 4.803000000000000000e+05
1.599050000000000082e+01 5.942000000000000000e+05
1.584200000000000053e+01 4.582000000000000000e+05
1.608320000000000149e+01 3.038000000000000000e+05
1.604609999999999914e+01 5.942000000000000000e+05
1.599050000000000082e+01 6.303000000000000000e+05
1.606469999999999843e+01 1.174400000000000000e+06
1.627799999999999869e+01 6.200000000000000000e+05
1.644490000000000052e+01 4.316000000000000000e+05
1.659329999999999927e+01 7.585000000000000000e+05
1.653770000000000095e+01 2.971000000000000000e+05
1.646349999999999980e+01 3.084000000000000000e+05
1.639859999999999829e+01 3.197000000000000000e+05
1.641710000000000136e+01 2.402000000000000000e+05
1.652840000000000131e+01 8.770000000000000000e+04
1.649129999999999896e+01 3.959000000000000000e+05
1.630580000000000140e+01 5.651000000000000000e+05
1.596260000000000012e+01 3.868000000000000000e+05
1.609250000000000114e+01 5.310000000000000000e+05
1.596260000000000012e+01 8.009000000000000000e+05
1.635219999999999985e+01 7.187000000000000000e+05
1.623160000000000025e+01 6.433000000000000000e+05
1.609250000000000114e+01 4.668000000000000000e+05
1.620380000000000109e+01 7.458000000000000000e+05
1.623160000000000025e+01 9.377000000000000000e+05
1.610180000000000078e+01 1.985800000000000000e+06
1.610180000000000078e+01 1.733400000000000000e+06
1.611100000000000065e+01 5.132000000000000000e+05
1.623160000000000025e+01 5.402000000000000000e+05
1.625939999999999941e+01 5.604000000000000000e+05
1.637999999999999901e+01 8.893000000000000000e+05
1.666750000000000043e+01 3.920000000000000000e+05
1.659329999999999927e+01 1.039300000000000000e+06
1.647279999999999944e+01 1.162100000000000000e+06
1.633360000000000056e+01 7.174000000000000000e+05
1.642640000000000100e+01 1.203700000000000000e+06
1.650989999999999824e+01 2.992000000000000000e+05
1.655620000000000047e+01 8.055000000000000000e+05
1.644490000000000052e+01 4.717000000000000000e+05
1.640780000000000172e+01 7.952000000000000000e+05
1.671389999999999887e+01 8.421000000000000000e+05
1.624089999999999989e+01 5.739000000000000000e+05
1.625939999999999941e+01 8.338000000000000000e+05
1.622230000000000061e+01 1.135600000000000000e+06
1.649129999999999896e+01 5.374000000000000000e+05
1.663970000000000127e+01 5.188000000000000000e+05
1.633360000000000056e+01 6.606000000000000000e+05
1.648199999999999932e+01 6.198000000000000000e+05
1.678810000000000002e+01 6.963000000000000000e+05
1.681589999999999918e+01 4.047000000000000000e+05
1.679739999999999966e+01 1.295300000000000000e+06
1.663510000000000133e+01 1.810300000000000000e+06
1.646349999999999980e+01 6.775000000000000000e+05
1.657479999999999976e+01 8.895000000000000000e+05
1.639859999999999829e+01 1.045000000000000000e+06
1.628729999999999833e+01 1.527000000000000000e+06
1.643570000000000064e+01 9.317000000000000000e+05
1.622230000000000061e+01 1.532000000000000000e+06
1.618519999999999825e+01 1.578100000000000000e+06
1.604609999999999914e+01 5.639000000000000000e+05
1.606469999999999843e+01 2.034100000000000000e+06
1.600900000000000034e+01 8.613000000000000000e+05
1.600900000000000034e+01 1.241700000000000000e+06
1.591619999999999990e+01 1.436900000000000000e+06
1.582349999999999923e+01 7.549000000000000000e+05
1.569359999999999999e+01 2.259400000000000000e+06
1.543859999999999921e+01 1.069200000000000000e+06
1.515569999999999951e+01 4.387600000000000000e+06
1.505369999999999919e+01 6.674000000000000000e+05
1.509079999999999977e+01 1.107800000000000000e+06
1.509079999999999977e+01 1.114000000000000000e+06
1.509079999999999977e+01 2.186100000000000000e+06
1.529480000000000040e+01 1.292300000000000000e+06
1.510929999999999929e+01 5.212000000000000000e+05
1.523920000000000030e+01 6.118000000000000000e+05
1.535970000000000013e+01 8.233000000000000000e+05
1.546180000000000021e+01 2.539000000000000000e+06
1.585130000000000017e+01 1.126100000000000000e+06
1.607389999999999830e+01 1.402900000000000000e+06
1.557310000000000016e+01 7.039000000000000000e+05
1.568440000000000012e+01 1.416500000000000000e+06
1.588840000000000074e+01 8.842000000000000000e+05
1.599510000000000076e+01 9.518000000000000000e+05
1.597189999999999976e+01 5.486000000000000000e+05
1.592549999999999955e+01 7.721000000000000000e+05
1.586989999999999945e+01 4.116000000000000000e+05
1.604609999999999914e+01 6.016000000000000000e+05
1.595330000000000048e+01 1.531600000000000000e+06
1.550810000000000066e+01 8.463000000000000000e+05
1.529480000000000040e+01 7.729000000000000000e+05
1.515569999999999951e+01 1.655900000000000000e+06
1.520209999999999972e+01 1.912100000000000000e+06
1.503509999999999991e+01 2.037400000000000000e+06
1.484029999999999916e+01 5.844000000000000000e+05
1.469190000000000040e+01 1.583300000000000000e+06
1.480320000000000036e+01 7.975000000000000000e+05
1.481250000000000000e+01 7.235800000000000000e+06
1.478470000000000084e+01 3.848700000000000000e+06
1.489600000000000080e+01 1.095300000000000000e+06
1.476609999999999978e+01 1.676500000000000000e+06
1.472899999999999920e+01 1.611600000000000000e+06
1.478470000000000084e+01 1.948100000000000000e+06
1.472899999999999920e+01 9.933000000000000000e+05
1.473830000000000062e+01 6.107000000000000000e+05
1.501660000000000039e+01 2.144700000000000000e+06
1.513710000000000022e+01 1.351600000000000000e+06
1.500730000000000075e+01 2.029000000000000000e+06
1.488669999999999938e+01 1.643600000000000000e+06
1.494239999999999924e+01 1.917600000000000000e+06
1.506290000000000084e+01 1.370900000000000000e+06
1.519280000000000008e+01 2.109500000000000000e+06
1.498869999999999969e+01 1.239800000000000000e+06
1.520209999999999972e+01 1.335300000000000000e+06
1.503509999999999991e+01 1.127500000000000000e+06
1.530410000000000004e+01 2.042800000000000000e+06
1.520209999999999972e+01 1.951600000000000000e+06
1.492379999999999995e+01 2.392800000000000000e+06
1.497020000000000017e+01 3.438100000000000000e+06
1.457130000000000081e+01 3.495600000000000000e+06
1.492379999999999995e+01 9.376000000000000000e+05
1.461769999999999925e+01 2.097300000000000000e+06
1.476609999999999978e+01 2.205100000000000000e+06
1.470120000000000005e+01 2.104900000000000000e+06
1.474760000000000026e+01 2.159200000000000000e+06
1.495159999999999911e+01 3.735400000000000000e+06
1.446930000000000049e+01 2.827900000000000000e+06
1.485890000000000022e+01 3.737700000000000000e+06
1.427449999999999974e+01 2.711100000000000000e+06
1.372729999999999961e+01 5.331400000000000000e+06
1.390349999999999930e+01 3.042300000000000000e+06
1.410759999999999970e+01 3.630300000000000000e+06
1.433019999999999960e+01 3.010500000000000000e+06
1.458990000000000009e+01 3.656200000000000000e+06
1.485890000000000022e+01 4.010700000000000000e+06
1.447860000000000014e+01 3.470900000000000000e+06
1.388499999999999979e+01 2.265100000000000000e+06
1.390349999999999930e+01 8.682500000000000000e+06
1.379219999999999935e+01 4.343500000000000000e+06
1.426529999999999987e+01 1.793700000000000000e+06
1.425600000000000023e+01 3.258000000000000000e+06
1.434869999999999912e+01 9.010000000000000000e+05
1.452500000000000036e+01 5.644000000000000000e+05
1.439509999999999934e+01 7.583000000000000000e+05
1.465479999999999983e+01 6.353000000000000000e+05
1.432089999999999996e+01 1.874600000000000000e+06
1.440440000000000076e+01 7.717000000000000000e+06
