8.199999999999999289e+00 4.851522000000000000e+06
8.640000000000000568e+00 3.475349000000000000e+06
8.974999999999999645e+00 4.254140000000000000e+06
8.820000000000000284e+00 4.264795000000000000e+06
8.529999999999999361e+00 2.888917000000000000e+06
9.160000000000000142e+00 3.247638000000000000e+06
8.720000000000000639e+00 5.042176000000000000e+06
8.679999999999999716e+00 2.568547000000000000e+06
8.230000000000000426e+00 4.201077000000000000e+06
9.019999999999999574e+00 5.681258000000000000e+06
9.669999999999999929e+00 3.494759000000000000e+06
9.880000000000000782e+00 4.261508000000000000e+06
1.088000000000000078e+01 7.291426000000000000e+06
1.014000000000000057e+01 5.382461000000000000e+06
1.047000000000000064e+01 6.720482000000000000e+06
9.220000000000000639e+00 9.126226000000000000e+06
1.008999999999999986e+01 3.945923000000000000e+06
1.080000000000000071e+01 3.831650000000000000e+06
1.004700000000000060e+01 3.928467000000000000e+06
1.091890000000000072e+01 4.089264000000000000e+06
1.096840000000000082e+01 2.542565000000000000e+06
1.166200000000000081e+01 4.166233000000000000e+06
1.172639999999999993e+01 4.158988000000000000e+06
1.231099999999999994e+01 4.424879000000000000e+06
1.196419999999999995e+01 8.734280000000000000e+06
1.182060000000000066e+01 4.158010000000000000e+06
1.221690000000000076e+01 3.233711000000000000e+06
1.274200000000000088e+01 5.930598000000000000e+06
1.348509999999999920e+01 2.171577000000000000e+06
1.420839999999999925e+01 1.656766000000000000e+06
1.441159999999999997e+01 2.027443000000000000e+06
1.447600000000000087e+01 1.610765000000000000e+06
1.436700000000000088e+01 1.710080000000000000e+06
1.446610000000000085e+01 1.751997000000000000e+06
1.426789999999999914e+01 1.794045000000000000e+06
1.430749999999999922e+01 2.181047000000000000e+06
1.400040000000000084e+01 1.834034000000000000e+06
1.363380000000000081e+01 3.497031000000000000e+06
1.405979999999999919e+01 6.367478000000000000e+06
1.433719999999999928e+01 4.351688000000000000e+06
1.395579999999999998e+01 2.464854000000000000e+06
1.368329999999999913e+01 2.261902000000000000e+06
1.351490000000000080e+01 2.519010000000000000e+06
1.349499999999999922e+01 4.222310000000000000e+06
1.352480000000000082e+01 2.949628000000000000e+06
1.324239999999999995e+01 2.228278000000000000e+06
1.338610000000000078e+01 3.163804000000000000e+06
1.353470000000000084e+01 3.726961000000000000e+06
1.381209999999999916e+01 1.806720000000000000e+06
1.421340000000000003e+01 1.468409000000000000e+06
1.432729999999999926e+01 2.262083000000000000e+06
1.435210000000000008e+01 2.380372000000000000e+06
1.477319999999999922e+01 1.838465000000000000e+06
1.477319999999999922e+01 2.419920000000000000e+06
1.465429999999999922e+01 1.399121000000000000e+06
1.453539999999999921e+01 1.670090000000000000e+06
1.443629999999999924e+01 1.675817000000000000e+06
1.421829999999999927e+01 1.862452000000000000e+06
1.429759999999999920e+01 1.846940000000000000e+06
1.440659999999999918e+01 1.695893000000000000e+06
1.436200000000000010e+01 1.585048000000000000e+06
1.422830000000000084e+01 2.014186000000000000e+06
1.426789999999999914e+01 1.976462000000000000e+06
1.430749999999999922e+01 2.182864000000000000e+06
1.401030000000000086e+01 1.456711000000000000e+06
1.394089999999999918e+01 1.436816000000000000e+06
1.402020000000000088e+01 1.020738000000000000e+06
1.403999999999999915e+01 9.795510000000000000e+05
1.385169999999999924e+01 7.690020000000000000e+05
1.387160000000000082e+01 1.110991000000000000e+06
1.382199999999999918e+01 5.927761000000000000e+06
1.379229999999999912e+01 3.206923000000000000e+06
1.393099999999999916e+01 2.697759000000000000e+06
1.366350000000000087e+01 1.604558000000000000e+06
1.360399999999999920e+01 2.146038000000000000e+06
1.346529999999999916e+01 2.255552000000000000e+06
1.366350000000000087e+01 2.787876000000000000e+06
1.318790000000000084e+01 2.488131000000000000e+06
1.308880000000000088e+01 2.154995000000000000e+06
1.310859999999999914e+01 2.045632000000000000e+06
1.308880000000000088e+01 2.171403000000000000e+06
1.288069999999999915e+01 2.713327000000000000e+06
1.272220000000000084e+01 3.196928000000000000e+06
1.255380000000000074e+01 2.392467000000000000e+06
1.276179999999999914e+01 2.485317000000000000e+06
1.276179999999999914e+01 1.072918000000000000e+06
1.295010000000000083e+01 1.997049000000000000e+06
1.292040000000000077e+01 3.475851000000000000e+06
1.274200000000000088e+01 3.191799000000000000e+06
1.259340000000000082e+01 2.357107000000000000e+06
1.245470000000000077e+01 3.251588000000000000e+06
1.261320000000000086e+01 1.820383000000000000e+06
1.276179999999999914e+01 1.548680000000000000e+06
1.277169999999999916e+01 1.566490000000000000e+06
1.287079999999999913e+01 1.993940000000000000e+06
1.279160000000000075e+01 2.423439000000000000e+06
1.298969999999999914e+01 5.532350000000000000e+06
1.299959999999999916e+01 4.611068000000000000e+06
1.302940000000000076e+01 4.015519000000000000e+06
1.278170000000000073e+01 6.777434000000000000e+06
1.319780000000000086e+01 4.314858000000000000e+06
1.342570000000000086e+01 1.895926000000000000e+06
1.362390000000000079e+01 1.461875000000000000e+06
1.368329999999999913e+01 2.124088000000000000e+06
1.363380000000000081e+01 1.569690000000000000e+06
1.358419999999999916e+01 1.377346000000000000e+06
1.350990000000000002e+01 1.913824000000000000e+06
1.383189999999999920e+01 1.444636000000000000e+06
1.376260000000000083e+01 1.220529000000000000e+06
1.367340000000000089e+01 2.284534000000000000e+06
1.368329999999999913e+01 1.974379000000000000e+06
1.372289999999999921e+01 1.489337000000000000e+06
1.371299999999999919e+01 2.219653000000000000e+06
1.352480000000000082e+01 2.233081000000000000e+06
1.334639999999999915e+01 1.776790000000000000e+06
1.354460000000000086e+01 2.089847000000000000e+06
1.353470000000000084e+01 3.233987000000000000e+06
1.329690000000000083e+01 4.085853000000000000e+06
1.340590000000000082e+01 2.043282000000000000e+06
1.337609999999999921e+01 2.053108000000000000e+06
1.305910000000000082e+01 1.666866000000000000e+06
1.295500000000000007e+01 2.147084000000000000e+06
1.285100000000000087e+01 1.916474000000000000e+06
1.358419999999999916e+01 1.976108000000000000e+06
1.373279999999999923e+01 1.551320000000000000e+06
1.356439999999999912e+01 1.949383000000000000e+06
1.361890000000000001e+01 2.156764000000000000e+06
1.375270000000000081e+01 2.601888000000000000e+06
1.379229999999999912e+01 1.881259000000000000e+06
1.373279999999999923e+01 1.060190000000000000e+06
1.380219999999999914e+01 1.870923000000000000e+06
1.391119999999999912e+01 1.400528000000000000e+06
1.380219999999999914e+01 2.709974000000000000e+06
1.388150000000000084e+01 1.778439000000000000e+06
1.381209999999999916e+01 4.263229000000000000e+06
1.382199999999999918e+01 2.736516000000000000e+06
1.410940000000000083e+01 2.364323000000000000e+06
1.411930000000000085e+01 1.499222000000000000e+06
1.395079999999999920e+01 2.705926000000000000e+06
1.441649999999999920e+01 1.471112000000000000e+06
1.428769999999999918e+01 3.394772000000000000e+06
1.441649999999999920e+01 3.194075000000000000e+06
1.437689999999999912e+01 2.442789000000000000e+06
1.414070000000000071e+01 1.593538000000000000e+06
1.388490000000000002e+01 1.594708000000000000e+06
1.377660000000000018e+01 2.327332000000000000e+06
1.366840000000000011e+01 2.714095000000000000e+06
1.333380000000000010e+01 1.925032000000000000e+06
1.353059999999999974e+01 1.994249000000000000e+06
1.357980000000000054e+01 1.067768000000000000e+06
1.350109999999999921e+01 1.329590000000000000e+06
1.329439999999999955e+01 1.787770000000000000e+06
1.344200000000000017e+01 1.704658000000000000e+06
1.332399999999999984e+01 3.364947000000000000e+06
1.392420000000000080e+01 2.120579000000000000e+06
1.387500000000000000e+01 2.572535000000000000e+06
1.369790000000000063e+01 1.986204000000000000e+06
1.376679999999999993e+01 2.459140000000000000e+06
1.354039999999999999e+01 2.430717000000000000e+06
1.343219999999999992e+01 4.256113000000000000e+06
1.316649999999999920e+01 3.794932000000000000e+06
1.381600000000000072e+01 4.724982000000000000e+06
1.380610000000000070e+01 3.267712000000000000e+06
1.348140000000000072e+01 4.967699000000000000e+06
1.282210000000000072e+01 3.310649000000000000e+06
1.258590000000000053e+01 5.410591000000000000e+06
1.269420000000000037e+01 3.276778000000000000e+06
1.255640000000000001e+01 4.952791000000000000e+06
1.277289999999999992e+01 2.978433000000000000e+06
1.282210000000000072e+01 4.014780000000000000e+06
1.294999999999999929e+01 3.304142000000000000e+06
1.316649999999999920e+01 1.476624000000000000e+06
1.316649999999999920e+01 2.277329000000000000e+06
1.321570000000000000e+01 1.844541000000000000e+06
1.315670000000000073e+01 3.153450000000000000e+06
1.335350000000000037e+01 3.246768000000000000e+06
1.316649999999999920e+01 2.417144000000000000e+06
1.304840000000000089e+01 2.918968000000000000e+06
1.293030000000000079e+01 4.465973000000000000e+06
1.306809999999999938e+01 3.231883000000000000e+06
1.300910000000000011e+01 2.936466000000000000e+06
1.336330000000000062e+01 2.679022000000000000e+06
1.314680000000000071e+01 2.167339000000000000e+06
1.309759999999999991e+01 2.593200000000000000e+06
1.300910000000000011e+01 3.165645000000000000e+06
1.308779999999999966e+01 1.968780000000000000e+06
1.308779999999999966e+01 2.472295000000000000e+06
1.307789999999999964e+01 1.297893000000000000e+06
1.324520000000000053e+01 1.215354000000000000e+06
1.323540000000000028e+01 1.677132000000000000e+06
1.329439999999999955e+01 2.082213000000000000e+06
1.338299999999999912e+01 3.834293000000000000e+06
1.327480000000000082e+01 6.401708000000000000e+06
1.321570000000000000e+01 2.598721000000000000e+06
1.308779999999999966e+01 3.143129000000000000e+06
1.303860000000000063e+01 2.129995000000000000e+06
1.310749999999999993e+01 2.618981000000000000e+06
1.331409999999999982e+01 7.949590000000000000e+06
1.334360000000000035e+01 4.299535000000000000e+06
1.315670000000000073e+01 6.237205000000000000e+06
1.268430000000000035e+01 7.611668000000000000e+06
1.204470000000000063e+01 6.289000000000000000e+06
1.164119999999999955e+01 3.202532000000000000e+06
1.160190000000000055e+01 2.643420000000000000e+06
1.155269999999999975e+01 1.673212000000000000e+06
1.161170000000000080e+01 2.049243000000000000e+06
1.158220000000000027e+01 2.692760000000000000e+06
1.153299999999999947e+01 3.511818000000000000e+06
1.141489999999999938e+01 5.363621000000000000e+06
1.143459999999999965e+01 5.194529000000000000e+06
1.139520000000000088e+01 4.425264000000000000e+06
1.123780000000000001e+01 3.259402000000000000e+06
1.120829999999999949e+01 2.083187000000000000e+06
1.126730000000000054e+01 2.370819000000000000e+06
1.142469999999999963e+01 2.416940000000000000e+06
1.159200000000000053e+01 2.941919000000000000e+06
1.159200000000000053e+01 1.709486000000000000e+06
1.160190000000000055e+01 4.068142000000000000e+06
1.157240000000000002e+01 1.778289000000000000e+06
1.161170000000000080e+01 1.877469000000000000e+06
1.140509999999999913e+01 3.033634000000000000e+06
1.122789999999999999e+01 1.665136000000000000e+06
1.134600000000000009e+01 1.644715000000000000e+06
1.138540000000000063e+01 2.160712000000000000e+06
1.133619999999999983e+01 2.653028000000000000e+06
1.127710000000000079e+01 3.227796000000000000e+06
1.171010000000000062e+01 4.656228000000000000e+06
1.124760000000000026e+01 4.238557000000000000e+06
1.123780000000000001e+01 3.533529000000000000e+06
1.138540000000000063e+01 3.907950000000000000e+06
1.183799999999999919e+01 2.023806000000000000e+06
1.214310000000000045e+01 1.208781000000000000e+06
1.206439999999999912e+01 1.920146000000000000e+06
1.217259999999999920e+01 2.905001000000000000e+06
1.222180000000000000e+01 3.836254000000000000e+06
1.224150000000000027e+01 2.603298000000000000e+06
1.226120000000000054e+01 3.988587000000000000e+06
1.215290000000000070e+01 2.043700000000000000e+06
1.231039999999999957e+01 2.137335000000000000e+06
1.230049999999999955e+01 3.062765000000000000e+06
1.224150000000000027e+01 1.845892000000000000e+06
1.232019999999999982e+01 4.339994000000000000e+06
1.238909999999999911e+01 2.170279000000000000e+06
1.246780000000000044e+01 2.052293000000000000e+06
1.233990000000000009e+01 1.877003000000000000e+06
1.244819999999999993e+01 1.442338000000000000e+06
1.233990000000000009e+01 1.616198000000000000e+06
1.244819999999999993e+01 1.425330000000000000e+06
1.232019999999999982e+01 1.664291000000000000e+06
1.232019999999999982e+01 1.237851000000000000e+06
1.234980000000000011e+01 1.921143000000000000e+06
1.230049999999999955e+01 2.168725000000000000e+06
1.229069999999999929e+01 2.727318000000000000e+06
1.224150000000000027e+01 3.013950000000000000e+06
1.232019999999999982e+01 3.528407000000000000e+06
1.224150000000000027e+01 2.173431000000000000e+06
1.218249999999999922e+01 1.852792000000000000e+06
1.211359999999999992e+01 4.313946000000000000e+06
1.222180000000000000e+01 2.788063000000000000e+06
1.235960000000000036e+01 7.929430000000000000e+06
1.242849999999999966e+01 3.032191000000000000e+06
1.264499999999999957e+01 4.962580000000000000e+06
1.239899999999999913e+01 5.394811000000000000e+06
1.233990000000000009e+01 2.961998000000000000e+06
1.241859999999999964e+01 2.703976000000000000e+06
1.243829999999999991e+01 4.663854000000000000e+06
1.243829999999999991e+01 2.152443000000000000e+06
1.253669999999999973e+01 2.725720000000000000e+06
1.266460000000000008e+01 2.183210000000000000e+06
1.273300000000000054e+01 2.174339000000000000e+06
1.249859999999999971e+01 2.167607000000000000e+06
1.259629999999999939e+01 1.796391000000000000e+06
1.281109999999999971e+01 1.859701000000000000e+06
1.286969999999999992e+01 2.348603000000000000e+06
1.292830000000000013e+01 2.566092000000000000e+06
1.293810000000000038e+01 2.331085000000000000e+06
1.271349999999999980e+01 3.344847000000000000e+06
1.273300000000000054e+01 2.231513000000000000e+06
1.271349999999999980e+01 3.982919000000000000e+06
1.271349999999999980e+01 3.020713000000000000e+06
1.267440000000000033e+01 6.131993000000000000e+06
1.249859999999999971e+01 2.050530000000000000e+06
1.257680000000000042e+01 2.385356000000000000e+06
1.245960000000000001e+01 2.243061000000000000e+06
1.244979999999999976e+01 2.198571000000000000e+06
1.220570000000000022e+01 1.654016000000000000e+06
1.214710000000000001e+01 2.069939000000000000e+06
1.210810000000000031e+01 2.014203000000000000e+06
1.193229999999999968e+01 2.912244000000000000e+06
1.216670000000000051e+01 3.686241000000000000e+06
1.241080000000000005e+01 3.518803000000000000e+06
1.261580000000000013e+01 2.205830000000000000e+06
1.267440000000000033e+01 2.788145000000000000e+06
1.256700000000000017e+01 2.757705000000000000e+06
1.244009999999999927e+01 2.227678000000000000e+06
1.252790000000000070e+01 2.883467000000000000e+06
1.237170000000000059e+01 1.449494000000000000e+06
1.242050000000000054e+01 3.439267000000000000e+06
1.233259999999999934e+01 1.664128000000000000e+06
1.239119999999999955e+01 3.064103000000000000e+06
1.214710000000000001e+01 1.978634000000000000e+06
1.188349999999999973e+01 3.508767000000000000e+06
1.205920000000000059e+01 2.076868000000000000e+06
1.222519999999999918e+01 1.358983000000000000e+06
1.214710000000000001e+01 1.851133000000000000e+06
1.208849999999999980e+01 1.548296000000000000e+06
1.208849999999999980e+01 1.881987000000000000e+06
1.200070000000000014e+01 1.419045000000000000e+06
1.195180000000000042e+01 1.758364000000000000e+06
1.189320000000000022e+01 1.440686000000000000e+06
1.192249999999999943e+01 1.344182000000000000e+06
1.187369999999999948e+01 2.295648000000000000e+06
1.169800000000000040e+01 2.191335000000000000e+06
1.149290000000000056e+01 1.830301000000000000e+06
1.101440000000000019e+01 2.282014000000000000e+06
1.112180000000000035e+01 2.196705000000000000e+06
1.108280000000000065e+01 1.950893000000000000e+06
1.098509999999999920e+01 2.466998000000000000e+06
1.094609999999999950e+01 3.010347000000000000e+06
1.091680000000000028e+01 3.033778000000000000e+06
1.061410000000000053e+01 1.370350000000000000e+06
1.078009999999999913e+01 5.417992000000000000e+06
1.107300000000000040e+01 4.034966000000000000e+06
1.156119999999999948e+01 3.575001000000000000e+06
1.168820000000000014e+01 3.263406000000000000e+06
1.178580000000000005e+01 3.732518000000000000e+06
1.196160000000000068e+01 3.077105000000000000e+06
1.230339999999999989e+01 2.915216000000000000e+06
1.243030000000000079e+01 3.042023000000000000e+06
1.216670000000000051e+01 2.465034000000000000e+06
1.223499999999999943e+01 3.082845000000000000e+06
1.206900000000000084e+01 2.538027000000000000e+06
1.217639999999999922e+01 4.173422000000000000e+06
1.258649999999999913e+01 3.087221000000000000e+06
1.298690000000000033e+01 3.140573000000000000e+06
1.267440000000000033e+01 3.953499000000000000e+06
1.289899999999999913e+01 2.203367000000000000e+06
1.282089999999999996e+01 2.652211000000000000e+06
1.256700000000000017e+01 3.349792000000000000e+06
1.272320000000000029e+01 3.508768000000000000e+06
1.231310000000000038e+01 1.691695000000000000e+06
1.229359999999999964e+01 4.066870000000000000e+06
1.230339999999999989e+01 4.588765000000000000e+06
1.298690000000000033e+01 2.801307000000000000e+06
1.325050000000000061e+01 2.758135000000000000e+06
1.325050000000000061e+01 4.242224000000000000e+06
1.348489999999999966e+01 2.909079000000000000e+06
1.333840000000000003e+01 3.371174000000000000e+06
1.336769999999999925e+01 3.801443000000000000e+06
1.390470000000000006e+01 3.770524000000000000e+06
1.380710000000000015e+01 9.426129000000000000e+06
1.311379999999999946e+01 6.278451000000000000e+06
1.295759999999999934e+01 3.094750000000000000e+06
1.285019999999999918e+01 3.608159000000000000e+06
1.285989999999999966e+01 2.111281000000000000e+06
1.282089999999999996e+01 4.137997000000000000e+06
1.287950000000000017e+01 9.907114000000000000e+06
1.251820000000000022e+01 2.854326000000000000e+06
1.217639999999999922e+01 5.166342000000000000e+06
1.237170000000000059e+01 5.926189000000000000e+06
1.255719999999999992e+01 4.822351000000000000e+06
1.254749999999999943e+01 6.921925000000000000e+06
1.278180000000000049e+01 4.078996000000000000e+06
1.287950000000000017e+01 2.750444000000000000e+06
1.282089999999999996e+01 2.794785000000000000e+06
1.283060000000000045e+01 3.213315000000000000e+06
1.289899999999999913e+01 4.082876000000000000e+06
1.283060000000000045e+01 3.384572000000000000e+06
1.268420000000000059e+01 2.062801000000000000e+06
1.251820000000000022e+01 9.594011000000000000e+06
1.240099999999999980e+01 8.657849000000000000e+06
1.246940000000000026e+01 5.587730000000000000e+06
1.316259999999999941e+01 5.855908000000000000e+06
1.300639999999999930e+01 2.362091000000000000e+06
1.297710000000000008e+01 5.127043000000000000e+06
1.301619999999999955e+01 6.250379000000000000e+06
1.306499999999999950e+01 8.764427000000000000e+06
1.276229999999999976e+01 3.415129000000000000e+06
1.279160000000000075e+01 4.504769000000000000e+06
1.287950000000000017e+01 6.623861000000000000e+06
1.257680000000000042e+01 8.924655000000000000e+06
1.254749999999999943e+01 3.863709000000000000e+06
1.260609999999999964e+01 3.378170000000000000e+06
1.244979999999999976e+01 3.589440000000000000e+06
1.250839999999999996e+01 8.676628000000000000e+06
1.232290000000000063e+01 2.988313000000000000e+06
1.222519999999999918e+01 2.533354000000000000e+06
1.212759999999999927e+01 5.667641000000000000e+06
1.198109999999999964e+01 2.056354000000000000e+06
1.214710000000000001e+01 2.412840000000000000e+06
1.220570000000000022e+01 1.953003000000000000e+06
1.206900000000000084e+01 3.030747000000000000e+06
1.223499999999999943e+01 3.195196000000000000e+06
1.222530000000000072e+01 3.080826000000000000e+06
1.226409999999999911e+01 2.617080000000000000e+06
1.230279999999999951e+01 4.415157000000000000e+06
1.247719999999999985e+01 4.090945000000000000e+06
1.251590000000000025e+01 2.744776000000000000e+06
1.266119999999999912e+01 3.342123000000000000e+06
1.280659999999999954e+01 2.144768000000000000e+06
1.292280000000000051e+01 2.753974000000000000e+06
1.279690000000000083e+01 2.180454000000000000e+06
1.283559999999999945e+01 3.036956000000000000e+06
1.298090000000000011e+01 3.671052000000000000e+06
1.299060000000000059e+01 2.437926000000000000e+06
1.322310000000000052e+01 2.518345000000000000e+06
1.314559999999999995e+01 4.421528000000000000e+06
1.314559999999999995e+01 4.740605000000000000e+06
1.346529999999999916e+01 3.435768000000000000e+06
1.346529999999999916e+01 4.227461000000000000e+06
1.324249999999999972e+01 4.709922000000000000e+06
1.326190000000000069e+01 4.395672000000000000e+06
1.315530000000000044e+01 5.979357000000000000e+06
1.278720000000000034e+01 5.993797000000000000e+06
1.478279999999999994e+01 3.182879000000000000e+06
1.466649999999999920e+01 1.715945000000000000e+06
1.466649999999999920e+01 1.443600000000000000e+06
1.464710000000000001e+01 1.736294000000000000e+06
1.460839999999999961e+01 1.288106000000000000e+06
1.454059999999999953e+01 1.234498000000000000e+06
1.459869999999999912e+01 2.158552000000000000e+06
1.459869999999999912e+01 2.125266000000000000e+06
1.448240000000000016e+01 1.661249000000000000e+06
1.442430000000000057e+01 1.455248000000000000e+06
1.461810000000000009e+01 1.591046000000000000e+06
1.469560000000000066e+01 1.622776000000000000e+06
1.457929999999999993e+01 1.132689000000000000e+06
1.479240000000000066e+01 1.387140000000000000e+06
1.480209999999999937e+01 1.547291000000000000e+06
1.500559999999999938e+01 2.064361000000000000e+06
1.506370000000000076e+01 1.894080000000000000e+06
1.489899999999999913e+01 1.929943000000000000e+06
1.492810000000000059e+01 1.336357000000000000e+06
1.510239999999999938e+01 1.013417000000000000e+06
1.507339999999999947e+01 1.976386000000000000e+06
1.506370000000000076e+01 1.139324000000000000e+06
1.527679999999999971e+01 2.166181000000000000e+06
1.501520000000000010e+01 1.912519000000000000e+06
1.491840000000000011e+01 1.724531000000000000e+06
1.480209999999999937e+01 1.325851000000000000e+06
1.480209999999999937e+01 1.121549000000000000e+06
1.467619999999999969e+01 2.719081000000000000e+06
1.501520000000000010e+01 1.886335000000000000e+06
1.504429999999999978e+01 1.260059000000000000e+06
1.495710000000000051e+01 1.777201000000000000e+06
1.503459999999999930e+01 1.961240000000000000e+06
1.505400000000000027e+01 2.091516000000000000e+06
1.532520000000000060e+01 1.954303000000000000e+06
1.529620000000000068e+01 1.848388000000000000e+06
1.550929999999999964e+01 1.407494000000000000e+06
1.545120000000000005e+01 1.516681000000000000e+06
1.555770000000000053e+01 1.922929000000000000e+06
1.548019999999999996e+01 3.337147000000000000e+06
1.551900000000000013e+01 2.124363000000000000e+06
1.535430000000000028e+01 2.326742000000000000e+06
1.549959999999999916e+01 1.137605000000000000e+06
1.537369999999999948e+01 9.024510000000000000e+05
1.532520000000000060e+01 1.513847000000000000e+06
1.517019999999999946e+01 1.539426000000000000e+06
1.520899999999999963e+01 1.577541000000000000e+06
1.513150000000000084e+01 1.727095000000000000e+06
1.481179999999999986e+01 1.478790000000000000e+06
1.473429999999999929e+01 2.238395000000000000e+06
1.455990000000000073e+01 2.912590000000000000e+06
1.491840000000000011e+01 1.667512000000000000e+06
1.460839999999999961e+01 2.067155000000000000e+06
1.509270000000000067e+01 1.269618000000000000e+06
1.503459999999999930e+01 1.576997000000000000e+06
1.499590000000000067e+01 1.275884000000000000e+06
1.512180000000000035e+01 1.430084000000000000e+06
1.520899999999999963e+01 1.570633000000000000e+06
1.514119999999999955e+01 2.746089000000000000e+06
1.524770000000000003e+01 2.517763000000000000e+06
1.539300000000000068e+01 1.996350000000000000e+06
1.529620000000000068e+01 2.364096000000000000e+06
1.532520000000000060e+01 4.637769000000000000e+06
1.470529999999999937e+01 3.252955000000000000e+06
1.607120000000000104e+01 1.979696000000000000e+06
1.599370000000000047e+01 1.688206000000000000e+06
1.585800000000000054e+01 2.328580000000000000e+06
1.587739999999999974e+01 1.493696000000000000e+06
1.563519999999999932e+01 1.236126000000000000e+06
1.538339999999999996e+01 1.368156000000000000e+06
1.521870000000000012e+01 2.250715000000000000e+06
1.550929999999999964e+01 1.874515000000000000e+06
1.548019999999999996e+01 1.387642000000000000e+06
1.550929999999999964e+01 8.832480000000000000e+05
1.547049999999999947e+01 1.101045000000000000e+06
1.538339999999999996e+01 1.094548000000000000e+06
1.540269999999999939e+01 1.173026000000000000e+06
1.567399999999999949e+01 1.107760000000000000e+06
1.566430000000000078e+01 2.417061000000000000e+06
1.568369999999999997e+01 1.550488000000000000e+06
1.552870000000000061e+01 1.515782000000000000e+06
1.559650000000000070e+01 1.472352000000000000e+06
1.545120000000000005e+01 2.730545000000000000e+06
1.522840000000000060e+01 9.432730000000000000e+05
1.541239999999999988e+01 9.570790000000000000e+05
1.530589999999999939e+01 2.031632000000000000e+06
1.545120000000000005e+01 1.651344000000000000e+06
1.516060000000000052e+01 2.583984000000000000e+06
1.501520000000000010e+01 1.306775000000000000e+06
1.525740000000000052e+01 2.166855000000000000e+06
1.528650000000000020e+01 2.055141000000000000e+06
1.515090000000000003e+01 1.979288000000000000e+06
1.492810000000000059e+01 1.884811000000000000e+06
1.530589999999999939e+01 1.930604000000000000e+06
1.494740000000000002e+01 3.200482000000000000e+06
1.509270000000000067e+01 1.499821000000000000e+06
1.518960000000000043e+01 2.441109000000000000e+06
1.507339999999999947e+01 2.156663000000000000e+06
1.576120000000000054e+01 2.082005000000000000e+06
1.599370000000000047e+01 1.519310000000000000e+06
1.584830000000000005e+01 1.602254000000000000e+06
1.582900000000000063e+01 2.654725000000000000e+06
1.608079999999999998e+01 1.981484000000000000e+06
1.590649999999999942e+01 1.463936000000000000e+06
1.581930000000000014e+01 9.652580000000000000e+05
1.585800000000000054e+01 9.558050000000000000e+05
1.593510000000000026e+01 9.553260000000000000e+05
1.585800000000000054e+01 1.203660000000000000e+06
1.561730000000000018e+01 1.036512000000000000e+06
1.569439999999999991e+01 1.819293000000000000e+06
1.580990000000000073e+01 1.962191000000000000e+06
1.554989999999999917e+01 1.831376000000000000e+06
1.528030000000000044e+01 4.372594000000000000e+06
1.516479999999999961e+01 2.916092000000000000e+06
1.553069999999999951e+01 2.021650000000000000e+06
1.577139999999999986e+01 1.346671000000000000e+06
1.602169999999999916e+01 1.082800000000000000e+06
1.588690000000000069e+01 1.424044000000000000e+06
1.561730000000000018e+01 2.380596000000000000e+06
1.541510000000000069e+01 3.356766000000000000e+06
1.535740000000000016e+01 1.967189000000000000e+06
1.565579999999999927e+01 2.155023000000000000e+06
1.576179999999999914e+01 1.883390000000000000e+06
1.573290000000000077e+01 2.763443000000000000e+06
1.561730000000000018e+01 2.663209000000000000e+06
1.516479999999999961e+01 2.709973000000000000e+06
1.518399999999999928e+01 3.380392000000000000e+06
1.506850000000000023e+01 2.240354000000000000e+06
1.546330000000000027e+01 2.684447000000000000e+06
1.568469999999999942e+01 4.465690000000000000e+06
1.524179999999999957e+01 2.443251000000000000e+06
1.580030000000000001e+01 2.320876000000000000e+06
1.619500000000000028e+01 2.084272000000000000e+06
1.647429999999999950e+01 1.655240000000000000e+06
1.641649999999999920e+01 1.732685000000000000e+06
1.642610000000000170e+01 1.243626000000000000e+06
1.650309999999999988e+01 1.279106000000000000e+06
1.640690000000000026e+01 1.051809000000000000e+06
1.645499999999999829e+01 1.682812000000000000e+06
1.643570000000000064e+01 1.471431000000000000e+06
1.654169999999999874e+01 1.676430000000000000e+06
1.658020000000000138e+01 2.838919000000000000e+06
1.637800000000000011e+01 1.544731000000000000e+06
1.657049999999999912e+01 1.876223000000000000e+06
1.633950000000000102e+01 1.832834000000000000e+06
1.651279999999999859e+01 1.864785000000000000e+06
1.644539999999999935e+01 2.071849000000000000e+06
1.622390000000000043e+01 2.134032000000000000e+06
1.625280000000000058e+01 2.127628000000000000e+06
1.620469999999999899e+01 3.595291000000000000e+06
1.617579999999999885e+01 1.790942000000000000e+06
1.597359999999999935e+01 2.328223000000000000e+06
1.587729999999999997e+01 2.812990000000000000e+06
1.581949999999999967e+01 2.472763000000000000e+06
1.560769999999999946e+01 1.374784000000000000e+06
1.572320000000000029e+01 1.119094000000000000e+06
1.564620000000000033e+01 1.300396000000000000e+06
1.570400000000000063e+01 6.678740000000000000e+05
1.580990000000000073e+01 2.788976000000000000e+06
1.573290000000000077e+01 2.058353000000000000e+06
1.563659999999999961e+01 2.042653000000000000e+06
1.566549999999999976e+01 3.602794000000000000e+06
1.572320000000000029e+01 2.825027000000000000e+06
1.542479999999999940e+01 4.490740000000000000e+06
1.561730000000000018e+01 3.041246000000000000e+06
1.567510000000000048e+01 3.045667000000000000e+06
1.561730000000000018e+01 2.291390000000000000e+06
1.597359999999999935e+01 3.308512000000000000e+06
1.593510000000000026e+01 1.996960000000000000e+06
1.575210000000000043e+01 2.604255000000000000e+06
1.578100000000000058e+01 3.239698000000000000e+06
1.579059999999999953e+01 2.509287000000000000e+06
1.592539999999999978e+01 3.558420000000000000e+06
1.559810000000000052e+01 3.090429000000000000e+06
1.555959999999999965e+01 3.403658000000000000e+06
1.574249999999999972e+01 2.313983000000000000e+06
1.554989999999999917e+01 2.697848000000000000e+06
1.515520000000000067e+01 2.363662000000000000e+06
1.518399999999999928e+01 8.455670000000000000e+05
1.518399999999999928e+01 2.120261000000000000e+06
1.520330000000000048e+01 2.537931000000000000e+06
1.508779999999999966e+01 2.452990000000000000e+06
1.525140000000000029e+01 2.433950000000000000e+06
1.513589999999999947e+01 2.648250000000000000e+06
1.462560000000000038e+01 1.945077000000000000e+06
1.470260000000000034e+01 2.636265000000000000e+06
1.466409999999999947e+01 2.585177000000000000e+06
1.453889999999999993e+01 5.303503000000000000e+06
1.382639999999999958e+01 2.497416000000000000e+06
1.361459999999999937e+01 1.389368000000000000e+06
1.362420000000000009e+01 2.614413000000000000e+06
1.374939999999999962e+01 4.188905000000000000e+06
1.335459999999999958e+01 2.277927000000000000e+06
1.328720000000000034e+01 1.693466000000000000e+06
1.320059999999999967e+01 1.899877000000000000e+06
1.315240000000000009e+01 1.619728000000000000e+06
1.329690000000000083e+01 1.393806000000000000e+06
1.318130000000000024e+01 1.576443000000000000e+06
1.317169999999999952e+01 1.263305000000000000e+06
1.315240000000000009e+01 1.242924000000000000e+06
1.312359999999999971e+01 1.428898000000000000e+06
1.323910000000000053e+01 1.011373000000000000e+06
1.320059999999999967e+01 1.291967000000000000e+06
1.311389999999999922e+01 1.312468000000000000e+06
1.321979999999999933e+01 1.218465000000000000e+06
1.311389999999999922e+01 1.280552000000000000e+06
1.317169999999999952e+01 1.703178000000000000e+06
1.317169999999999952e+01 1.440720000000000000e+06
1.303689999999999927e+01 1.768858000000000000e+06
1.297910000000000075e+01 1.162051000000000000e+06
1.299840000000000018e+01 2.186652000000000000e+06
1.269030000000000058e+01 8.170130000000000000e+05
1.279620000000000068e+01 1.653916000000000000e+06
1.293099999999999916e+01 1.134026000000000000e+06
1.286359999999999992e+01 9.031260000000000000e+05
1.287320000000000064e+01 1.592548000000000000e+06
1.278659999999999997e+01 1.640774000000000000e+06
1.276730000000000054e+01 9.213940000000000000e+05
1.276730000000000054e+01 2.189501000000000000e+06
1.276730000000000054e+01 1.319035000000000000e+06
1.262289999999999957e+01 1.151952000000000000e+06
1.270950000000000024e+01 1.393915000000000000e+06
1.254589999999999961e+01 1.093683000000000000e+06
1.259399999999999942e+01 1.404783000000000000e+06
1.268069999999999986e+01 1.458367000000000000e+06
1.256509999999999927e+01 1.757600000000000000e+06
1.260360000000000014e+01 1.625493000000000000e+06
1.260360000000000014e+01 2.439880000000000000e+06
1.256509999999999927e+01 1.748303000000000000e+06
1.251699999999999946e+01 2.000516000000000000e+06
1.276730000000000054e+01 1.804700000000000000e+06
1.274820000000000064e+01 2.553895000000000000e+06
1.255710000000000015e+01 2.108491000000000000e+06
1.292980000000000018e+01 1.830343000000000000e+06
1.279599999999999937e+01 3.564401000000000000e+06
1.269089999999999918e+01 1.339093000000000000e+06
1.285330000000000084e+01 9.225430000000000000e+05
1.277689999999999948e+01 1.216475000000000000e+06
1.271000000000000085e+01 1.638937000000000000e+06
1.276730000000000054e+01 2.164740000000000000e+06
1.283419999999999916e+01 1.551398000000000000e+06
1.282460000000000022e+01 1.492828000000000000e+06
1.261439999999999984e+01 1.156520000000000000e+06
1.259529999999999994e+01 1.549787000000000000e+06
1.279599999999999937e+01 1.194904000000000000e+06
1.271950000000000003e+01 1.531570000000000000e+06
1.268130000000000024e+01 1.997828000000000000e+06
1.264310000000000045e+01 2.198783000000000000e+06
1.266220000000000034e+01 1.505512000000000000e+06
1.271950000000000003e+01 1.057357000000000000e+06
1.277689999999999948e+01 2.284325000000000000e+06
1.283419999999999916e+01 3.490910000000000000e+06
1.307310000000000016e+01 2.985626000000000000e+06
1.354139999999999944e+01 8.925600000000000000e+05
1.360829999999999984e+01 9.389640000000000000e+05
1.370379999999999932e+01 9.462170000000000000e+05
1.349360000000000070e+01 1.769669000000000000e+06
1.361780000000000079e+01 9.296200000000000000e+05
1.363690000000000069e+01 1.523502000000000000e+06
1.378979999999999961e+01 9.643790000000000000e+05
1.367520000000000024e+01 1.046065000000000000e+06
1.375159999999999982e+01 1.100167000000000000e+06
1.363690000000000069e+01 1.146717000000000000e+06
1.359869999999999912e+01 1.154249000000000000e+06
1.349360000000000070e+01 1.265991000000000000e+06
1.335979999999999990e+01 1.022089000000000000e+06
1.331199999999999939e+01 2.505644000000000000e+06
1.334070000000000000e+01 1.170281000000000000e+06
1.331199999999999939e+01 1.335965000000000000e+06
1.302529999999999966e+01 1.104934000000000000e+06
1.307310000000000016e+01 1.106350000000000000e+06
1.296799999999999997e+01 1.539512000000000000e+06
1.264310000000000045e+01 1.249051000000000000e+06
1.261439999999999984e+01 2.723271000000000000e+06
1.268130000000000024e+01 1.616873000000000000e+06
1.256659999999999933e+01 1.744523000000000000e+06
1.272910000000000075e+01 1.643621000000000000e+06
1.265259999999999962e+01 2.037864000000000000e+06
1.312090000000000067e+01 1.856978000000000000e+06
1.327379999999999960e+01 1.107965000000000000e+06
1.309220000000000006e+01 1.709719000000000000e+06
1.299670000000000059e+01 1.742135000000000000e+06
1.323559999999999981e+01 1.758126000000000000e+06
1.305400000000000027e+01 1.180002000000000000e+06
1.305400000000000027e+01 1.016836000000000000e+06
1.298709999999999987e+01 1.272044000000000000e+06
1.285330000000000084e+01 1.378963000000000000e+06
1.292980000000000018e+01 1.434676000000000000e+06
1.289150000000000063e+01 9.079000000000000000e+05
1.316869999999999941e+01 8.180390000000000000e+05
1.312090000000000067e+01 2.112319000000000000e+06
1.300619999999999976e+01 1.279320000000000000e+06
1.297749999999999915e+01 2.744168000000000000e+06
1.295839999999999925e+01 1.943171000000000000e+06
1.306359999999999921e+01 1.602093000000000000e+06
1.304439999999999955e+01 1.701187000000000000e+06
1.291070000000000029e+01 2.074812000000000000e+06
1.276730000000000054e+01 1.974006000000000000e+06
1.288199999999999967e+01 1.445079000000000000e+06
1.284379999999999988e+01 1.553895000000000000e+06
1.297749999999999915e+01 1.505880000000000000e+06
1.296799999999999997e+01 1.641351000000000000e+06
1.278640000000000043e+01 2.342010000000000000e+06
1.270040000000000013e+01 1.470192000000000000e+06
1.282460000000000022e+01 1.870253000000000000e+06
1.262400000000000055e+01 9.551690000000000000e+05
1.263349999999999973e+01 1.025103000000000000e+06
1.256659999999999933e+01 1.452859000000000000e+06
1.253800000000000026e+01 1.851229000000000000e+06
1.225130000000000052e+01 1.678726000000000000e+06
1.213659999999999961e+01 2.351408000000000000e+06
1.209839999999999982e+01 2.506679000000000000e+06
1.235640000000000072e+01 1.796027000000000000e+06
1.231819999999999915e+01 1.997369000000000000e+06
1.214610000000000056e+01 1.640483000000000000e+06
1.211749999999999972e+01 2.259565000000000000e+06
1.214610000000000056e+01 4.190731000000000000e+06
1.252839999999999954e+01 3.310265000000000000e+06
1.222259999999999991e+01 2.224926000000000000e+06
1.212700000000000067e+01 9.457200000000000000e+05
1.201239999999999952e+01 2.488827000000000000e+06
1.201239999999999952e+01 1.627488000000000000e+06
1.206010000000000026e+01 1.493208000000000000e+06
1.217479999999999940e+01 1.133612000000000000e+06
1.215569999999999951e+01 1.825463000000000000e+06
1.238509999999999955e+01 1.122403000000000000e+06
1.236589999999999989e+01 2.178581000000000000e+06
1.249019999999999975e+01 1.234961000000000000e+06
1.246149999999999913e+01 1.498701000000000000e+06
1.231819999999999915e+01 2.142311000000000000e+06
1.236589999999999989e+01 2.718624000000000000e+06
1.187860000000000049e+01 1.696467000000000000e+06
1.178299999999999947e+01 1.668159000000000000e+06
1.185950000000000060e+01 1.617722000000000000e+06
1.178299999999999947e+01 1.857405000000000000e+06
1.193590000000000018e+01 1.697162000000000000e+06
1.194549999999999912e+01 1.623720000000000000e+06
1.197409999999999997e+01 1.913070000000000000e+06
1.195500000000000007e+01 3.552578000000000000e+06
1.201239999999999952e+01 1.724911000000000000e+06
1.206969999999999921e+01 2.086108000000000000e+06
1.220350000000000001e+01 1.445388000000000000e+06
1.222259999999999991e+01 2.463935000000000000e+06
1.242329999999999934e+01 3.623979000000000000e+06
1.265259999999999962e+01 2.539404000000000000e+06
1.242329999999999934e+01 1.136512000000000000e+06
1.227040000000000042e+01 1.211628000000000000e+06
1.202190000000000047e+01 1.404856000000000000e+06
1.199319999999999986e+01 1.180227000000000000e+06
1.199319999999999986e+01 1.421749000000000000e+06
1.196460000000000079e+01 1.430117000000000000e+06
1.196460000000000079e+01 3.366595000000000000e+06
1.206969999999999921e+01 1.121034000000000000e+06
1.208880000000000088e+01 2.534384000000000000e+06
1.207920000000000016e+01 1.541000000000000000e+06
1.204100000000000037e+01 1.857429000000000000e+06
1.184989999999999988e+01 1.698385000000000000e+06
1.173520000000000074e+01 1.704580000000000000e+06
1.173520000000000074e+01 1.689682000000000000e+06
1.176370000000000005e+01 1.351568000000000000e+06
1.183949999999999925e+01 2.167397000000000000e+06
1.200060000000000038e+01 2.553826000000000000e+06
1.227549999999999919e+01 2.218092000000000000e+06
1.222809999999999953e+01 2.451162000000000000e+06
1.217130000000000045e+01 1.427687000000000000e+06
1.240820000000000078e+01 1.995100000000000000e+06
1.215230000000000032e+01 2.559719000000000000e+06
1.237979999999999947e+01 1.738855000000000000e+06
1.241769999999999996e+01 2.170424000000000000e+06
1.255039999999999978e+01 3.460609000000000000e+06
1.259779999999999944e+01 2.593019000000000000e+06
1.263569999999999993e+01 2.836401000000000000e+06
1.239879999999999960e+01 3.753415000000000000e+06
1.237030000000000030e+01 2.531705000000000000e+06
1.241769999999999996e+01 2.738459000000000000e+06
1.239879999999999960e+01 3.224446000000000000e+06
1.239879999999999960e+01 2.640827000000000000e+06
1.259779999999999944e+01 4.797877000000000000e+06
1.174469999999999992e+01 2.419291000000000000e+06
1.152669999999999995e+01 2.059362000000000000e+06
1.156460000000000043e+01 1.639616000000000000e+06
1.158360000000000056e+01 1.275644000000000000e+06
1.163090000000000046e+01 2.440344000000000000e+06
1.158360000000000056e+01 2.174706000000000000e+06
1.171630000000000038e+01 2.004093000000000000e+06
1.164990000000000059e+01 1.436900000000000000e+06
1.168779999999999930e+01 1.406707000000000000e+06
1.171630000000000038e+01 1.841782000000000000e+06
1.158360000000000056e+01 1.395885000000000000e+06
1.166890000000000072e+01 1.861073000000000000e+06
1.147930000000000028e+01 1.961292000000000000e+06
1.133709999999999951e+01 1.140150000000000000e+06
1.134660000000000046e+01 1.497493000000000000e+06
1.141290000000000049e+01 2.306421000000000000e+06
1.150769999999999982e+01 2.310755000000000000e+06
1.159299999999999997e+01 2.610063000000000000e+06
1.142239999999999966e+01 1.561334000000000000e+06
1.139400000000000013e+01 2.820425000000000000e+06
1.141290000000000049e+01 2.550376000000000000e+06
1.137500000000000000e+01 2.780866000000000000e+06
1.137500000000000000e+01 2.372424000000000000e+06
1.130869999999999997e+01 1.697230000000000000e+06
1.127069999999999972e+01 2.412032000000000000e+06
1.125179999999999936e+01 1.255993000000000000e+06
1.108120000000000083e+01 2.011737000000000000e+06
1.086309999999999931e+01 1.944247000000000000e+06
1.105269999999999975e+01 1.511679000000000000e+06
1.108120000000000083e+01 2.029858000000000000e+06
1.128969999999999985e+01 1.504259000000000000e+06
1.111909999999999954e+01 1.368803000000000000e+06
1.112860000000000049e+01 1.459349000000000000e+06
1.110960000000000036e+01 1.735203000000000000e+06
1.104320000000000057e+01 1.807478000000000000e+06
1.111909999999999954e+01 1.657551000000000000e+06
1.100530000000000008e+01 4.065423000000000000e+06
1.108120000000000083e+01 2.216007000000000000e+06
1.126130000000000031e+01 2.906036000000000000e+06
1.126130000000000031e+01 2.937309000000000000e+06
1.138449999999999918e+01 3.456232000000000000e+06
1.142239999999999966e+01 3.812124000000000000e+06
1.129920000000000080e+01 1.957806000000000000e+06
1.121390000000000065e+01 3.304719000000000000e+06
1.117590000000000039e+01 3.704884000000000000e+06
1.119490000000000052e+01 2.755146000000000000e+06
1.105269999999999975e+01 2.740250000000000000e+06
1.114750000000000085e+01 3.150688000000000000e+06
1.095790000000000042e+01 3.443707000000000000e+06
1.093900000000000006e+01 3.075582000000000000e+06
1.122330000000000005e+01 2.685084000000000000e+06
1.118539999999999957e+01 7.604720000000000000e+05
1.118539999999999957e+01 1.769797000000000000e+06
1.107169999999999987e+01 2.661900000000000000e+06
1.111909999999999954e+01 2.208841000000000000e+06
1.125179999999999936e+01 2.352591000000000000e+06
1.137500000000000000e+01 3.539068000000000000e+06
1.139400000000000013e+01 3.858128000000000000e+06
1.138449999999999918e+01 3.269964000000000000e+06
1.153619999999999912e+01 5.278494000000000000e+06
1.148879999999999946e+01 2.981577000000000000e+06
1.132760000000000034e+01 4.314106000000000000e+06
1.135609999999999964e+01 4.130015000000000000e+06
1.104320000000000057e+01 7.399254000000000000e+06
1.158360000000000056e+01 5.534504000000000000e+06
1.127069999999999972e+01 2.337015000000000000e+06
1.121390000000000065e+01 1.997236000000000000e+06
1.122330000000000005e+01 1.941100000000000000e+06
1.142239999999999966e+01 3.042041000000000000e+06
1.148879999999999946e+01 2.534288000000000000e+06
1.153619999999999912e+01 2.314474000000000000e+06
1.158360000000000056e+01 3.475088000000000000e+06
1.223760000000000048e+01 2.122085000000000000e+06
1.199119999999999919e+01 5.417919000000000000e+06
1.229449999999999932e+01 3.291945000000000000e+06
1.271160000000000068e+01 1.443954000000000000e+06
1.280640000000000001e+01 2.542315000000000000e+06
1.293909999999999982e+01 1.376150000000000000e+06
1.280640000000000001e+01 2.053335000000000000e+06
1.268309999999999960e+01 1.339049000000000000e+06
1.267370000000000019e+01 1.949953000000000000e+06
1.283479999999999954e+01 2.464842000000000000e+06
1.276849999999999952e+01 2.907016000000000000e+06
1.295800000000000018e+01 2.159674000000000000e+06
1.319500000000000028e+01 2.405227000000000000e+06
1.337509999999999977e+01 3.453701000000000000e+06
1.376379999999999981e+01 3.101083000000000000e+06
1.385859999999999914e+01 4.944492000000000000e+06
1.353630000000000067e+01 4.127378000000000000e+06
1.367849999999999966e+01 4.067147000000000000e+06
1.325189999999999912e+01 3.181043000000000000e+06
1.316660000000000075e+01 2.697681000000000000e+06
1.328979999999999961e+01 2.545714000000000000e+06
1.323290000000000077e+01 1.906110000000000000e+06
1.310019999999999918e+01 2.040024000000000000e+06
1.331819999999999915e+01 1.358401000000000000e+06
1.340360000000000085e+01 1.847644000000000000e+06
1.320449999999999946e+01 2.122999000000000000e+06
1.299600000000000044e+01 2.675282000000000000e+06
1.291060000000000052e+01 2.316198000000000000e+06
1.292960000000000065e+01 5.244621000000000000e+06
1.292960000000000065e+01 2.798365000000000000e+06
1.299600000000000044e+01 3.544504000000000000e+06
1.292960000000000065e+01 4.084537000000000000e+06
1.317609999999999992e+01 4.159589000000000000e+06
1.257370000000000054e+01 3.417256000000000000e+06
1.299719999999999942e+01 3.322447000000000000e+06
1.296899999999999942e+01 2.919340000000000000e+06
1.295020000000000060e+01 4.013260000000000000e+06
1.311960000000000015e+01 3.401246000000000000e+06
1.314780000000000015e+01 2.694631000000000000e+06
1.323249999999999993e+01 3.291904000000000000e+06
1.318549999999999933e+01 2.448714000000000000e+06
1.321369999999999933e+01 2.316007000000000000e+06
1.315719999999999956e+01 2.679109000000000000e+06
1.307249999999999979e+01 2.809328000000000000e+06
1.302549999999999919e+01 3.131716000000000000e+06
1.303490000000000038e+01 2.663676000000000000e+06
1.300660000000000061e+01 3.015272000000000000e+06
1.293140000000000001e+01 1.939500000000000000e+06
1.294079999999999941e+01 3.418477000000000000e+06
1.295020000000000060e+01 2.984256000000000000e+06
1.287490000000000023e+01 4.368011000000000000e+06
1.284670000000000023e+01 3.057306000000000000e+06
1.271490000000000009e+01 2.696526000000000000e+06
1.260200000000000031e+01 3.118849000000000000e+06
1.237609999999999921e+01 4.610640000000000000e+06
1.253609999999999935e+01 6.175658000000000000e+06
1.208430000000000071e+01 2.017551000000000000e+06
1.207489999999999952e+01 2.291925000000000000e+06
1.199019999999999975e+01 1.719606000000000000e+06
1.191489999999999938e+01 3.667833000000000000e+06
1.193369999999999997e+01 2.799785000000000000e+06
1.210309999999999953e+01 2.777580000000000000e+06
1.220669999999999966e+01 2.413892000000000000e+06
1.202790000000000070e+01 1.602075000000000000e+06
1.199019999999999975e+01 3.034908000000000000e+06
1.204669999999999952e+01 1.777931000000000000e+06
1.186790000000000056e+01 3.290427000000000000e+06
1.187729999999999997e+01 2.134120000000000000e+06
1.167019999999999946e+01 2.581798000000000000e+06
1.174549999999999983e+01 1.593605000000000000e+06
1.176430000000000042e+01 2.163440000000000000e+06
1.170790000000000042e+01 2.063714000000000000e+06
1.157610000000000028e+01 1.682442000000000000e+06
1.160430000000000028e+01 2.746335000000000000e+06
1.153850000000000087e+01 3.178552000000000000e+06
1.141610000000000014e+01 2.366661000000000000e+06
1.115259999999999962e+01 1.953751000000000000e+06
1.098320000000000007e+01 5.229825000000000000e+06
1.069139999999999979e+01 2.296171000000000000e+06
1.056910000000000061e+01 3.704454000000000000e+06
1.057850000000000001e+01 3.192248000000000000e+06
1.080439999999999934e+01 2.490057000000000000e+06
1.068200000000000038e+01 3.286308000000000000e+06
1.056910000000000061e+01 5.615428000000000000e+06
1.009849999999999959e+01 2.773779000000000000e+06
9.994999999999999218e+00 3.861006000000000000e+06
1.047499999999999964e+01 5.339694000000000000e+06
1.116200000000000081e+01 2.370055000000000000e+06
1.097380000000000067e+01 2.197225000000000000e+06
1.087020000000000053e+01 2.933910000000000000e+06
1.073850000000000016e+01 2.343754000000000000e+06
1.061609999999999943e+01 3.088993000000000000e+06
1.072910000000000075e+01 2.948053000000000000e+06
1.098320000000000007e+01 4.401562000000000000e+06
1.077609999999999957e+01 6.750998000000000000e+06
1.087020000000000053e+01 3.840829000000000000e+06
1.083259999999999934e+01 6.729849000000000000e+06
1.100200000000000067e+01 6.365256000000000000e+06
1.110549999999999926e+01 3.310096000000000000e+06
1.117140000000000022e+01 4.646947000000000000e+06
1.144430000000000014e+01 1.380206000000000000e+06
1.126549999999999940e+01 1.736643000000000000e+06
1.142549999999999955e+01 2.744416000000000000e+06
1.131259999999999977e+01 2.448203000000000000e+06
1.125609999999999999e+01 2.956547000000000000e+06
1.120909999999999940e+01 2.892908000000000000e+06
1.116200000000000081e+01 1.309014000000000000e+06
1.132199999999999918e+01 1.484993000000000000e+06
1.111490000000000045e+01 1.818460000000000000e+06
1.101140000000000008e+01 1.530765000000000000e+06
1.115259999999999962e+01 2.584649000000000000e+06
1.084200000000000053e+01 3.323012000000000000e+06
1.092670000000000030e+01 6.814123000000000000e+06
1.100200000000000067e+01 2.549642000000000000e+06
1.105850000000000044e+01 2.469171000000000000e+06
1.096439999999999948e+01 1.880437000000000000e+06
1.123729999999999940e+01 2.406259000000000000e+06
1.148199999999999932e+01 1.849236000000000000e+06
1.159490000000000087e+01 2.155476000000000000e+06
1.155729999999999968e+01 3.979685000000000000e+06
1.195260000000000034e+01 5.245354000000000000e+06
1.145379999999999932e+01 2.326615000000000000e+06
1.143490000000000073e+01 2.163247000000000000e+06
1.151019999999999932e+01 2.713416000000000000e+06
1.186790000000000056e+01 1.925446000000000000e+06
1.168900000000000006e+01 1.965028000000000000e+06
1.180199999999999960e+01 1.763206000000000000e+06
1.192430000000000057e+01 1.403070000000000000e+06
1.203730000000000011e+01 1.248762000000000000e+06
1.187729999999999997e+01 1.687363000000000000e+06
1.204669999999999952e+01 2.667656000000000000e+06
1.199019999999999975e+01 4.207663000000000000e+06
1.180199999999999960e+01 3.392040000000000000e+06
1.180199999999999960e+01 3.525403000000000000e+06
1.172669999999999924e+01 5.917926000000000000e+06
1.195260000000000034e+01 1.519330000000000000e+06
1.198080000000000034e+01 1.733938000000000000e+06
1.195260000000000034e+01 1.852129000000000000e+06
1.173610000000000042e+01 2.251153000000000000e+06
1.156670000000000087e+01 2.524899000000000000e+06
1.167960000000000065e+01 2.661000000000000000e+06
1.184900000000000020e+01 6.162934000000000000e+06
1.201839999999999975e+01 3.254580000000000000e+06
1.186790000000000056e+01 2.933447000000000000e+06
1.200900000000000034e+01 3.024741000000000000e+06
1.226309999999999967e+01 3.538815000000000000e+06
1.201839999999999975e+01 2.351029000000000000e+06
1.199959999999999916e+01 2.631124000000000000e+06
1.210309999999999953e+01 3.073304000000000000e+06
1.209370000000000012e+01 3.674946000000000000e+06
1.176430000000000042e+01 3.300974000000000000e+06
1.180199999999999960e+01 6.079724000000000000e+06
1.189610000000000056e+01 3.985899000000000000e+06
1.165140000000000065e+01 2.459190000000000000e+06
1.158549999999999969e+01 4.493262000000000000e+06
1.170790000000000042e+01 6.206569000000000000e+06
1.135019999999999918e+01 7.135196000000000000e+06
1.088909999999999911e+01 2.614099000000000000e+06
1.087969999999999970e+01 3.136383000000000000e+06
1.105850000000000044e+01 5.102382000000000000e+06
1.043730000000000047e+01 6.216608000000000000e+06
1.043730000000000047e+01 6.571990000000000000e+06
1.027730000000000032e+01 3.556036000000000000e+06
1.064439999999999920e+01 5.736114000000000000e+06
1.026190000000000069e+01 1.088872300000000000e+07
1.017789999999999928e+01 7.581103000000000000e+06
1.015930000000000000e+01 6.111139000000000000e+06
1.004729999999999990e+01 4.231932000000000000e+06
1.009399999999999942e+01 3.483102000000000000e+06
1.018730000000000047e+01 2.658226000000000000e+06
1.014059999999999917e+01 3.211871000000000000e+06
1.006600000000000072e+01 5.656494000000000000e+06
1.015930000000000000e+01 4.069945000000000000e+06
1.035519999999999996e+01 2.634963000000000000e+06
1.018730000000000047e+01 4.886400000000000000e+06
1.012190000000000012e+01 3.177310000000000000e+06
1.026190000000000069e+01 3.483818000000000000e+06
1.020589999999999975e+01 4.088832000000000000e+06
1.002870000000000061e+01 4.348130000000000000e+06
9.702099999999999724e+00 4.924327000000000000e+06
9.888700000000000045e+00 5.478442000000000000e+06
9.786099999999999355e+00 5.450060000000000000e+06
9.851399999999999935e+00 6.769017000000000000e+06
1.035519999999999996e+01 9.924601000000000000e+06
1.139070000000000071e+01 6.302007000000000000e+06
1.141869999999999941e+01 3.775891000000000000e+06
1.130669999999999931e+01 3.915821000000000000e+06
1.184779999999999944e+01 4.617460000000000000e+06
1.209970000000000034e+01 4.118522000000000000e+06
1.197840000000000060e+01 4.184697000000000000e+06
1.184779999999999944e+01 3.398387000000000000e+06
1.194110000000000049e+01 2.480530000000000000e+06
1.166119999999999912e+01 3.245861000000000000e+06
1.184779999999999944e+01 2.533062000000000000e+06
1.153999999999999915e+01 3.375186000000000000e+06
1.133469999999999978e+01 4.935226000000000000e+06
1.152130000000000010e+01 4.828736000000000000e+06
1.167060000000000031e+01 6.231971000000000000e+06
1.185710000000000086e+01 5.458272000000000000e+06
1.137199999999999989e+01 4.484907000000000000e+06
1.159590000000000032e+01 3.800640000000000000e+06
1.139070000000000071e+01 5.272350000000000000e+06
1.173590000000000089e+01 4.501992000000000000e+06
1.158660000000000068e+01 3.197065000000000000e+06
1.185710000000000086e+01 3.681983000000000000e+06
1.191310000000000002e+01 4.867722000000000000e+06
1.232360000000000078e+01 3.979962000000000000e+06
1.246349999999999980e+01 1.899324000000000000e+06
1.261280000000000001e+01 1.811926000000000000e+06
1.279940000000000033e+01 1.720520000000000000e+06
1.261280000000000001e+01 1.768593000000000000e+06
1.270609999999999928e+01 9.943430000000000000e+05
1.278069999999999951e+01 3.562698000000000000e+06
1.241690000000000005e+01 2.899489000000000000e+06
1.246349999999999980e+01 2.291186000000000000e+06
1.229560000000000031e+01 4.357918000000000000e+06
1.246349999999999980e+01 2.510338000000000000e+06
1.275270000000000081e+01 3.077623000000000000e+06
1.255680000000000085e+01 1.891425000000000000e+06
1.237020000000000053e+01 2.654299000000000000e+06
1.242619999999999969e+01 2.198406000000000000e+06
1.282740000000000080e+01 3.208381000000000000e+06
1.259409999999999918e+01 2.181093000000000000e+06
1.259409999999999918e+01 2.554845000000000000e+06
1.293929999999999936e+01 2.559146000000000000e+06
1.311660000000000004e+01 1.915620000000000000e+06
1.285529999999999973e+01 3.799741000000000000e+06
1.344309999999999938e+01 2.567336000000000000e+06
1.364830000000000076e+01 2.263092000000000000e+06
1.338710000000000022e+01 2.252241000000000000e+06
1.329379999999999917e+01 9.388050000000000000e+05
1.346170000000000044e+01 1.732747000000000000e+06
1.346170000000000044e+01 2.249029000000000000e+06
1.335909999999999975e+01 1.784853000000000000e+06
1.330310000000000059e+01 2.709966000000000000e+06
1.323780000000000001e+01 2.509764000000000000e+06
1.331250000000000000e+01 2.565589000000000000e+06
1.319120000000000026e+01 2.670969000000000000e+06
1.319120000000000026e+01 3.065297000000000000e+06
1.285529999999999973e+01 3.176520000000000000e+06
1.316319999999999979e+01 3.368440000000000000e+06
1.341510000000000069e+01 2.257488000000000000e+06
1.347109999999999985e+01 3.031793000000000000e+06
1.345240000000000080e+01 4.350498000000000000e+06
1.388150000000000084e+01 4.491108000000000000e+06
1.432000000000000028e+01 3.084195000000000000e+06
1.440399999999999991e+01 3.211323000000000000e+06
1.437599999999999945e+01 2.830127000000000000e+06
1.458120000000000083e+01 4.125932000000000000e+06
1.436660000000000004e+01 4.694129000000000000e+06
1.410539999999999949e+01 3.649879000000000000e+06
1.399349999999999916e+01 3.318919000000000000e+06
1.370429999999999993e+01 3.421662000000000000e+06
1.372289999999999921e+01 4.310719000000000000e+06
1.399349999999999916e+01 3.998609000000000000e+06
1.370429999999999993e+01 2.767358000000000000e+06
1.328449999999999953e+01 2.531912000000000000e+06
1.359229999999999983e+01 2.138236000000000000e+06
1.360169999999999924e+01 2.978496000000000000e+06
1.361100000000000065e+01 3.246733000000000000e+06
1.333109999999999928e+01 4.286128000000000000e+06
1.304190000000000005e+01 3.507119000000000000e+06
1.297659999999999947e+01 3.002953000000000000e+06
1.297659999999999947e+01 2.068210000000000000e+06
1.302330000000000076e+01 4.233866000000000000e+06
1.310720000000000063e+01 2.959253000000000000e+06
1.271540000000000070e+01 4.490746000000000000e+06
1.259409999999999918e+01 2.726980000000000000e+06
1.251019999999999932e+01 4.380481000000000000e+06
1.216499999999999915e+01 3.198004000000000000e+06
1.187579999999999991e+01 3.588984000000000000e+06
1.177319999999999922e+01 3.100727000000000000e+06
1.143730000000000047e+01 5.347200000000000000e+06
1.146529999999999916e+01 4.166153000000000000e+06
1.189450000000000074e+01 2.807959000000000000e+06
1.196909999999999918e+01 3.164094000000000000e+06
1.189450000000000074e+01 2.352273000000000000e+06
1.193180000000000085e+01 3.437320000000000000e+06
1.206240000000000023e+01 3.538684000000000000e+06
1.205300000000000082e+01 2.164105800000000000e+07
1.232360000000000078e+01 6.286994000000000000e+06
1.216499999999999915e+01 3.953270000000000000e+06
1.206700000000000017e+01 2.731167000000000000e+06
1.195040000000000013e+01 2.884122000000000000e+06
1.208000000000000007e+01 3.706183000000000000e+06
1.204299999999999926e+01 4.029217000000000000e+06
1.223739999999999917e+01 3.928683000000000000e+06
1.235769999999999946e+01 3.549814000000000000e+06
1.186710000000000065e+01 3.948432000000000000e+06
1.233000000000000007e+01 3.653721000000000000e+06
1.215409999999999968e+01 3.997841000000000000e+06
1.209849999999999959e+01 4.956588000000000000e+06
1.261689999999999934e+01 3.669712000000000000e+06
1.277430000000000021e+01 4.005010000000000000e+06
1.260769999999999946e+01 7.053580000000000000e+06
1.223739999999999917e+01 5.347646000000000000e+06
1.197819999999999929e+01 7.805368000000000000e+06
1.207080000000000020e+01 1.116255800000000000e+07
1.287609999999999921e+01 4.667040000000000000e+06
1.320010000000000083e+01 3.599319000000000000e+06
1.391290000000000049e+01 2.318317000000000000e+06
1.400539999999999985e+01 2.298304000000000000e+06
1.411650000000000027e+01 3.251317000000000000e+06
1.405170000000000030e+01 4.415857000000000000e+06
1.406099999999999994e+01 8.864102000000000000e+06
1.307049999999999912e+01 4.385992000000000000e+06
1.292239999999999966e+01 3.066185000000000000e+06
1.328340000000000032e+01 2.328691000000000000e+06
1.306119999999999948e+01 3.427177000000000000e+06
1.297789999999999999e+01 3.733812000000000000e+06
1.351479999999999926e+01 3.075570000000000000e+06
1.347320000000000029e+01 1.862950000000000000e+06
1.345930000000000071e+01 2.265491000000000000e+06
1.363519999999999932e+01 2.621760000000000000e+06
1.369989999999999952e+01 2.129394000000000000e+06
1.372770000000000046e+01 3.024847000000000000e+06
1.368609999999999971e+01 2.679098000000000000e+06
1.372770000000000046e+01 4.297983000000000000e+06
1.375549999999999962e+01 4.045509000000000000e+06
1.362589999999999968e+01 2.878311000000000000e+06
1.352410000000000068e+01 3.084668000000000000e+06
1.349629999999999974e+01 3.015608000000000000e+06
1.379250000000000043e+01 2.080204000000000000e+06
1.370919999999999916e+01 3.646558000000000000e+06
1.357039999999999935e+01 1.713302000000000000e+06
1.335749999999999993e+01 1.885679000000000000e+06
1.335749999999999993e+01 2.159770000000000000e+06
1.335749999999999993e+01 2.069461000000000000e+06
1.319079999999999941e+01 1.638250000000000000e+06
1.312599999999999945e+01 2.075306000000000000e+06
1.310749999999999993e+01 2.478801000000000000e+06
1.328340000000000032e+01 3.163456000000000000e+06
1.323709999999999987e+01 2.853043000000000000e+06
1.351479999999999926e+01 2.998641000000000000e+06
1.355180000000000007e+01 2.384353000000000000e+06
1.350559999999999938e+01 4.461922000000000000e+06
1.337599999999999945e+01 3.593249000000000000e+06
1.407019999999999982e+01 1.207880600000000000e+07
1.365370000000000061e+01 3.139455000000000000e+06
1.372770000000000046e+01 2.491668000000000000e+06
1.387579999999999991e+01 2.537417000000000000e+06
1.393140000000000001e+01 2.044878000000000000e+06
1.385730000000000040e+01 5.635549000000000000e+06
1.345930000000000071e+01 5.027742000000000000e+06
1.316310000000000002e+01 2.558795000000000000e+06
1.314450000000000074e+01 2.405223000000000000e+06
1.314450000000000074e+01 3.712506000000000000e+06
1.333430000000000071e+01 2.247812000000000000e+06
1.349629999999999974e+01 2.224208000000000000e+06
1.356109999999999971e+01 2.368265000000000000e+06
1.347780000000000022e+01 2.793312000000000000e+06
1.373230000000000040e+01 1.731615000000000000e+06
1.388509999999999955e+01 1.913554000000000000e+06
1.388509999999999955e+01 2.167839000000000000e+06
1.408869999999999933e+01 1.751373000000000000e+06
1.403320000000000078e+01 1.542524000000000000e+06
1.409340000000000082e+01 2.371775000000000000e+06
1.402389999999999937e+01 2.048590000000000000e+06
1.420909999999999940e+01 3.222229000000000000e+06
1.429240000000000066e+01 2.706216000000000000e+06
1.419979999999999976e+01 2.740730000000000000e+06
1.438490000000000002e+01 2.800115000000000000e+06
1.446829999999999927e+01 1.579702000000000000e+06
1.446829999999999927e+01 2.039435000000000000e+06
1.451449999999999996e+01 2.719338000000000000e+06
1.450990000000000002e+01 3.539059000000000000e+06
1.439419999999999966e+01 2.960490000000000000e+06
1.424150000000000027e+01 3.264920000000000000e+06
1.412579999999999991e+01 3.045947000000000000e+06
1.420909999999999940e+01 4.116461000000000000e+06
1.454229999999999912e+01 7.703007000000000000e+06
1.401469999999999949e+01 3.376093000000000000e+06
1.385730000000000040e+01 7.108398000000000000e+06
1.387579999999999991e+01 1.173136700000000000e+07
1.482929999999999993e+01 5.742343000000000000e+06
1.496809999999999974e+01 2.291390000000000000e+06
1.485239999999999938e+01 2.536988000000000000e+06
1.460710000000000086e+01 4.275995000000000000e+06
1.461170000000000080e+01 3.211045000000000000e+06
1.478299999999999947e+01 3.971833000000000000e+06
1.441269999999999918e+01 2.900581000000000000e+06
1.437570000000000014e+01 1.681511000000000000e+06
1.440349999999999930e+01 2.629226000000000000e+06
1.439879999999999960e+01 4.363515000000000000e+06
1.436640000000000050e+01 1.906118000000000000e+06
1.448210000000000086e+01 2.427244000000000000e+06
1.443120000000000047e+01 3.227262000000000000e+06
1.470889999999999986e+01 3.488423000000000000e+06
1.476449999999999996e+01 4.012015000000000000e+06
1.479219999999999935e+01 1.992999000000000000e+06
1.487560000000000038e+01 1.774738000000000000e+06
1.473670000000000080e+01 3.884696000000000000e+06
1.475520000000000032e+01 1.926271000000000000e+06
1.486630000000000074e+01 1.756675000000000000e+06
1.492179999999999929e+01 1.261359000000000000e+06
1.504219999999999935e+01 1.196246000000000000e+06
1.497739999999999938e+01 1.719968000000000000e+06
1.491259999999999941e+01 2.808249000000000000e+06
1.482000000000000028e+01 2.785342000000000000e+06
1.501440000000000019e+01 2.204951000000000000e+06
1.494960000000000022e+01 2.421537000000000000e+06
1.497739999999999938e+01 3.618554000000000000e+06
1.519950000000000045e+01 1.884364000000000000e+06
1.552820000000000000e+01 2.552932000000000000e+06
1.562529999999999930e+01 2.144311000000000000e+06
1.558830000000000027e+01 3.670519000000000000e+06
1.544950000000000045e+01 2.566481000000000000e+06
1.563460000000000072e+01 2.186056000000000000e+06
1.550500000000000078e+01 1.460766000000000000e+06
1.566239999999999988e+01 2.049781000000000000e+06
1.545870000000000033e+01 2.763045000000000000e+06
1.550500000000000078e+01 2.149419000000000000e+06
1.518099999999999916e+01 2.529424000000000000e+06
1.502369999999999983e+01 5.368297000000000000e+06
1.544020000000000081e+01 3.202702000000000000e+06
1.557910000000000039e+01 2.489381000000000000e+06
1.582440000000000069e+01 2.192557000000000000e+06
1.581969999999999921e+01 2.869906000000000000e+06
1.593079999999999963e+01 2.903021000000000000e+06
1.614369999999999905e+01 2.466129000000000000e+06
1.599099999999999966e+01 2.543071000000000000e+06
1.603729999999999833e+01 2.004512000000000000e+06
1.614369999999999905e+01 2.380721000000000000e+06
1.600019999999999953e+01 2.492551000000000000e+06
1.603259999999999863e+01 2.130481000000000000e+06
1.586599999999999966e+01 2.040578000000000000e+06
1.577350000000000030e+01 1.644476000000000000e+06
1.569940000000000069e+01 3.488554000000000000e+06
1.583830000000000027e+01 2.517116000000000000e+06
1.563460000000000072e+01 3.057352000000000000e+06
1.558830000000000027e+01 2.443284000000000000e+06
1.551430000000000042e+01 3.838347000000000000e+06
1.552350000000000030e+01 4.231624000000000000e+06
1.547259999999999991e+01 7.034530000000000000e+06
1.505139999999999922e+01 7.022527000000000000e+06
1.456080000000000041e+01 3.815188000000000000e+06
1.443120000000000047e+01 2.873674000000000000e+06
1.444969999999999999e+01 3.703166000000000000e+06
1.382949999999999946e+01 3.397502000000000000e+06
1.378330000000000055e+01 3.106022000000000000e+06
1.382029999999999959e+01 2.693565000000000000e+06
1.401469999999999949e+01 2.522854000000000000e+06
1.430160000000000053e+01 2.683220000000000000e+06
1.438490000000000002e+01 1.898413000000000000e+06
1.405170000000000030e+01 2.011060000000000000e+06
1.407019999999999982e+01 2.155913000000000000e+06
1.383880000000000088e+01 3.523654000000000000e+06
1.382029999999999959e+01 2.922145000000000000e+06
1.394059999999999988e+01 1.621991000000000000e+06
1.389429999999999943e+01 2.692407000000000000e+06
1.397770000000000046e+01 4.810204000000000000e+06
1.409800000000000075e+01 3.781583000000000000e+06
1.413959999999999972e+01 3.185210000000000000e+06
1.426459999999999972e+01 2.449958000000000000e+06
1.419519999999999982e+01 4.637143000000000000e+06
1.376469999999999949e+01 2.517571000000000000e+06
1.380180000000000007e+01 4.337526000000000000e+06
1.399619999999999997e+01 4.016885000000000000e+06
1.443120000000000047e+01 3.023180000000000000e+06
1.452379999999999960e+01 2.480367000000000000e+06
1.459789999999999921e+01 2.999709000000000000e+06
1.457010000000000005e+01 2.369037000000000000e+06
1.441269999999999918e+01 1.733480000000000000e+06
1.432939999999999969e+01 1.496036000000000000e+06
1.444969999999999999e+01 2.341512000000000000e+06
1.423680000000000057e+01 3.942537000000000000e+06
1.408869999999999933e+01 6.995429000000000000e+06
1.390360000000000085e+01 4.005598000000000000e+06
1.378330000000000055e+01 3.573255000000000000e+06
1.354260000000000019e+01 4.151338000000000000e+06
1.366290000000000049e+01 3.609206000000000000e+06
1.393140000000000001e+01 3.822003000000000000e+06
1.419059999999999988e+01 3.718824000000000000e+06
1.419979999999999976e+01 3.765832000000000000e+06
1.452379999999999960e+01 3.627165000000000000e+06
1.434789999999999921e+01 4.258094000000000000e+06
1.464409999999999989e+01 3.263764000000000000e+06
1.454229999999999912e+01 3.572311000000000000e+06
1.461640000000000050e+01 4.387713000000000000e+06
1.457010000000000005e+01 3.297136000000000000e+06
1.440349999999999930e+01 3.460972000000000000e+06
1.436640000000000050e+01 1.813012000000000000e+06
1.451449999999999996e+01 3.861936000000000000e+06
1.430160000000000053e+01 4.557110000000000000e+06
1.431090000000000018e+01 7.757959000000000000e+06
1.404240000000000066e+01 5.263383000000000000e+06
1.401469999999999949e+01 7.643570000000000000e+06
1.406099999999999994e+01 1.077094500000000000e+07
1.389429999999999943e+01 6.601025000000000000e+06
1.392210000000000036e+01 7.164180000000000000e+06
1.407019999999999982e+01 2.692421000000000000e+06
1.387579999999999991e+01 8.896625000000000000e+06
1.413499999999999979e+01 3.881985000000000000e+06
1.410720000000000063e+01 4.076950000000000000e+06
1.410720000000000063e+01 4.361522000000000000e+06
1.402389999999999937e+01 4.958245000000000000e+06
1.419059999999999988e+01 9.514182000000000000e+06
1.416280000000000072e+01 2.763794000000000000e+06
1.401929999999999943e+01 4.750731000000000000e+06
1.440349999999999930e+01 2.643640000000000000e+06
1.432939999999999969e+01 4.080398000000000000e+06
1.433869999999999933e+01 2.491748000000000000e+06
1.437570000000000014e+01 1.932106000000000000e+06
1.437570000000000014e+01 2.926545000000000000e+06
1.431090000000000018e+01 2.684437000000000000e+06
1.456080000000000041e+01 2.193586000000000000e+06
1.435720000000000063e+01 2.345876000000000000e+06
1.412110000000000021e+01 6.159947000000000000e+06
1.426459999999999972e+01 4.518883000000000000e+06
1.379250000000000043e+01 4.289925000000000000e+06
1.361660000000000004e+01 4.851481000000000000e+06
1.351479999999999926e+01 9.051829000000000000e+06
1.360280000000000022e+01 5.606924000000000000e+06
1.369069999999999965e+01 3.988309000000000000e+06
1.355180000000000007e+01 4.396108000000000000e+06
1.398690000000000033e+01 3.119057000000000000e+06
1.432939999999999969e+01 6.348689000000000000e+06
1.479219999999999935e+01 7.541649000000000000e+06
1.432010000000000005e+01 7.976560000000000000e+06
1.474600000000000044e+01 7.170502000000000000e+06
1.472739999999999938e+01 6.948685000000000000e+06
1.463020000000000032e+01 5.823550000000000000e+06
1.478759999999999941e+01 8.270632000000000000e+06
1.513470000000000049e+01 9.190553000000000000e+06
1.555129999999999946e+01 6.009298000000000000e+06
1.571790000000000020e+01 1.981407000000000000e+06
1.546799999999999997e+01 2.235521000000000000e+06
1.565310000000000024e+01 2.349571000000000000e+06
1.566239999999999988e+01 3.013400000000000000e+06
1.578270000000000017e+01 2.704200000000000000e+06
1.594009999999999927e+01 3.239700000000000000e+06
1.576420000000000066e+01 2.598700000000000000e+06
1.577350000000000030e+01 2.411800000000000000e+06
1.577350000000000030e+01 1.766900000000000000e+06
1.578270000000000017e+01 2.548300000000000000e+06
1.584750000000000014e+01 1.782300000000000000e+06
1.599559999999999960e+01 1.507600000000000000e+06
1.616689999999999827e+01 1.652100000000000000e+06
1.600489999999999924e+01 2.590900000000000000e+06
1.631030000000000157e+01 2.089400000000000000e+06
1.643070000000000164e+01 2.047200000000000000e+06
1.629179999999999851e+01 1.900400000000000000e+06
1.629179999999999851e+01 2.224600000000000000e+06
1.613449999999999918e+01 4.195600000000000000e+06
1.631500000000000128e+01 2.377200000000000000e+06
1.635660000000000025e+01 2.239400000000000000e+06
1.636129999999999995e+01 1.802300000000000000e+06
1.631030000000000157e+01 1.349400000000000000e+06
1.634270000000000067e+01 1.954000000000000000e+06
1.619000000000000128e+01 2.242800000000000000e+06
1.627329999999999899e+01 3.522400000000000000e+06
1.615759999999999863e+01 2.803400000000000000e+06
1.587069999999999936e+01 3.164400000000000000e+06
1.592159999999999975e+01 4.254500000000000000e+06
1.596780000000000044e+01 2.948800000000000000e+06
1.602339999999999876e+01 1.905800000000000000e+06
1.583830000000000027e+01 4.534300000000000000e+06
1.596320000000000050e+01 5.013200000000000000e+06
1.605120000000000147e+01 5.998300000000000000e+06
1.587529999999999930e+01 1.343080000000000000e+07
1.612519999999999953e+01 6.681600000000000000e+06
1.631960000000000122e+01 2.169500000000000000e+06
1.633810000000000073e+01 2.887400000000000000e+06
1.650939999999999941e+01 2.317200000000000000e+06
1.645380000000000109e+01 2.618600000000000000e+06
1.633810000000000073e+01 2.700700000000000000e+06
1.651859999999999928e+01 3.688900000000000000e+06
1.654179999999999851e+01 3.143200000000000000e+06
1.671760000000000090e+01 2.637800000000000000e+06
1.679169999999999874e+01 3.757200000000000000e+06
1.693049999999999855e+01 2.703200000000000000e+06
1.676389999999999958e+01 2.878800000000000000e+06
1.675469999999999970e+01 1.590100000000000000e+06
1.678239999999999910e+01 1.932900000000000000e+06
1.686570000000000036e+01 1.713400000000000000e+06
1.670840000000000103e+01 2.809400000000000000e+06
1.687500000000000000e+01 2.717000000000000000e+06
1.691199999999999903e+01 4.050100000000000000e+06
1.682870000000000132e+01 2.144900000000000000e+06
1.674540000000000006e+01 2.522200000000000000e+06
1.665279999999999916e+01 4.187700000000000000e+06
1.686570000000000036e+01 4.516800000000000000e+06
1.679169999999999874e+01 3.532700000000000000e+06
1.677090000000000103e+01 1.954000000000000000e+06
1.692129999999999868e+01 1.421400000000000000e+06
1.689809999999999945e+01 2.973400000000000000e+06
1.675469999999999970e+01 2.928000000000000000e+06
1.660660000000000025e+01 3.933100000000000000e+06
1.664359999999999928e+01 1.750880000000000000e+07
1.668059999999999832e+01 6.005500000000000000e+06
1.639369999999999905e+01 3.172600000000000000e+06
1.619000000000000128e+01 3.323100000000000000e+06
1.607890000000000086e+01 3.982900000000000000e+06
1.631960000000000122e+01 4.562300000000000000e+06
1.635660000000000025e+01 3.407300000000000000e+06
1.627329999999999899e+01 3.342300000000000000e+06
1.596780000000000044e+01 1.869200000000000000e+06
1.584750000000000014e+01 2.710500000000000000e+06
1.594929999999999914e+01 2.298500000000000000e+06
1.601409999999999911e+01 7.379600000000000000e+06
1.631960000000000122e+01 1.201800000000000000e+06
1.630110000000000170e+01 1.789300000000000000e+06
1.634740000000000038e+01 1.958600000000000000e+06
1.637509999999999977e+01 2.294000000000000000e+06
1.640289999999999893e+01 1.616400000000000000e+06
1.617150000000000176e+01 1.802300000000000000e+06
1.607890000000000086e+01 1.993700000000000000e+06
1.597710000000000008e+01 2.176800000000000000e+06
1.579199999999999982e+01 2.971600000000000000e+06
1.584750000000000014e+01 2.734800000000000000e+06
1.583830000000000027e+01 2.019800000000000000e+06
1.594009999999999927e+01 1.829500000000000000e+06
1.581969999999999921e+01 3.382000000000000000e+06
1.589380000000000059e+01 2.657700000000000000e+06
1.565310000000000024e+01 3.463200000000000000e+06
1.550500000000000078e+01 3.511200000000000000e+06
1.576420000000000066e+01 1.613300000000000000e+06
1.578270000000000017e+01 2.826600000000000000e+06
1.561609999999999943e+01 2.974000000000000000e+06
1.591230000000000011e+01 3.964200000000000000e+06
1.640289999999999893e+01 2.205200000000000000e+06
1.652319999999999922e+01 2.926300000000000000e+06
1.666209999999999880e+01 4.623900000000000000e+06
1.583830000000000027e+01 3.885700000000000000e+06
1.581049999999999933e+01 2.508800000000000000e+06
1.586599999999999966e+01 1.908900000000000000e+06
1.610670000000000002e+01 1.564200000000000000e+06
1.602339999999999876e+01 2.118000000000000000e+06
1.601409999999999911e+01 2.417900000000000000e+06
1.575489999999999924e+01 2.780900000000000000e+06
1.593079999999999963e+01 2.230200000000000000e+06
1.585679999999999978e+01 1.787100000000000000e+06
1.585679999999999978e+01 1.166800000000000000e+06
1.599559999999999960e+01 1.958100000000000000e+06
1.594929999999999914e+01 1.563300000000000000e+06
1.574569999999999936e+01 1.297400000000000000e+06
1.569009999999999927e+01 1.777300000000000000e+06
1.562529999999999930e+01 1.113000000000000000e+06
1.554199999999999982e+01 1.600400000000000000e+06
1.539390000000000036e+01 2.191900000000000000e+06
1.552350000000000030e+01 2.453400000000000000e+06
1.531060000000000088e+01 3.203000000000000000e+06
1.557910000000000039e+01 2.395300000000000000e+06
1.592159999999999975e+01 1.704500000000000000e+06
1.578270000000000017e+01 2.520200000000000000e+06
1.581049999999999933e+01 3.028700000000000000e+06
1.584750000000000014e+01 2.828900000000000000e+06
1.583830000000000027e+01 3.712800000000000000e+06
1.614369999999999905e+01 2.373600000000000000e+06
1.614369999999999905e+01 3.302700000000000000e+06
1.594009999999999927e+01 2.399300000000000000e+06
1.576420000000000066e+01 2.012300000000000000e+06
1.575489999999999924e+01 4.109800000000000000e+06
1.576420000000000066e+01 3.216400000000000000e+06
1.606970000000000098e+01 2.258900000000000000e+06
1.617150000000000176e+01 2.295500000000000000e+06
1.627329999999999899e+01 4.658500000000000000e+06
1.620850000000000080e+01 1.290800000000000000e+06
1.624549999999999983e+01 2.405600000000000000e+06
1.639369999999999905e+01 3.081100000000000000e+06
1.609740000000000038e+01 1.707100000000000000e+06
1.613449999999999918e+01 2.372300000000000000e+06
1.605120000000000147e+01 2.515200000000000000e+06
1.650469999999999970e+01 2.782300000000000000e+06
1.639369999999999905e+01 1.971000000000000000e+06
1.643990000000000151e+01 1.937800000000000000e+06
1.657880000000000109e+01 2.501200000000000000e+06
1.692129999999999868e+01 1.897600000000000000e+06
1.693980000000000175e+01 2.321700000000000000e+06
1.703239999999999910e+01 3.160600000000000000e+06
1.677319999999999922e+01 3.592200000000000000e+06
1.696760000000000090e+01 2.515100000000000000e+06
1.668059999999999832e+01 2.363300000000000000e+06
1.668990000000000151e+01 2.275700000000000000e+06
1.662509999999999977e+01 2.396900000000000000e+06
1.660660000000000025e+01 2.473300000000000000e+06
1.636589999999999989e+01 3.193600000000000000e+06
1.619930000000000092e+01 2.549700000000000000e+06
1.628259999999999863e+01 2.217500000000000000e+06
1.643070000000000164e+01 2.359300000000000000e+06
1.636589999999999989e+01 1.827600000000000000e+06
1.634740000000000038e+01 2.168600000000000000e+06
1.633810000000000073e+01 3.310200000000000000e+06
1.659730000000000061e+01 6.908500000000000000e+06
1.620850000000000080e+01 6.085100000000000000e+06
1.611599999999999966e+01 1.319160000000000000e+07
1.482929999999999993e+01 4.984700000000000000e+06
1.444969999999999999e+01 5.805700000000000000e+06
1.436640000000000050e+01 8.117500000000000000e+06
1.436640000000000050e+01 4.729900000000000000e+06
1.477369999999999983e+01 3.040200000000000000e+06
1.499590000000000067e+01 9.436500000000000000e+06
1.501440000000000019e+01 5.574400000000000000e+06
1.503289999999999971e+01 4.468400000000000000e+06
1.517179999999999929e+01 6.241000000000000000e+06
1.496809999999999974e+01 6.995600000000000000e+06
1.530139999999999922e+01 3.085400000000000000e+06
1.541239999999999988e+01 3.109900000000000000e+06
1.551430000000000042e+01 4.664700000000000000e+06
1.581049999999999933e+01 2.102700000000000000e+06
1.581049999999999933e+01 2.833400000000000000e+06
1.593079999999999963e+01 2.209400000000000000e+06
1.601409999999999911e+01 1.935000000000000000e+06
1.587529999999999930e+01 2.655600000000000000e+06
1.610670000000000002e+01 2.063700000000000000e+06
1.605120000000000147e+01 2.852700000000000000e+06
1.600489999999999924e+01 4.109600000000000000e+06
1.610670000000000002e+01 3.266000000000000000e+06
1.627329999999999899e+01 3.388300000000000000e+06
1.649549999999999983e+01 2.016600000000000000e+06
1.661580000000000013e+01 3.673400000000000000e+06
1.668059999999999832e+01 2.612000000000000000e+06
1.657880000000000109e+01 1.918400000000000000e+06
1.641219999999999857e+01 2.691300000000000000e+06
1.644920000000000115e+01 2.259900000000000000e+06
1.656950000000000145e+01 6.831000000000000000e+05
1.656950000000000145e+01 1.974600000000000000e+06
1.643070000000000164e+01 7.055200000000000000e+06
1.606970000000000098e+01 2.475900000000000000e+06
1.619930000000000092e+01 2.539200000000000000e+06
1.606040000000000134e+01 4.023000000000000000e+06
1.644920000000000115e+01 1.885100000000000000e+06
1.634740000000000038e+01 4.320800000000000000e+06
1.619000000000000128e+01 4.073000000000000000e+06
1.629179999999999851e+01 3.255300000000000000e+06
1.632890000000000086e+01 2.618000000000000000e+06
1.621780000000000044e+01 4.088800000000000000e+06
1.645850000000000080e+01 4.483700000000000000e+06
1.616219999999999857e+01 2.562600000000000000e+06
1.627329999999999899e+01 2.676000000000000000e+06
1.619930000000000092e+01 3.120100000000000000e+06
1.633810000000000073e+01 4.610200000000000000e+06
1.662509999999999977e+01 1.506100000000000000e+06
1.653249999999999886e+01 5.083300000000000000e+06
1.637509999999999977e+01 5.585700000000000000e+06
1.618080000000000140e+01 3.397600000000000000e+06
1.624549999999999983e+01 3.624500000000000000e+06
1.625479999999999947e+01 4.075000000000000000e+06
1.635660000000000025e+01 6.256400000000000000e+06
1.618080000000000140e+01 2.961800000000000000e+06
1.612519999999999953e+01 4.431400000000000000e+06
1.643990000000000151e+01 4.606300000000000000e+06
1.596780000000000044e+01 2.920600000000000000e+06
1.593539999999999957e+01 3.673400000000000000e+06
1.587529999999999930e+01 1.294440000000000000e+07
1.612519999999999953e+01 5.387300000000000000e+06
1.629179999999999851e+01 1.787500000000000000e+06
1.597710000000000008e+01 3.888200000000000000e+06
1.611599999999999966e+01 3.922700000000000000e+06
1.637049999999999983e+01 3.820200000000000000e+06
1.643990000000000151e+01 2.870800000000000000e+06
1.644460000000000122e+01 3.714000000000000000e+06
1.628719999999999857e+01 4.697900000000000000e+06
1.606040000000000134e+01 8.031100000000000000e+06
1.616219999999999857e+01 6.582700000000000000e+06
1.600489999999999924e+01 4.131800000000000000e+06
1.587529999999999930e+01 6.197900000000000000e+06
1.600489999999999924e+01 4.734900000000000000e+06
1.583830000000000027e+01 5.145800000000000000e+06
1.573739999999999917e+01 7.274300000000000000e+06
1.559759999999999991e+01 3.107000000000000000e+06
1.559759999999999991e+01 5.809100000000000000e+06
1.554669999999999952e+01 3.972000000000000000e+06
1.553279999999999994e+01 4.511900000000000000e+06
1.534759999999999991e+01 4.406800000000000000e+06
1.532910000000000039e+01 3.606300000000000000e+06
1.519030000000000058e+01 5.085700000000000000e+06
1.501440000000000019e+01 5.506700000000000000e+06
1.469969999999999999e+01 4.210300000000000000e+06
1.462560000000000038e+01 4.825300000000000000e+06
1.472739999999999938e+01 8.663200000000000000e+06
1.466259999999999941e+01 1.366000000000000000e+07
1.469040000000000035e+01 1.783350000000000000e+07
1.494030000000000058e+01 1.775820000000000000e+07
1.472739999999999938e+01 8.815300000000000000e+06
1.486630000000000074e+01 6.237900000000000000e+06
1.496809999999999974e+01 7.098300000000000000e+06
1.507920000000000016e+01 1.273790000000000000e+07
1.555129999999999946e+01 4.389700000000000000e+06
1.577350000000000030e+01 5.611800000000000000e+06
1.530139999999999922e+01 2.360000000000000000e+06
1.539860000000000007e+01 4.594000000000000000e+06
1.561700000000000088e+01 3.286100000000000000e+06
1.577810000000000024e+01 3.862600000000000000e+06
1.573179999999999978e+01 2.538500000000000000e+06
1.569940000000000069e+01 5.758300000000000000e+06
1.563460000000000072e+01 2.717700000000000000e+06
1.583360000000000056e+01 4.836500000000000000e+06
1.578270000000000017e+01 7.562700000000000000e+06
1.532450000000000045e+01 4.292100000000000000e+06
1.512090000000000067e+01 3.668900000000000000e+06
1.498659999999999926e+01 3.358700000000000000e+06
1.503289999999999971e+01 3.521200000000000000e+06
1.483849999999999980e+01 4.992000000000000000e+06
1.460710000000000086e+01 3.783600000000000000e+06
1.453309999999999924e+01 5.386300000000000000e+06
1.459789999999999921e+01 2.795500000000000000e+06
1.458859999999999957e+01 1.109930000000000000e+07
1.455990000000000073e+01 9.059500000000000000e+06
1.468120000000000047e+01 4.125000000000000000e+06
1.457929999999999993e+01 3.981300000000000000e+06
1.454229999999999912e+01 3.731700000000000000e+06
1.458859999999999957e+01 5.040000000000000000e+06
1.453309999999999924e+01 4.265600000000000000e+06
1.453309999999999924e+01 6.123600000000000000e+06
1.479219999999999935e+01 6.373200000000000000e+06
1.490329999999999977e+01 5.160000000000000000e+06
1.471819999999999951e+01 3.940500000000000000e+06
1.465339999999999954e+01 3.615400000000000000e+06
1.473670000000000080e+01 4.882400000000000000e+06
1.479219999999999935e+01 4.293800000000000000e+06
1.493110000000000070e+01 7.110400000000000000e+06
1.476449999999999996e+01 4.755000000000000000e+06
1.497739999999999938e+01 6.232000000000000000e+06
1.481080000000000041e+01 8.754100000000000000e+06
1.512550000000000061e+01 8.258600000000000000e+06
1.500980000000000025e+01 1.030330000000000000e+07
1.474600000000000044e+01 7.681500000000000000e+06
1.476449999999999996e+01 1.279820000000000000e+07
1.435720000000000063e+01 9.020200000000000000e+06
1.470889999999999986e+01 5.884800000000000000e+06
1.441269999999999918e+01 7.069700000000000000e+06
1.454229999999999912e+01 6.205200000000000000e+06
1.448680000000000057e+01 9.298400000000000000e+06
1.456080000000000041e+01 6.141600000000000000e+06
1.478299999999999947e+01 1.165870000000000000e+07
1.432010000000000005e+01 1.082570000000000000e+07
1.470889999999999986e+01 1.341110000000000000e+07
1.414429999999999943e+01 9.328500000000000000e+06
1.357959999999999923e+01 2.063640000000000000e+07
1.382029999999999959e+01 1.042630000000000000e+07
1.400539999999999985e+01 1.702960000000000000e+07
1.424610000000000021e+01 1.632700000000000000e+07
1.454229999999999912e+01 9.936400000000000000e+06
1.476909999999999989e+01 1.534510000000000000e+07
1.449600000000000044e+01 1.242700000000000000e+07
1.376469999999999949e+01 8.542600000000000000e+06
1.388509999999999955e+01 3.052010000000000000e+07
1.369069999999999965e+01 2.583940000000000000e+07
1.411650000000000027e+01 1.698810000000000000e+07
1.434789999999999921e+01 1.212170000000000000e+07
1.425539999999999985e+01 1.475510000000000000e+07
1.455160000000000053e+01 3.577300000000000000e+06
1.437570000000000014e+01 4.279700000000000000e+06
1.445899999999999963e+01 8.323500000000000000e+06
1.416280000000000072e+01 9.274200000000000000e+06
1.462560000000000038e+01 3.198150000000000000e+07
