9.351999999999999602e+01 6.992624000000000000e+06
9.137999999999999545e+01 9.581230000000000000e+06
9.573999999999999488e+01 9.882034000000000000e+06
9.703000000000000114e+01 8.948597000000000000e+06
9.348000000000000398e+01 1.131195900000000000e+07
1.006299999999999955e+02 9.452863000000000000e+06
9.570999999999999375e+01 1.181436600000000000e+07
9.729000000000000625e+01 1.393647200000000000e+07
8.526000000000000512e+01 1.296972000000000000e+07
8.668000000000000682e+01 1.487441300000000000e+07
9.368999999999999773e+01 1.218157800000000000e+07
9.145999999999999375e+01 1.606005600000000000e+07
9.787000000000000455e+01 1.796939100000000000e+07
9.271999999999999886e+01 1.620493800000000000e+07
1.101500000000000057e+02 1.917055900000000000e+07
9.695999999999999375e+01 2.011439100000000000e+07
1.039000000000000057e+02 1.076101700000000000e+07
1.097399999999999949e+02 1.174849200000000000e+07
1.016299999999999955e+02 1.245889100000000000e+07
1.108900000000000006e+02 8.524269000000000000e+06
1.121800000000000068e+02 7.671457000000000000e+06
1.152999999999999972e+02 8.245198000000000000e+06
1.097600000000000051e+02 1.191227500000000000e+07
1.128599999999999994e+02 1.336696500000000000e+07
1.079899999999999949e+02 1.721599400000000000e+07
1.078400000000000034e+02 1.546190400000000000e+07
1.091099999999999994e+02 1.030692700000000000e+07
1.096599999999999966e+02 1.363613400000000000e+07
1.164399999999999977e+02 1.013930800000000000e+07
1.194899999999999949e+02 5.896230000000000000e+06
1.224300000000000068e+02 7.212911000000000000e+06
1.239099999999999966e+02 4.878649000000000000e+06
1.222699999999999960e+02 5.085799000000000000e+06
1.229899999999999949e+02 5.769897000000000000e+06
1.205100000000000051e+02 6.066472000000000000e+06
1.185600000000000023e+02 6.482283000000000000e+06
1.188400000000000034e+02 4.677447000000000000e+06
1.200600000000000023e+02 4.868408000000000000e+06
1.188799999999999955e+02 4.166262000000000000e+06
1.198900000000000006e+02 4.020286000000000000e+06
1.197199999999999989e+02 7.595345000000000000e+06
1.200799999999999983e+02 7.396789000000000000e+06
1.165100000000000051e+02 8.236584000000000000e+06
1.138900000000000006e+02 9.467156000000000000e+06
1.171200000000000045e+02 1.365334700000000000e+07
1.166599999999999966e+02 9.255661000000000000e+06
1.165199999999999960e+02 6.432992000000000000e+06
1.152399999999999949e+02 7.002260000000000000e+06
1.169800000000000040e+02 7.123969000000000000e+06
1.178900000000000006e+02 8.533941000000000000e+06
1.155000000000000000e+02 5.305308000000000000e+06
1.161500000000000057e+02 8.509645000000000000e+06
1.160400000000000063e+02 9.730424000000000000e+06
1.154000000000000057e+02 4.793197000000000000e+06
1.148499999999999943e+02 5.955223000000000000e+06
1.146400000000000006e+02 7.182707000000000000e+06
1.152800000000000011e+02 9.069390000000000000e+06
1.129300000000000068e+02 6.965689000000000000e+06
1.125699999999999932e+02 5.950181000000000000e+06
1.118199999999999932e+02 8.295189000000000000e+06
1.096700000000000017e+02 6.916836000000000000e+06
1.101700000000000017e+02 6.766627000000000000e+06
1.087600000000000051e+02 7.099931000000000000e+06
1.107500000000000000e+02 7.419283000000000000e+06
1.081700000000000017e+02 4.080618000000000000e+06
1.079699999999999989e+02 3.769715000000000000e+06
1.094000000000000057e+02 3.390317000000000000e+06
1.097500000000000000e+02 4.050317000000000000e+06
1.086899999999999977e+02 1.679950000000000000e+06
1.086099999999999994e+02 4.659074000000000000e+06
1.087500000000000000e+02 9.831071000000000000e+06
1.088799999999999955e+02 6.590055000000000000e+06
1.078299999999999983e+02 6.478284000000000000e+06
1.084599999999999937e+02 8.168386000000000000e+06
1.095699999999999932e+02 8.466723000000000000e+06
1.076500000000000057e+02 7.001186000000000000e+06
1.056700000000000017e+02 6.380433000000000000e+06
1.055100000000000051e+02 5.782111000000000000e+06
1.036200000000000045e+02 5.316693000000000000e+06
1.037800000000000011e+02 5.681147000000000000e+06
1.043400000000000034e+02 7.018440000000000000e+06
1.045900000000000034e+02 5.637586000000000000e+06
1.050000000000000000e+02 7.849569000000000000e+06
1.055900000000000034e+02 9.062795000000000000e+06
1.062099999999999937e+02 7.185204000000000000e+06
1.080100000000000051e+02 4.439511000000000000e+06
1.077500000000000000e+02 7.555124000000000000e+06
1.062000000000000028e+02 1.315005100000000000e+07
1.044500000000000028e+02 8.338769000000000000e+06
1.017699999999999960e+02 6.448811000000000000e+06
1.025499999999999972e+02 7.525120000000000000e+06
1.040900000000000034e+02 5.962021000000000000e+06
1.049500000000000028e+02 7.960162000000000000e+06
1.036599999999999966e+02 4.831599000000000000e+06
1.042000000000000028e+02 5.640361000000000000e+06
1.037300000000000040e+02 4.980344000000000000e+06
1.021200000000000045e+02 5.329359000000000000e+06
1.020300000000000011e+02 6.715166000000000000e+06
1.026700000000000017e+02 5.391050000000000000e+06
1.014200000000000017e+02 5.451433000000000000e+06
1.004699999999999989e+02 9.088435000000000000e+06
1.006299999999999955e+02 7.332216000000000000e+06
1.009899999999999949e+02 9.236156000000000000e+06
1.028100000000000023e+02 5.818361000000000000e+06
1.049800000000000040e+02 5.489839000000000000e+06
1.040999999999999943e+02 7.200513000000000000e+06
1.065000000000000000e+02 4.204919000000000000e+06
1.050000000000000000e+02 5.420866000000000000e+06
1.065999999999999943e+02 6.960851000000000000e+06
1.071899999999999977e+02 1.207092100000000000e+07
1.049099999999999966e+02 2.381791400000000000e+07
9.664000000000000057e+01 1.745960000000000000e+07
9.735999999999999943e+01 1.138472300000000000e+07
1.014399999999999977e+02 6.694445000000000000e+06
1.012199999999999989e+02 6.978120000000000000e+06
1.036299999999999955e+02 4.019239000000000000e+06
1.030900000000000034e+02 4.363705000000000000e+06
1.035900000000000034e+02 4.629287000000000000e+06
1.017500000000000000e+02 3.817790000000000000e+06
1.015799999999999983e+02 4.788311000000000000e+06
1.005400000000000063e+02 4.561588000000000000e+06
9.989000000000000057e+01 5.038850000000000000e+06
9.932999999999999829e+01 7.398352000000000000e+06
1.016200000000000045e+02 3.829056000000000000e+06
1.027900000000000063e+02 5.534673000000000000e+06
1.010300000000000011e+02 5.343141000000000000e+06
9.973000000000000398e+01 8.011727000000000000e+06
1.025300000000000011e+02 5.746364000000000000e+06
1.035900000000000034e+02 7.512787000000000000e+06
1.022000000000000028e+02 7.189838000000000000e+06
1.045499999999999972e+02 4.780793000000000000e+06
1.041400000000000006e+02 5.523936000000000000e+06
1.036899999999999977e+02 6.444130000000000000e+06
1.051099999999999994e+02 3.396306000000000000e+06
1.046400000000000006e+02 1.070788100000000000e+07
1.061200000000000045e+02 5.247013000000000000e+06
1.055999999999999943e+02 6.685977000000000000e+06
1.075000000000000000e+02 4.115933000000000000e+06
1.065199999999999960e+02 5.215635000000000000e+06
1.070000000000000000e+02 8.390194000000000000e+06
1.070999999999999943e+02 1.158535100000000000e+07
1.040199999999999960e+02 7.006282000000000000e+06
1.030499999999999972e+02 1.342803900000000000e+07
1.054300000000000068e+02 1.095899000000000000e+07
1.100499999999999972e+02 4.676035000000000000e+06
1.114599999999999937e+02 5.348782000000000000e+06
1.087300000000000040e+02 3.691497000000000000e+06
1.067500000000000000e+02 4.038074000000000000e+06
1.090499999999999972e+02 3.958699000000000000e+06
1.092099999999999937e+02 3.931033000000000000e+06
1.074699999999999989e+02 3.255228000000000000e+06
1.074500000000000028e+02 4.938397000000000000e+06
1.076599999999999966e+02 3.669041000000000000e+06
1.060400000000000063e+02 7.457331000000000000e+06
1.087699999999999960e+02 3.864359000000000000e+06
1.098199999999999932e+02 5.416562000000000000e+06
1.073700000000000045e+02 4.359576000000000000e+06
1.076700000000000017e+02 5.721282000000000000e+06
1.061599999999999966e+02 5.989174000000000000e+06
1.049500000000000028e+02 7.049233000000000000e+06
1.032699999999999960e+02 9.538834000000000000e+06
1.060400000000000063e+02 9.909591000000000000e+06
1.027199999999999989e+02 7.897875000000000000e+06
1.048199999999999932e+02 7.777343000000000000e+06
1.067900000000000063e+02 7.814988000000000000e+06
1.066299999999999955e+02 7.622015000000000000e+06
1.050300000000000011e+02 7.740468000000000000e+06
1.035999999999999943e+02 1.174539300000000000e+07
1.070900000000000034e+02 1.046691000000000000e+07
1.107999999999999972e+02 9.436130000000000000e+06
1.104000000000000057e+02 1.009615900000000000e+07
1.120400000000000063e+02 8.456015000000000000e+06
1.114500000000000028e+02 1.382020500000000000e+07
1.154899999999999949e+02 7.995933000000000000e+06
1.151200000000000045e+02 1.941719500000000000e+07
1.212999999999999972e+02 8.969808000000000000e+06
1.202199999999999989e+02 5.016048000000000000e+06
1.186899999999999977e+02 5.677409000000000000e+06
1.186299999999999955e+02 4.916241000000000000e+06
1.198700000000000045e+02 4.440672000000000000e+06
1.188100000000000023e+02 4.627478000000000000e+06
1.197099999999999937e+02 4.006838000000000000e+06
1.209000000000000057e+02 3.721345000000000000e+06
1.201200000000000045e+02 4.540257000000000000e+06
1.206500000000000057e+02 4.999657000000000000e+06
1.196400000000000006e+02 5.879661000000000000e+06
1.183700000000000045e+02 4.739005000000000000e+06
1.169500000000000028e+02 4.983572000000000000e+06
1.171599999999999966e+02 3.801715000000000000e+06
1.176800000000000068e+02 3.288929000000000000e+06
1.161700000000000017e+02 4.155388000000000000e+06
1.150300000000000011e+02 5.709683000000000000e+06
1.144599999999999937e+02 6.679793000000000000e+06
1.136700000000000017e+02 5.139346000000000000e+06
1.141500000000000057e+02 4.637342000000000000e+06
1.144399999999999977e+02 5.395305000000000000e+06
1.165000000000000000e+02 3.369867000000000000e+06
1.162099999999999937e+02 1.065152500000000000e+07
1.187900000000000063e+02 5.437516000000000000e+06
1.171400000000000006e+02 5.165966000000000000e+06
1.159800000000000040e+02 6.793322000000000000e+06
1.171599999999999966e+02 4.621594000000000000e+06
1.161700000000000017e+02 4.241994000000000000e+06
1.157199999999999989e+02 4.089424000000000000e+06
1.145000000000000000e+02 3.914615000000000000e+06
1.145999999999999943e+02 5.038942000000000000e+06
1.156200000000000045e+02 6.483553000000000000e+06
1.140199999999999960e+02 5.916410000000000000e+06
1.117800000000000011e+02 4.743958000000000000e+06
1.107699999999999960e+02 6.220170000000000000e+06
1.087300000000000040e+02 7.280429000000000000e+06
1.055199999999999960e+02 1.126121000000000000e+07
1.097500000000000000e+02 4.913455000000000000e+06
1.114099999999999966e+02 3.871752000000000000e+06
1.100799999999999983e+02 8.166166000000000000e+06
1.117399999999999949e+02 6.568269000000000000e+06
1.098499999999999943e+02 4.832620000000000000e+06
1.099000000000000057e+02 7.183631000000000000e+06
1.124699999999999989e+02 3.092002000000000000e+06
1.124300000000000068e+02 4.001417000000000000e+06
1.121500000000000057e+02 3.631596000000000000e+06
1.127999999999999972e+02 4.512583000000000000e+06
1.138700000000000045e+02 6.031779000000000000e+06
1.115000000000000000e+02 5.315281000000000000e+06
1.090900000000000034e+02 4.559662000000000000e+06
1.068299999999999983e+02 5.657900000000000000e+06
1.104099999999999966e+02 3.750890000000000000e+06
1.097300000000000040e+02 4.657418000000000000e+06
1.090699999999999932e+02 4.118033000000000000e+06
1.089500000000000028e+02 6.178708000000000000e+06
1.108499999999999943e+02 4.722565000000000000e+06
1.119599999999999937e+02 4.660901000000000000e+06
1.097000000000000028e+02 5.272425000000000000e+06
1.109399999999999977e+02 5.444708000000000000e+06
1.127699999999999960e+02 6.489380000000000000e+06
1.124399999999999977e+02 6.989300000000000000e+06
1.105600000000000023e+02 7.683160000000000000e+06
1.102199999999999989e+02 1.095944300000000000e+07
1.072199999999999989e+02 9.553117000000000000e+06
1.069000000000000057e+02 8.564219000000000000e+06
1.068100000000000023e+02 6.408498000000000000e+06
1.073599999999999994e+02 1.022071300000000000e+07
1.088100000000000023e+02 5.354021000000000000e+06
1.082000000000000028e+02 3.766267000000000000e+06
1.081400000000000006e+02 4.480406000000000000e+06
1.084800000000000040e+02 6.998048000000000000e+06
1.064599999999999937e+02 7.681003000000000000e+06
1.075100000000000051e+02 6.561918000000000000e+06
1.069300000000000068e+02 7.217072000000000000e+06
1.065699999999999932e+02 9.261995000000000000e+06
1.057300000000000040e+02 8.573757000000000000e+06
1.044599999999999937e+02 7.996830000000000000e+06
1.046899999999999977e+02 5.442449000000000000e+06
1.052300000000000040e+02 4.177507000000000000e+06
1.055499999999999972e+02 6.157204000000000000e+06
1.038400000000000034e+02 5.625544000000000000e+06
1.038599999999999994e+02 4.466587000000000000e+06
1.030699999999999932e+02 5.450156000000000000e+06
1.031500000000000057e+02 4.498014000000000000e+06
1.015499999999999972e+02 5.117698000000000000e+06
1.012699999999999960e+02 7.194999000000000000e+06
1.041500000000000057e+02 7.216748000000000000e+06
1.023100000000000023e+02 6.462929000000000000e+06
1.015400000000000063e+02 6.965119000000000000e+06
1.002699999999999960e+02 6.454037000000000000e+06
1.007300000000000040e+02 1.096086300000000000e+07
9.903000000000000114e+01 5.414658000000000000e+06
9.931000000000000227e+01 9.356601000000000000e+06
9.750000000000000000e+01 5.624849000000000000e+06
9.745000000000000284e+01 5.387479000000000000e+06
9.568999999999999773e+01 4.578084000000000000e+06
9.620999999999999375e+01 6.170276000000000000e+06
9.645999999999999375e+01 3.226530000000000000e+06
9.653000000000000114e+01 6.321889000000000000e+06
9.656999999999999318e+01 7.855772000000000000e+06
9.879999999999999716e+01 5.434436000000000000e+06
9.806999999999999318e+01 6.151847000000000000e+06
9.785999999999999943e+01 5.565391000000000000e+06
9.659000000000000341e+01 5.906401000000000000e+06
9.670000000000000284e+01 7.470730000000000000e+06
9.598000000000000398e+01 4.898247000000000000e+06
9.495999999999999375e+01 6.410003000000000000e+06
9.473000000000000398e+01 8.154094000000000000e+06
9.501999999999999602e+01 8.092379000000000000e+06
9.490999999999999659e+01 6.080181000000000000e+06
9.442000000000000171e+01 6.579170000000000000e+06
9.401000000000000512e+01 8.577942000000000000e+06
9.437999999999999545e+01 7.497035000000000000e+06
9.268999999999999773e+01 6.455938000000000000e+06
9.187000000000000455e+01 7.642107000000000000e+06
9.084999999999999432e+01 7.283827000000000000e+06
9.225000000000000000e+01 5.939421000000000000e+06
9.226999999999999602e+01 5.591260000000000000e+06
9.165999999999999659e+01 7.084477000000000000e+06
9.001000000000000512e+01 1.051464500000000000e+07
8.876000000000000512e+01 2.372988000000000000e+07
9.242000000000000171e+01 1.162281900000000000e+07
9.112000000000000455e+01 6.399936000000000000e+06
9.229999999999999716e+01 7.361144000000000000e+06
9.428000000000000114e+01 1.166473600000000000e+07
9.220000000000000284e+01 9.749072000000000000e+06
9.050000000000000000e+01 5.596051000000000000e+06
8.993999999999999773e+01 7.890273000000000000e+06
9.112000000000000455e+01 1.195838800000000000e+07
9.040000000000000568e+01 1.025454700000000000e+07
9.054999999999999716e+01 8.475025000000000000e+06
9.159999999999999432e+01 1.037792900000000000e+07
9.043000000000000682e+01 6.084735000000000000e+06
9.065000000000000568e+01 7.398181000000000000e+06
9.070000000000000284e+01 7.478123000000000000e+06
8.954999999999999716e+01 9.578323000000000000e+06
8.870000000000000284e+01 8.307637000000000000e+06
8.693000000000000682e+01 1.109414000000000000e+07
8.626999999999999602e+01 9.234825000000000000e+06
8.209000000000000341e+01 9.650676000000000000e+06
8.575000000000000000e+01 1.014619700000000000e+07
8.409000000000000341e+01 7.247755000000000000e+06
8.326000000000000512e+01 6.850418000000000000e+06
8.431000000000000227e+01 7.849070000000000000e+06
8.279999999999999716e+01 1.099472800000000000e+07
7.706000000000000227e+01 6.800483000000000000e+06
7.814000000000000057e+01 1.770493600000000000e+07
8.243999999999999773e+01 1.253288200000000000e+07
8.403000000000000114e+01 1.125838000000000000e+07
8.551000000000000512e+01 9.573004000000000000e+06
8.409999999999999432e+01 8.368108000000000000e+06
8.592000000000000171e+01 6.869115000000000000e+06
8.756000000000000227e+01 8.877266000000000000e+06
8.650000000000000000e+01 1.030678000000000000e+07
8.551000000000000512e+01 8.159070000000000000e+06
8.493000000000000682e+01 9.348154000000000000e+06
8.276999999999999602e+01 8.419488000000000000e+06
8.581999999999999318e+01 1.019774000000000000e+07
8.418999999999999773e+01 8.251093000000000000e+06
8.798000000000000398e+01 1.082248500000000000e+07
8.581000000000000227e+01 1.127328000000000000e+07
8.426000000000000512e+01 6.516560000000000000e+06
8.598000000000000398e+01 9.341953000000000000e+06
8.196999999999999886e+01 5.335151000000000000e+06
8.085999999999999943e+01 9.292903000000000000e+06
7.795000000000000284e+01 3.066853000000000000e+06
7.912000000000000455e+01 8.522932000000000000e+06
7.776000000000000512e+01 1.420209900000000000e+07
8.012999999999999545e+01 1.145528900000000000e+07
8.506000000000000227e+01 7.580987000000000000e+06
8.673999999999999488e+01 1.000124800000000000e+07
8.404999999999999716e+01 6.678468000000000000e+06
8.378000000000000114e+01 4.731289000000000000e+06
8.378000000000000114e+01 6.278185000000000000e+06
8.676000000000000512e+01 9.105908000000000000e+06
8.904000000000000625e+01 7.539282000000000000e+06
8.823000000000000398e+01 8.672013000000000000e+06
8.468999999999999773e+01 4.662485000000000000e+06
8.404999999999999716e+01 4.622289000000000000e+06
8.351000000000000512e+01 7.014351000000000000e+06
8.504000000000000625e+01 5.952606000000000000e+06
8.418999999999999773e+01 1.119184300000000000e+07
8.090000000000000568e+01 1.310080800000000000e+07
8.115000000000000568e+01 1.291882000000000000e+07
8.337000000000000455e+01 1.396941400000000000e+07
8.595999999999999375e+01 9.267622000000000000e+06
8.309000000000000341e+01 1.475455100000000000e+07
8.756999999999999318e+01 1.475376100000000000e+07
8.543000000000000682e+01 1.125475500000000000e+07
8.478000000000000114e+01 3.421190500000000000e+07
7.748000000000000398e+01 1.974852700000000000e+07
8.009000000000000341e+01 1.002263700000000000e+07
8.060999999999999943e+01 1.005996400000000000e+07
7.723000000000000398e+01 8.481098000000000000e+06
7.903000000000000114e+01 1.413140600000000000e+07
7.590000000000000568e+01 2.101064600000000000e+07
7.545000000000000284e+01 1.692025300000000000e+07
8.003000000000000114e+01 9.332600000000000000e+06
8.054999999999999716e+01 1.687215600000000000e+07
8.318000000000000682e+01 1.073577900000000000e+07
8.434000000000000341e+01 9.078341000000000000e+06
8.715000000000000568e+01 6.625013000000000000e+06
8.668000000000000682e+01 6.488198000000000000e+06
8.754999999999999716e+01 9.260577000000000000e+06
8.784000000000000341e+01 7.920916000000000000e+06
8.898999999999999488e+01 6.996564000000000000e+06
8.984999999999999432e+01 5.936191000000000000e+06
9.004000000000000625e+01 5.953397000000000000e+06
8.962000000000000455e+01 8.303272000000000000e+06
9.062000000000000455e+01 2.537939800000000000e+07
9.059999999999999432e+01 6.562065000000000000e+06
8.931000000000000227e+01 5.495100000000000000e+06
8.971999999999999886e+01 5.820686000000000000e+06
8.868000000000000682e+01 9.293798000000000000e+06
9.078000000000000114e+01 9.342821000000000000e+06
9.218999999999999773e+01 8.308315000000000000e+06
9.240000000000000568e+01 7.213519000000000000e+06
9.143000000000000682e+01 7.324353000000000000e+06
8.979999999999999716e+01 5.465965000000000000e+06
8.881999999999999318e+01 5.679468000000000000e+06
8.900000000000000000e+01 6.840606000000000000e+06
8.904999999999999716e+01 1.020217800000000000e+07
9.306999999999999318e+01 6.466717000000000000e+06
9.232999999999999829e+01 4.874378000000000000e+06
9.209000000000000341e+01 7.146558000000000000e+06
9.262000000000000455e+01 7.929101000000000000e+06
9.060999999999999943e+01 4.643751000000000000e+06
8.996999999999999886e+01 5.466661000000000000e+06
9.009999999999999432e+01 7.403855000000000000e+06
8.737999999999999545e+01 4.310036000000000000e+06
8.695000000000000284e+01 4.265905000000000000e+06
8.621999999999999886e+01 5.389566000000000000e+06
8.575000000000000000e+01 4.102976000000000000e+06
8.545000000000000284e+01 6.245013000000000000e+06
8.531999999999999318e+01 5.967213000000000000e+06
8.518999999999999773e+01 8.742930000000000000e+06
8.773000000000000398e+01 6.107398000000000000e+06
8.701000000000000512e+01 6.040062000000000000e+06
8.701000000000000512e+01 5.796458000000000000e+06
8.717000000000000171e+01 5.507014000000000000e+06
8.673999999999999488e+01 3.889380000000000000e+06
8.629999999999999716e+01 4.951217000000000000e+06
8.576999999999999602e+01 5.702760000000000000e+06
8.518999999999999773e+01 6.216575000000000000e+06
8.553000000000000114e+01 8.327178000000000000e+06
8.345999999999999375e+01 1.116035600000000000e+07
8.214000000000000057e+01 1.346221000000000000e+07
8.239000000000000057e+01 1.350151000000000000e+07
8.545999999999999375e+01 1.490339700000000000e+07
8.914000000000000057e+01 1.450556900000000000e+07
9.137000000000000455e+01 1.205043900000000000e+07
9.140999999999999659e+01 1.336940400000000000e+07
8.923999999999999488e+01 1.175967100000000000e+07
8.746999999999999886e+01 7.554139000000000000e+06
8.737999999999999545e+01 5.612878000000000000e+06
8.821999999999999886e+01 4.797062000000000000e+06
8.857999999999999829e+01 5.086126000000000000e+06
8.776999999999999602e+01 4.452265000000000000e+06
8.798999999999999488e+01 6.110637000000000000e+06
8.912999999999999545e+01 6.912332000000000000e+06
8.625000000000000000e+01 4.153183000000000000e+06
8.617000000000000171e+01 3.723180000000000000e+06
8.623000000000000398e+01 5.683472000000000000e+06
8.593999999999999773e+01 5.095457000000000000e+06
8.459000000000000341e+01 5.287716000000000000e+06
8.326999999999999602e+01 3.644133000000000000e+06
8.389000000000000057e+01 4.929447000000000000e+06
8.326999999999999602e+01 6.816964000000000000e+06
8.248000000000000398e+01 7.374725000000000000e+06
8.067000000000000171e+01 8.974510000000000000e+06
8.231999999999999318e+01 6.742177000000000000e+06
8.218999999999999773e+01 1.078011800000000000e+07
8.512000000000000455e+01 7.503397000000000000e+06
8.596999999999999886e+01 8.101290000000000000e+06
8.595000000000000284e+01 9.174942000000000000e+06
8.451999999999999602e+01 6.245114000000000000e+06
8.584999999999999432e+01 5.579359000000000000e+06
8.531000000000000227e+01 8.710787000000000000e+06
8.560999999999999943e+01 6.643352000000000000e+06
8.526999999999999602e+01 7.510276000000000000e+06
8.501999999999999602e+01 9.216898000000000000e+06
8.389000000000000057e+01 4.870444000000000000e+06
8.434000000000000341e+01 7.430930000000000000e+06
8.326999999999999602e+01 7.838563000000000000e+06
8.520999999999999375e+01 7.867161000000000000e+06
8.504999999999999716e+01 9.033556000000000000e+06
8.456999999999999318e+01 7.423686000000000000e+06
8.325000000000000000e+01 7.092081000000000000e+06
8.206999999999999318e+01 8.250136000000000000e+06
8.159999999999999432e+01 5.516230000000000000e+06
8.073000000000000398e+01 6.924208000000000000e+06
8.095999999999999375e+01 9.471281000000000000e+06
8.154999999999999716e+01 1.169683200000000000e+07
8.107999999999999829e+01 5.059808000000000000e+06
8.062000000000000455e+01 5.188282000000000000e+06
8.125000000000000000e+01 7.882072000000000000e+06
8.079000000000000625e+01 1.462689400000000000e+07
7.918999999999999773e+01 8.329549000000000000e+06
7.781999999999999318e+01 5.350161000000000000e+06
7.779000000000000625e+01 6.173510000000000000e+06
7.881000000000000227e+01 5.821169000000000000e+06
7.920000000000000284e+01 9.871283000000000000e+06
7.918999999999999773e+01 1.154135200000000000e+07
7.701000000000000512e+01 6.230501000000000000e+06
7.571999999999999886e+01 6.267169000000000000e+06
7.467000000000000171e+01 7.583734000000000000e+06
7.398999999999999488e+01 7.470794000000000000e+06
7.345000000000000284e+01 1.731069100000000000e+07
7.173000000000000398e+01 1.771074700000000000e+07
7.481000000000000227e+01 5.660219000000000000e+06
7.460999999999999943e+01 9.444449000000000000e+06
7.412999999999999545e+01 9.794316000000000000e+06
7.603000000000000114e+01 1.362528700000000000e+07
7.400000000000000000e+01 1.094028700000000000e+07
7.528000000000000114e+01 9.186611000000000000e+06
7.820999999999999375e+01 4.038517000000000000e+06
7.873000000000000398e+01 6.265267000000000000e+06
7.968000000000000682e+01 7.122738000000000000e+06
8.034000000000000341e+01 5.943689000000000000e+06
8.003000000000000114e+01 7.135657000000000000e+06
7.779999999999999716e+01 5.101377000000000000e+06
7.726999999999999602e+01 5.909943000000000000e+06
7.745999999999999375e+01 5.034799000000000000e+06
7.650000000000000000e+01 4.581013000000000000e+06
7.679000000000000625e+01 6.217464000000000000e+06
7.518999999999999773e+01 7.328434000000000000e+06
7.385999999999999943e+01 8.179131000000000000e+06
7.695000000000000284e+01 1.001571700000000000e+07
7.478000000000000114e+01 8.230790000000000000e+06
7.456000000000000227e+01 8.885973000000000000e+06
7.500000000000000000e+01 1.141769100000000000e+07
7.587000000000000455e+01 1.106426900000000000e+07
7.506000000000000227e+01 1.437032500000000000e+07
7.631000000000000227e+01 7.871834000000000000e+06
7.895000000000000284e+01 8.616491000000000000e+06
7.643999999999999773e+01 9.224006000000000000e+06
7.856000000000000227e+01 9.308694000000000000e+06
8.104000000000000625e+01 6.575070000000000000e+06
8.085999999999999943e+01 7.249737000000000000e+06
8.029999999999999716e+01 8.853780000000000000e+06
8.215999999999999659e+01 7.554648000000000000e+06
8.256999999999999318e+01 9.047478000000000000e+06
8.331000000000000227e+01 1.348130600000000000e+07
8.020000000000000284e+01 6.309172000000000000e+06
8.059999999999999432e+01 6.214564000000000000e+06
8.070999999999999375e+01 6.402337000000000000e+06
7.987000000000000455e+01 6.428399000000000000e+06
7.951999999999999602e+01 5.546703000000000000e+06
7.923000000000000398e+01 7.477760000000000000e+06
7.906999999999999318e+01 6.652980000000000000e+06
7.887000000000000455e+01 9.426242000000000000e+06
7.864000000000000057e+01 8.443335000000000000e+06
7.940999999999999659e+01 1.072054300000000000e+07
7.945999999999999375e+01 8.798204000000000000e+06
7.934999999999999432e+01 7.103517000000000000e+06
7.968999999999999773e+01 7.453813000000000000e+06
7.770000000000000284e+01 6.568273000000000000e+06
7.651000000000000512e+01 8.186338000000000000e+06
7.706000000000000227e+01 6.805122000000000000e+06
7.837000000000000455e+01 9.459255000000000000e+06
7.829500000000000171e+01 8.866072000000000000e+06
7.726999999999999602e+01 8.776669000000000000e+06
7.496999999999999886e+01 7.647944000000000000e+06
7.528000000000000114e+01 1.038042400000000000e+07
7.475000000000000000e+01 1.346671400000000000e+07
7.231999999999999318e+01 1.273223200000000000e+07
7.559000000000000341e+01 1.154700200000000000e+07
7.568000000000000682e+01 1.917687800000000000e+07
7.470499999999999829e+01 1.705598500000000000e+07
7.656999999999999318e+01 2.179995200000000000e+07
7.840000000000000568e+01 4.397167600000000000e+07
8.531999999999999318e+01 1.220205200000000000e+07
8.378000000000000114e+01 7.713882000000000000e+06
8.431000000000000227e+01 7.819033000000000000e+06
8.545000000000000284e+01 7.626512000000000000e+06
8.434000000000000341e+01 7.131582000000000000e+06
8.370999999999999375e+01 8.520856000000000000e+06
8.420999999999999375e+01 9.308663000000000000e+06
8.398000000000000398e+01 6.811730000000000000e+06
8.384000000000000341e+01 8.654070000000000000e+06
8.293999999999999773e+01 7.073486000000000000e+06
8.246999999999999886e+01 6.839061000000000000e+06
8.042000000000000171e+01 9.071325000000000000e+06
8.054000000000000625e+01 6.771884000000000000e+06
7.975000000000000000e+01 5.305684000000000000e+06
7.937000000000000455e+01 5.935952000000000000e+06
7.918999999999999773e+01 9.571830000000000000e+06
7.904999999999999716e+01 7.763556000000000000e+06
7.870000000000000284e+01 1.162548300000000000e+07
7.673000000000000398e+01 8.613359000000000000e+06
7.675000000000000000e+01 9.696574000000000000e+06
7.384000000000000341e+01 7.237093000000000000e+06
7.362000000000000455e+01 4.396182000000000000e+06
7.417000000000000171e+01 3.363964000000000000e+06
7.459000000000000341e+01 4.226467000000000000e+06
7.426999999999999602e+01 4.683371000000000000e+06
7.389000000000000057e+01 3.570969000000000000e+06
7.401999999999999602e+01 4.556474000000000000e+06
7.400000000000000000e+01 5.964055000000000000e+06
7.450000000000000000e+01 7.430435000000000000e+06
7.531999999999999318e+01 8.034166000000000000e+06
7.565000000000000568e+01 1.093578800000000000e+07
7.426000000000000512e+01 7.453419000000000000e+06
7.409000000000000341e+01 7.037486000000000000e+06
7.362000000000000455e+01 5.947690000000000000e+06
7.329000000000000625e+01 5.786918000000000000e+06
7.290999999999999659e+01 8.130594000000000000e+06
7.368999999999999773e+01 7.547591000000000000e+06
7.314000000000000057e+01 9.188317000000000000e+06
7.120000000000000284e+01 1.581865100000000000e+07
7.096999999999999886e+01 2.628363900000000000e+07
7.529999999999999716e+01 1.337439300000000000e+07
7.573000000000000398e+01 1.593350100000000000e+07
7.325000000000000000e+01 2.516567200000000000e+07
7.779000000000000625e+01 8.570920000000000000e+06
7.784000000000000341e+01 6.745449000000000000e+06
7.856999999999999318e+01 4.305618000000000000e+06
7.756999999999999318e+01 7.975445000000000000e+06
7.776999999999999602e+01 1.060310500000000000e+07
7.601000000000000512e+01 6.799610000000000000e+06
7.637999999999999545e+01 1.177151400000000000e+07
7.770000000000000284e+01 1.248398400000000000e+07
7.343000000000000682e+01 5.780290000000000000e+06
7.448999999999999488e+01 6.277159000000000000e+06
7.403000000000000114e+01 5.821794000000000000e+06
7.398999999999999488e+01 5.703206000000000000e+06
7.409999999999999432e+01 8.526645000000000000e+06
7.476999999999999602e+01 7.593063000000000000e+06
7.440999999999999659e+01 6.855004000000000000e+06
7.473999999999999488e+01 1.005235900000000000e+07
7.339000000000000057e+01 6.714105000000000000e+06
7.225000000000000000e+01 4.518557000000000000e+06
7.237999999999999545e+01 6.576235000000000000e+06
7.256000000000000227e+01 7.478157000000000000e+06
7.115000000000000568e+01 6.911407000000000000e+06
7.106000000000000227e+01 9.192172000000000000e+06
7.134000000000000341e+01 7.967791000000000000e+06
7.101999999999999602e+01 1.190878500000000000e+07
7.020999999999999375e+01 1.205764800000000000e+07
6.979999999999999716e+01 1.200458300000000000e+07
7.096999999999999886e+01 3.397688700000000000e+07
6.725000000000000000e+01 1.164531000000000000e+07
6.726000000000000512e+01 7.866118000000000000e+06
6.667000000000000171e+01 1.063080500000000000e+07
6.731000000000000227e+01 9.449837000000000000e+06
6.865999999999999659e+01 8.596855000000000000e+06
6.885999999999999943e+01 8.607233000000000000e+06
6.778000000000000114e+01 1.191894100000000000e+07
6.604000000000000625e+01 5.795772000000000000e+06
6.623000000000000398e+01 5.511409000000000000e+06
6.604999999999999716e+01 6.102894000000000000e+06
6.581999999999999318e+01 6.918222000000000000e+06
6.401000000000000512e+01 4.399565000000000000e+06
6.421999999999999886e+01 5.614020000000000000e+06
6.418000000000000682e+01 5.141673000000000000e+06
6.403000000000000114e+01 6.706995000000000000e+06
6.392999999999999972e+01 3.982117000000000000e+06
6.332999999999999829e+01 6.807674000000000000e+06
6.293999999999999773e+01 8.084916000000000000e+06
6.350000000000000000e+01 1.308816100000000000e+07
6.507999999999999829e+01 6.539011000000000000e+06
6.462999999999999545e+01 6.539750000000000000e+06
6.473999999999999488e+01 1.170401200000000000e+07
6.382999999999999829e+01 7.646245000000000000e+06
6.292000000000000171e+01 7.561354000000000000e+06
6.250000000000000000e+01 9.561717000000000000e+06
6.224000000000000199e+01 5.657030000000000000e+06
6.203999999999999915e+01 6.113877000000000000e+06
6.256000000000000227e+01 6.199885000000000000e+06
6.264000000000000057e+01 8.169342000000000000e+06
6.113000000000000256e+01 4.876488000000000000e+06
6.200000000000000000e+01 4.962951000000000000e+06
6.124000000000000199e+01 5.217668000000000000e+06
6.127000000000000313e+01 5.696603000000000000e+06
6.146000000000000085e+01 3.389772000000000000e+06
6.167999999999999972e+01 6.088973000000000000e+06
6.177000000000000313e+01 5.613393000000000000e+06
6.100999999999999801e+01 4.330268000000000000e+06
6.053000000000000114e+01 4.616049000000000000e+06
5.996999999999999886e+01 4.006421000000000000e+06
6.000000000000000000e+01 3.787878000000000000e+06
6.004999999999999716e+01 4.511679000000000000e+06
6.084000000000000341e+01 5.782471000000000000e+06
5.939999999999999858e+01 4.206531000000000000e+06
5.943999999999999773e+01 4.594653000000000000e+06
5.928999999999999915e+01 6.537123000000000000e+06
6.028999999999999915e+01 5.679048000000000000e+06
5.968999999999999773e+01 6.419599000000000000e+06
5.906000000000000227e+01 7.127903000000000000e+06
5.803999999999999915e+01 6.891359000000000000e+06
5.802000000000000313e+01 9.341375000000000000e+06
5.967000000000000171e+01 5.991127000000000000e+06
5.947999999999999687e+01 5.960460000000000000e+06
5.961999999999999744e+01 5.875028000000000000e+06
5.885999999999999943e+01 6.118655000000000000e+06
5.842000000000000171e+01 6.104372000000000000e+06
5.911999999999999744e+01 6.486312000000000000e+06
5.934000000000000341e+01 8.950112000000000000e+06
5.854999999999999716e+01 7.307044000000000000e+06
5.920000000000000284e+01 1.068480600000000000e+07
6.014999999999999858e+01 2.267800000000000000e+07
5.878999999999999915e+01 1.279474800000000000e+07
5.825999999999999801e+01 7.859354000000000000e+06
5.857999999999999829e+01 6.373567000000000000e+06
5.867000000000000171e+01 7.486133000000000000e+06
5.909000000000000341e+01 7.990391000000000000e+06
5.835000000000000142e+01 9.624663000000000000e+06
5.896000000000000085e+01 9.436755000000000000e+06
5.757999999999999829e+01 5.604480000000000000e+06
5.715999999999999659e+01 1.165193500000000000e+07
5.789999999999999858e+01 1.468791700000000000e+07
5.654999999999999716e+01 1.734509800000000000e+07
5.475999999999999801e+01 8.865099000000000000e+06
5.493999999999999773e+01 9.916785000000000000e+06
5.396999999999999886e+01 4.805962000000000000e+06
5.346999999999999886e+01 7.289275000000000000e+06
5.460999999999999943e+01 9.638570000000000000e+06
5.286999999999999744e+01 4.831590000000000000e+06
5.367000000000000171e+01 7.611077000000000000e+06
5.342000000000000171e+01 1.116272600000000000e+07
5.439000000000000057e+01 7.894816000000000000e+06
5.272999999999999687e+01 7.680978000000000000e+06
5.374000000000000199e+01 4.728731000000000000e+06
5.432999999999999829e+01 5.954697000000000000e+06
5.386999999999999744e+01 9.631525000000000000e+06
5.353999999999999915e+01 7.992648000000000000e+06
5.252000000000000313e+01 4.522851000000000000e+06
5.292999999999999972e+01 5.276661000000000000e+06
5.184000000000000341e+01 1.079258100000000000e+07
5.228999999999999915e+01 9.945649000000000000e+06
5.189999999999999858e+01 7.114891000000000000e+06
5.206000000000000227e+01 1.011980100000000000e+07
5.215999999999999659e+01 1.572440600000000000e+07
5.339999999999999858e+01 1.052485600000000000e+07
5.439000000000000057e+01 6.251592000000000000e+06
5.385000000000000142e+01 6.282623000000000000e+06
5.339999999999999858e+01 6.212080000000000000e+06
5.379999999999999716e+01 9.119908000000000000e+06
5.352000000000000313e+01 9.019731000000000000e+06
5.315999999999999659e+01 1.387832800000000000e+07
5.221000000000000085e+01 1.050520200000000000e+07
5.106000000000000227e+01 5.284417000000000000e+06
5.118999999999999773e+01 4.739379000000000000e+06
5.092999999999999972e+01 4.919674000000000000e+06
5.104999999999999716e+01 6.262833000000000000e+06
5.013000000000000256e+01 6.638684000000000000e+06
4.977000000000000313e+01 1.304550500000000000e+07
4.939000000000000057e+01 7.744600000000000000e+06
4.910999999999999943e+01 9.880834000000000000e+06
4.904999999999999716e+01 6.523715000000000000e+06
5.034000000000000341e+01 5.334049000000000000e+06
4.977000000000000313e+01 4.646201000000000000e+06
4.936999999999999744e+01 4.894021000000000000e+06
4.970000000000000284e+01 5.497555000000000000e+06
4.978999999999999915e+01 6.487342000000000000e+06
4.921999999999999886e+01 4.758885000000000000e+06
4.917000000000000171e+01 6.599168000000000000e+06
4.929999999999999716e+01 4.859027000000000000e+06
4.890999999999999659e+01 7.132621000000000000e+06
4.902000000000000313e+01 1.147863200000000000e+07
4.904999999999999716e+01 1.667663200000000000e+07
4.753999999999999915e+01 1.441785300000000000e+07
4.771999999999999886e+01 1.160422400000000000e+07
4.714999999999999858e+01 3.436557700000000000e+07
4.440999999999999659e+01 8.655571000000000000e+06
4.471000000000000085e+01 7.788588000000000000e+06
4.427000000000000313e+01 4.642797000000000000e+06
4.381000000000000227e+01 8.015796000000000000e+06
4.368999999999999773e+01 4.811155000000000000e+06
4.329999999999999716e+01 4.913855000000000000e+06
4.309000000000000341e+01 3.711648000000000000e+06
4.310000000000000142e+01 3.151602000000000000e+06
4.254999999999999716e+01 3.631442000000000000e+06
4.249000000000000199e+01 5.800144000000000000e+06
4.268999999999999773e+01 4.856260000000000000e+06
4.304999999999999716e+01 4.579501000000000000e+06
4.303999999999999915e+01 4.861189000000000000e+06
4.289999999999999858e+01 5.395420000000000000e+06
4.289000000000000057e+01 5.292287000000000000e+06
4.271999999999999886e+01 4.681835000000000000e+06
4.263000000000000256e+01 7.772986000000000000e+06
4.302000000000000313e+01 5.177925000000000000e+06
4.353999999999999915e+01 5.691682000000000000e+06
4.324000000000000199e+01 3.951121000000000000e+06
4.314999999999999858e+01 4.396544000000000000e+06
4.307999999999999829e+01 3.850321000000000000e+06
4.313000000000000256e+01 5.739538000000000000e+06
4.314000000000000057e+01 7.176360000000000000e+06
4.318999999999999773e+01 6.513341000000000000e+06
4.264000000000000057e+01 7.838436000000000000e+06
4.315999999999999659e+01 6.686901000000000000e+06
4.307999999999999829e+01 1.230965200000000000e+07
4.239999999999999858e+01 3.998562000000000000e+06
4.239000000000000057e+01 4.291806000000000000e+06
4.210000000000000142e+01 5.888061000000000000e+06
4.259000000000000341e+01 5.527468000000000000e+06
4.299000000000000199e+01 4.636199000000000000e+06
4.292000000000000171e+01 3.487918000000000000e+06
4.278999999999999915e+01 4.573934000000000000e+06
4.289000000000000057e+01 4.404707000000000000e+06
4.286999999999999744e+01 6.032844000000000000e+06
4.303000000000000114e+01 4.214435000000000000e+06
4.277000000000000313e+01 4.572587000000000000e+06
4.242999999999999972e+01 6.003750000000000000e+06
4.200000000000000000e+01 6.956821000000000000e+06
4.264000000000000057e+01 5.026742000000000000e+06
4.307000000000000028e+01 6.769528000000000000e+06
4.253000000000000114e+01 5.456296000000000000e+06
4.242000000000000171e+01 4.316768000000000000e+06
4.242999999999999972e+01 5.874724000000000000e+06
4.196000000000000085e+01 5.106063000000000000e+06
4.214999999999999858e+01 5.730802000000000000e+06
4.186999999999999744e+01 7.124617000000000000e+06
4.161999999999999744e+01 6.496404000000000000e+06
4.117000000000000171e+01 6.260907000000000000e+06
4.057999999999999829e+01 6.248231000000000000e+06
4.082999999999999829e+01 6.467576000000000000e+06
4.088000000000000256e+01 7.398987000000000000e+06
4.002000000000000313e+01 7.956319000000000000e+06
3.974000000000000199e+01 8.206410000000000000e+06
3.959000000000000341e+01 7.131059000000000000e+06
3.957999999999999829e+01 8.736786000000000000e+06
3.931000000000000227e+01 8.860416000000000000e+06
3.978000000000000114e+01 9.100057000000000000e+06
3.985999999999999943e+01 1.148602300000000000e+07
4.027000000000000313e+01 2.274919700000000000e+07
4.150000000000000000e+01 1.183812700000000000e+07
4.171000000000000085e+01 9.253596000000000000e+06
4.196000000000000085e+01 6.107190000000000000e+06
4.161999999999999744e+01 8.497050000000000000e+06
4.168999999999999773e+01 6.868514000000000000e+06
4.127000000000000313e+01 4.718177000000000000e+06
4.135000000000000142e+01 4.706020000000000000e+06
4.127000000000000313e+01 5.932904000000000000e+06
4.160000000000000142e+01 3.917699000000000000e+06
4.156000000000000227e+01 3.840529000000000000e+06
4.128000000000000114e+01 4.425295000000000000e+06
4.107999999999999829e+01 4.174906000000000000e+06
4.139999999999999858e+01 3.943868000000000000e+06
4.145000000000000284e+01 5.586404000000000000e+06
4.106000000000000227e+01 6.431957000000000000e+06
4.100000000000000000e+01 6.806386000000000000e+06
4.025000000000000000e+01 8.247354000000000000e+06
3.946999999999999886e+01 5.012053000000000000e+06
3.996000000000000085e+01 3.707957000000000000e+06
3.957000000000000028e+01 3.292367000000000000e+06
3.971999999999999886e+01 2.660152000000000000e+06
3.957999999999999829e+01 3.379149000000000000e+06
3.967999999999999972e+01 5.064974000000000000e+06
4.009000000000000341e+01 6.768561000000000000e+06
3.974000000000000199e+01 3.637161000000000000e+06
3.943999999999999773e+01 4.268583000000000000e+06
3.932000000000000028e+01 9.786253000000000000e+06
3.953999999999999915e+01 6.418929000000000000e+06
3.954999999999999716e+01 4.658726000000000000e+06
3.942999999999999972e+01 6.385892000000000000e+06
3.942999999999999972e+01 4.474526000000000000e+06
3.964999999999999858e+01 3.923741000000000000e+06
3.960999999999999943e+01 6.102590000000000000e+06
3.945000000000000284e+01 7.012032000000000000e+06
3.897999999999999687e+01 5.954455000000000000e+06
3.899000000000000199e+01 5.053862000000000000e+06
3.861999999999999744e+01 6.335151000000000000e+06
3.834000000000000341e+01 1.126556700000000000e+07
3.928000000000000114e+01 8.420727000000000000e+06
3.989000000000000057e+01 5.083663000000000000e+06
3.996000000000000085e+01 4.170587000000000000e+06
4.025999999999999801e+01 2.324478000000000000e+06
4.004999999999999716e+01 5.770587000000000000e+06
4.032999999999999829e+01 7.734699000000000000e+06
4.063000000000000256e+01 6.667226000000000000e+06
4.007999999999999829e+01 9.521525000000000000e+06
3.988000000000000256e+01 9.758539000000000000e+06
3.907000000000000028e+01 1.273089600000000000e+07
3.893999999999999773e+01 1.603822900000000000e+07
3.881000000000000227e+01 1.787779000000000000e+07
4.007999999999999829e+01 1.077652400000000000e+07
4.045000000000000284e+01 1.209757700000000000e+07
4.125999999999999801e+01 9.744400000000000000e+06
4.157999999999999829e+01 6.968107000000000000e+06
4.128000000000000114e+01 7.904865000000000000e+06
4.089999999999999858e+01 6.541343000000000000e+06
4.118999999999999773e+01 6.239903000000000000e+06
4.135000000000000142e+01 7.947621000000000000e+06
4.153999999999999915e+01 9.398950000000000000e+06
4.165999999999999659e+01 7.159986000000000000e+06
4.175999999999999801e+01 1.197923800000000000e+07
4.168999999999999773e+01 9.447256000000000000e+06
4.232999999999999829e+01 1.091879100000000000e+07
4.331000000000000227e+01 9.463932000000000000e+06
4.386999999999999744e+01 1.907903100000000000e+07
4.414999999999999858e+01 3.755466800000000000e+07
4.009000000000000341e+01 1.333749400000000000e+07
4.024000000000000199e+01 6.587733000000000000e+06
3.982999999999999829e+01 5.475850000000000000e+06
3.947999999999999687e+01 5.279515000000000000e+06
3.924000000000000199e+01 6.647595000000000000e+06
3.920000000000000284e+01 7.865587000000000000e+06
3.953000000000000114e+01 7.039942000000000000e+06
3.918999999999999773e+01 9.955667000000000000e+06
3.985999999999999943e+01 6.636680000000000000e+06
3.988000000000000256e+01 6.109946000000000000e+06
4.017999999999999972e+01 6.312037000000000000e+06
4.043999999999999773e+01 6.128205000000000000e+06
4.078000000000000114e+01 5.046632000000000000e+06
4.059000000000000341e+01 6.924977000000000000e+06
4.096999999999999886e+01 8.685607000000000000e+06
4.039000000000000057e+01 7.953014000000000000e+06
4.096999999999999886e+01 6.751179000000000000e+06
4.106000000000000227e+01 8.674079000000000000e+06
4.034000000000000341e+01 9.054362000000000000e+06
4.007000000000000028e+01 6.234613000000000000e+06
4.049000000000000199e+01 5.691048000000000000e+06
4.028999999999999915e+01 5.378400000000000000e+06
3.968999999999999773e+01 5.563314000000000000e+06
4.000999999999999801e+01 7.574483000000000000e+06
4.070000000000000284e+01 1.190944900000000000e+07
4.082999999999999829e+01 1.272095100000000000e+07
3.996000000000000085e+01 1.306229300000000000e+07
3.985999999999999943e+01 1.792485300000000000e+07
3.877000000000000313e+01 8.635027000000000000e+06
3.800999999999999801e+01 1.074707900000000000e+07
3.927000000000000313e+01 1.203729200000000000e+07
3.856000000000000227e+01 1.081770100000000000e+07
3.717999999999999972e+01 6.416930000000000000e+06
3.707000000000000028e+01 6.726906000000000000e+06
3.682999999999999829e+01 1.041223300000000000e+07
3.714999999999999858e+01 7.166276000000000000e+06
3.700000000000000000e+01 6.873648000000000000e+06
3.728999999999999915e+01 4.780712000000000000e+06
3.764999999999999858e+01 4.177726000000000000e+06
3.750999999999999801e+01 5.132089000000000000e+06
3.752000000000000313e+01 5.914176000000000000e+06
3.785999999999999943e+01 6.066416000000000000e+06
3.810999999999999943e+01 1.070436200000000000e+07
3.809000000000000341e+01 5.107878000000000000e+06
3.821999999999999886e+01 3.881084000000000000e+06
3.814000000000000057e+01 5.263987000000000000e+06
3.838000000000000256e+01 6.170765000000000000e+06
3.846000000000000085e+01 4.548206000000000000e+06
3.850999999999999801e+01 6.527984000000000000e+06
3.846000000000000085e+01 5.999407000000000000e+06
3.807000000000000028e+01 5.546799000000000000e+06
3.810000000000000142e+01 5.049127000000000000e+06
3.790999999999999659e+01 6.101319000000000000e+06
3.810000000000000142e+01 7.670438000000000000e+06
3.729999999999999716e+01 7.507761000000000000e+06
3.657999999999999829e+01 7.663836000000000000e+06
3.653999999999999915e+01 5.997704000000000000e+06
3.706000000000000227e+01 5.473949000000000000e+06
3.724000000000000199e+01 6.850060000000000000e+06
3.721999999999999886e+01 5.111331000000000000e+06
3.721999999999999886e+01 8.894242000000000000e+06
3.768999999999999773e+01 1.027922300000000000e+07
3.778000000000000114e+01 1.690413300000000000e+07
3.742000000000000171e+01 3.639731800000000000e+07
4.013000000000000256e+01 1.336331700000000000e+07
4.004999999999999716e+01 1.118909400000000000e+07
3.936999999999999744e+01 8.120130000000000000e+06
3.892000000000000171e+01 7.877439000000000000e+06
3.909000000000000341e+01 8.140573000000000000e+06
3.996000000000000085e+01 9.683504000000000000e+06
3.928000000000000114e+01 1.245848100000000000e+07
3.878999999999999915e+01 1.000632300000000000e+07
3.814999999999999858e+01 1.009618900000000000e+07
3.735999999999999943e+01 6.828882000000000000e+06
3.632000000000000028e+01 7.326735000000000000e+06
3.592999999999999972e+01 7.821280000000000000e+06
3.611999999999999744e+01 5.321119000000000000e+06
3.635000000000000142e+01 7.260381000000000000e+06
3.650999999999999801e+01 9.152990000000000000e+06
3.577000000000000313e+01 9.520385000000000000e+06
3.524000000000000199e+01 1.240815500000000000e+07
3.420000000000000284e+01 1.121953800000000000e+07
3.507999999999999829e+01 1.764719100000000000e+07
3.665999999999999659e+01 4.808720000000000000e+06
3.600000000000000000e+01 9.292358000000000000e+06
3.615999999999999659e+01 1.281609100000000000e+07
3.685999999999999943e+01 7.789608000000000000e+06
3.696999999999999886e+01 7.947873000000000000e+06
3.696999999999999886e+01 6.106029000000000000e+06
3.684000000000000341e+01 7.092048000000000000e+06
3.715999999999999659e+01 1.028193300000000000e+07
3.653999999999999915e+01 8.215970000000000000e+06
3.677000000000000313e+01 7.741351000000000000e+06
3.713000000000000256e+01 1.020670600000000000e+07
3.754999999999999716e+01 8.667370000000000000e+06
3.757000000000000028e+01 6.324422000000000000e+06
3.810000000000000142e+01 5.065932000000000000e+06
3.832999999999999829e+01 4.986042000000000000e+06
3.856000000000000227e+01 4.659221000000000000e+06
3.831000000000000227e+01 5.458457000000000000e+06
3.778999999999999915e+01 1.223136200000000000e+07
3.809000000000000341e+01 5.863610000000000000e+06
3.807000000000000028e+01 5.894744000000000000e+06
3.875999999999999801e+01 6.561151000000000000e+06
3.892000000000000171e+01 7.555190000000000000e+06
3.807000000000000028e+01 9.083796000000000000e+06
3.753000000000000114e+01 1.249720400000000000e+07
3.764999999999999858e+01 1.704132900000000000e+07
3.897999999999999687e+01 1.039350900000000000e+07
3.906499999999999773e+01 1.074610700000000000e+07
3.929999999999999716e+01 1.031603600000000000e+07
3.947999999999999687e+01 5.885930000000000000e+06
3.950999999999999801e+01 6.323088000000000000e+06
3.971000000000000085e+01 5.995494000000000000e+06
4.010999999999999943e+01 6.589127000000000000e+06
3.961999999999999744e+01 5.860985000000000000e+06
3.947999999999999687e+01 6.566908000000000000e+06
3.895000000000000284e+01 7.127183000000000000e+06
3.831000000000000227e+01 8.121646000000000000e+06
3.835999999999999943e+01 9.146618000000000000e+06
3.902000000000000313e+01 6.777514000000000000e+06
3.917999999999999972e+01 1.000140100000000000e+07
4.007000000000000028e+01 1.779997500000000000e+07
4.000999999999999801e+01 1.272763500000000000e+07
3.972999999999999687e+01 5.271169000000000000e+06
3.982000000000000028e+01 7.934207000000000000e+06
4.031000000000000227e+01 6.433904000000000000e+06
4.010000000000000142e+01 5.539350000000000000e+06
4.007999999999999829e+01 7.723520000000000000e+06
3.924000000000000199e+01 5.915827000000000000e+06
3.964000000000000057e+01 6.433030000000000000e+06
3.857999999999999829e+01 5.239576000000000000e+06
3.864000000000000057e+01 4.590156000000000000e+06
3.878999999999999915e+01 7.082364000000000000e+06
3.779999999999999716e+01 7.677829000000000000e+06
3.806000000000000227e+01 5.428928000000000000e+06
3.840999999999999659e+01 7.822305000000000000e+06
3.828000000000000114e+01 7.294453000000000000e+06
3.915999999999999659e+01 5.526193000000000000e+06
3.854999999999999716e+01 5.364753000000000000e+06
3.878999999999999915e+01 5.381340000000000000e+06
3.939999999999999858e+01 6.982014000000000000e+06
3.860000000000000142e+01 8.086983000000000000e+06
3.903999999999999915e+01 5.246797000000000000e+06
3.953000000000000114e+01 5.694000000000000000e+06
3.874000000000000199e+01 6.192899000000000000e+06
3.892000000000000171e+01 1.504055400000000000e+07
4.052000000000000313e+01 8.104680000000000000e+06
4.132000000000000028e+01 1.055230200000000000e+07
4.114000000000000057e+01 1.343244600000000000e+07
3.940999999999999659e+01 1.513239100000000000e+07
3.992999999999999972e+01 9.789562000000000000e+06
3.984000000000000341e+01 6.363503000000000000e+06
3.927000000000000313e+01 5.013862000000000000e+06
3.938000000000000256e+01 5.299665000000000000e+06
3.949000000000000199e+01 9.539513000000000000e+06
3.849000000000000199e+01 7.655723000000000000e+06
3.857000000000000028e+01 4.990510000000000000e+06
3.815999999999999659e+01 5.940909000000000000e+06
3.897999999999999687e+01 5.340266000000000000e+06
3.903999999999999915e+01 7.200095000000000000e+06
3.902000000000000313e+01 7.656878000000000000e+06
3.915999999999999659e+01 1.289594100000000000e+07
3.925000000000000000e+01 1.408528200000000000e+07
3.814000000000000057e+01 2.393989900000000000e+07
3.749000000000000199e+01 8.594979000000000000e+06
3.674000000000000199e+01 5.209549000000000000e+06
3.646999999999999886e+01 8.091152000000000000e+06
3.547999999999999687e+01 8.415202000000000000e+06
3.600000000000000000e+01 1.047624300000000000e+07
3.575999999999999801e+01 9.652780000000000000e+06
3.631000000000000227e+01 9.022079000000000000e+06
3.635999999999999943e+01 1.207060000000000000e+07
3.546000000000000085e+01 9.152381000000000000e+06
3.429999999999999716e+01 9.437119000000000000e+06
3.352000000000000313e+01 1.317007600000000000e+07
3.289999999999999858e+01 8.636453000000000000e+06
3.270000000000000284e+01 1.643915400000000000e+07
3.360999999999999943e+01 2.062896600000000000e+07
3.507000000000000028e+01 1.624583700000000000e+07
3.717000000000000171e+01 1.021225800000000000e+07
3.700999999999999801e+01 1.454310300000000000e+07
3.682999999999999829e+01 1.731056700000000000e+07
3.707999999999999829e+01 1.735604300000000000e+07
3.614000000000000057e+01 2.120108100000000000e+07
3.424000000000000199e+01 2.037856900000000000e+07
3.158999999999999986e+01 1.271168200000000000e+07
3.196999999999999886e+01 8.616958000000000000e+06
3.146999999999999886e+01 7.591779000000000000e+06
3.169000000000000128e+01 9.443981000000000000e+06
3.119999999999999929e+01 9.978942000000000000e+06
3.119999999999999929e+01 1.317058800000000000e+07
3.220000000000000284e+01 6.674703000000000000e+06
3.231000000000000227e+01 1.217435600000000000e+07
3.286999999999999744e+01 7.749477000000000000e+06
3.211999999999999744e+01 8.069449000000000000e+06
3.307999999999999829e+01 7.853995000000000000e+06
3.303999999999999915e+01 8.937358000000000000e+06
3.268999999999999773e+01 7.848846000000000000e+06
3.313000000000000256e+01 1.104108300000000000e+07
3.397999999999999687e+01 8.441271000000000000e+06
3.431000000000000227e+01 1.122771700000000000e+07
3.475000000000000000e+01 1.228771600000000000e+07
3.620000000000000284e+01 4.481936000000000000e+06
3.647999999999999687e+01 4.106713000000000000e+06
3.707999999999999829e+01 3.436624000000000000e+06
3.660999999999999943e+01 4.930147000000000000e+06
3.707000000000000028e+01 2.133437000000000000e+06
3.710999999999999943e+01 7.579531000000000000e+06
3.680499999999999972e+01 6.030899000000000000e+06
3.607999999999999829e+01 5.856044000000000000e+06
3.497999999999999687e+01 1.374594800000000000e+07
3.553999999999999915e+01 6.454069000000000000e+06
3.597999999999999687e+01 7.076271000000000000e+06
3.632000000000000028e+01 1.170985100000000000e+07
3.500999999999999801e+01 5.803074000000000000e+06
3.468999999999999773e+01 8.309205000000000000e+06
3.549000000000000199e+01 6.949734000000000000e+06
3.507000000000000028e+01 7.381669000000000000e+06
3.560000000000000142e+01 7.420819000000000000e+06
3.515999999999999659e+01 4.917953000000000000e+06
3.561999999999999744e+01 1.066434900000000000e+07
3.422999999999999687e+01 7.311905000000000000e+06
3.514999999999999858e+01 5.762384000000000000e+06
3.517000000000000171e+01 1.489392700000000000e+07
3.525999999999999801e+01 9.357310000000000000e+06
3.517999999999999972e+01 2.550193000000000000e+06
3.535999999999999943e+01 3.882189000000000000e+06
3.511999999999999744e+01 8.390058000000000000e+06
3.556000000000000227e+01 6.960964000000000000e+06
3.635999999999999943e+01 4.543444000000000000e+06
3.618999999999999773e+01 5.042281000000000000e+06
3.621999999999999886e+01 8.323149000000000000e+06
3.621000000000000085e+01 7.344143000000000000e+06
3.560999999999999943e+01 6.734488000000000000e+06
3.453000000000000114e+01 7.364367000000000000e+06
3.557000000000000028e+01 1.183585800000000000e+07
3.632999999999999829e+01 1.276246900000000000e+07
3.700000000000000000e+01 3.638442800000000000e+07
3.660000000000000142e+01 1.157151200000000000e+07
3.624000000000000199e+01 1.025684200000000000e+07
3.671000000000000085e+01 9.068886000000000000e+06
3.760000000000000142e+01 1.222675700000000000e+07
3.789999999999999858e+01 1.202522100000000000e+07
3.699000000000000199e+01 1.125492800000000000e+07
3.600999999999999801e+01 1.340924300000000000e+07
3.590999999999999659e+01 2.513725100000000000e+07
3.652000000000000313e+01 1.163434000000000000e+07
3.593999999999999773e+01 8.502406000000000000e+06
3.643999999999999773e+01 1.155464700000000000e+07
3.499000000000000199e+01 8.909138000000000000e+06
3.478999999999999915e+01 8.735516000000000000e+06
3.382999999999999829e+01 9.113873000000000000e+06
3.486999999999999744e+01 6.084245000000000000e+06
3.484000000000000341e+01 5.855686000000000000e+06
3.428999999999999915e+01 5.390718000000000000e+06
3.461999999999999744e+01 9.103243000000000000e+06
3.404999999999999716e+01 8.198250000000000000e+06
3.321999999999999886e+01 8.787712000000000000e+06
3.263000000000000256e+01 3.915468000000000000e+06
3.206000000000000227e+01 5.911405000000000000e+06
3.167000000000000171e+01 9.281454000000000000e+06
3.238000000000000256e+01 6.969581000000000000e+06
3.185999999999999943e+01 7.443781000000000000e+06
3.267000000000000171e+01 6.119068000000000000e+06
3.282999999999999829e+01 7.609776000000000000e+06
3.148000000000000043e+01 9.656980000000000000e+06
3.103999999999999915e+01 1.353726200000000000e+07
3.062999999999999901e+01 1.200814500000000000e+07
3.225000000000000000e+01 7.202535000000000000e+06
3.377000000000000313e+01 6.566750000000000000e+06
3.390999999999999659e+01 6.544533000000000000e+06
3.415999999999999659e+01 5.405501000000000000e+06
3.335000000000000142e+01 8.538006000000000000e+06
3.425000000000000000e+01 1.273646400000000000e+07
3.292000000000000171e+01 1.648813900000000000e+07
3.332000000000000028e+01 7.846799000000000000e+06
3.377000000000000313e+01 7.183907000000000000e+06
3.379999999999999716e+01 1.187486300000000000e+07
3.377000000000000313e+01 7.897681000000000000e+06
3.354999999999999716e+01 9.184211000000000000e+06
3.346000000000000085e+01 1.213450100000000000e+07
3.436999999999999744e+01 1.094688700000000000e+07
3.470000000000000284e+01 7.674452000000000000e+06
3.428999999999999915e+01 7.483792000000000000e+06
3.531000000000000227e+01 6.683814000000000000e+06
3.507000000000000028e+01 7.521045000000000000e+06
3.377000000000000313e+01 1.337595900000000000e+07
3.500000000000000000e+01 1.212376600000000000e+07
3.503999999999999915e+01 8.344820000000000000e+06
3.461999999999999744e+01 1.890957400000000000e+07
3.317000000000000171e+01 2.535036400000000000e+07
3.270000000000000284e+01 1.555708200000000000e+07
3.375000000000000000e+01 1.967658000000000000e+07
3.425000000000000000e+01 1.682414400000000000e+07
3.597999999999999687e+01 1.064566700000000000e+07
3.718999999999999773e+01 6.923402000000000000e+06
3.799000000000000199e+01 4.678847000000000000e+06
3.872999999999999687e+01 4.931711000000000000e+06
3.814000000000000057e+01 6.271143000000000000e+06
3.761999999999999744e+01 7.863525000000000000e+06
3.818999999999999773e+01 2.136667000000000000e+07
3.885000000000000142e+01 8.184004000000000000e+06
3.904999999999999716e+01 7.998929000000000000e+06
3.913000000000000256e+01 8.331310000000000000e+06
3.885000000000000142e+01 7.324116000000000000e+06
3.927000000000000313e+01 9.349565000000000000e+06
3.895000000000000284e+01 1.099221700000000000e+07
3.939000000000000057e+01 1.512657400000000000e+07
3.870000000000000284e+01 1.248058000000000000e+07
3.845000000000000284e+01 1.384509100000000000e+07
3.795000000000000284e+01 1.178843900000000000e+07
3.760000000000000142e+01 1.898601600000000000e+07
3.639000000000000057e+01 1.617991300000000000e+07
3.700000000000000000e+01 1.427430500000000000e+07
3.700999999999999801e+01 1.925015400000000000e+07
3.839000000000000057e+01 2.538085900000000000e+07
3.935000000000000142e+01 3.295457300000000000e+07
4.046999999999999886e+01 5.228650900000000000e+07
