7.665999999999999659e+01 1.683101000000000000e+06
7.457999999999999829e+01 1.693449000000000000e+06
8.062999999999999545e+01 2.336006000000000000e+06
8.148000000000000398e+01 1.267184000000000000e+06
8.068999999999999773e+01 1.650323000000000000e+06
8.348999999999999488e+01 1.408788000000000000e+06
7.773999999999999488e+01 1.673878000000000000e+06
7.879000000000000625e+01 2.202574000000000000e+06
6.935999999999999943e+01 1.657977000000000000e+06
7.084999999999999432e+01 1.744941000000000000e+06
7.384999999999999432e+01 1.763024000000000000e+06
7.301999999999999602e+01 2.286463000000000000e+06
7.987999999999999545e+01 2.899399000000000000e+06
7.070000000000000284e+01 2.588991000000000000e+06
8.379999999999999716e+01 2.306536000000000000e+06
7.681999999999999318e+01 3.090256000000000000e+06
8.926999999999999602e+01 2.605118000000000000e+06
9.600000000000000000e+01 2.773973000000000000e+06
8.995000000000000284e+01 2.194087000000000000e+06
9.435999999999999943e+01 1.800508000000000000e+06
9.729999999999999716e+01 2.131715000000000000e+06
1.023799999999999955e+02 2.502534000000000000e+06
9.829999999999999716e+01 3.038576000000000000e+06
1.004399999999999977e+02 2.626260000000000000e+06
1.005799999999999983e+02 4.208967000000000000e+06
9.479999999999999716e+01 3.170614000000000000e+06
9.612999999999999545e+01 1.667776000000000000e+06
9.659999999999999432e+01 2.817561000000000000e+06
9.634000000000000341e+01 2.599047000000000000e+06
9.818999999999999773e+01 1.841305000000000000e+06
1.015600000000000023e+02 2.961457000000000000e+06
1.042399999999999949e+02 1.717998000000000000e+06
1.032300000000000040e+02 2.148373000000000000e+06
1.060199999999999960e+02 1.661064000000000000e+06
1.091700000000000017e+02 1.649398000000000000e+06
1.117300000000000040e+02 1.584294000000000000e+06
1.085900000000000034e+02 1.625721000000000000e+06
1.053499999999999943e+02 1.867892000000000000e+06
1.051500000000000057e+02 2.422368000000000000e+06
1.097699999999999960e+02 1.802847000000000000e+06
1.113199999999999932e+02 1.773863000000000000e+06
1.078900000000000006e+02 1.961138000000000000e+06
1.075600000000000023e+02 1.939940000000000000e+06
1.058599999999999994e+02 3.557628000000000000e+06
1.117900000000000063e+02 5.783151000000000000e+06
1.125699999999999932e+02 2.211712000000000000e+06
1.135600000000000023e+02 1.704484000000000000e+06
1.099800000000000040e+02 1.739491000000000000e+06
1.133900000000000006e+02 2.411997000000000000e+06
1.186800000000000068e+02 2.014386000000000000e+06
1.163299999999999983e+02 1.281772000000000000e+06
1.148700000000000045e+02 9.970370000000000000e+05
1.147399999999999949e+02 1.376435000000000000e+06
1.137999999999999972e+02 1.443548000000000000e+06
1.125000000000000000e+02 1.637780000000000000e+06
1.159099999999999966e+02 1.518051000000000000e+06
1.157399999999999949e+02 1.866710000000000000e+06
1.134200000000000017e+02 2.412968000000000000e+06
1.119599999999999937e+02 1.676342000000000000e+06
1.129200000000000017e+02 1.735293000000000000e+06
1.112300000000000040e+02 1.677244000000000000e+06
1.116400000000000006e+02 3.186472000000000000e+06
1.123400000000000034e+02 2.695805000000000000e+06
1.159599999999999937e+02 1.870613000000000000e+06
1.162300000000000040e+02 7.460120000000000000e+05
1.162099999999999937e+02 6.819990000000000000e+05
1.168400000000000034e+02 7.251250000000000000e+05
1.175999999999999943e+02 5.305020000000000000e+05
1.179599999999999937e+02 4.885290000000000000e+05
1.169399999999999977e+02 9.682400000000000000e+05
1.166700000000000017e+02 2.608483000000000000e+06
1.172800000000000011e+02 1.923466000000000000e+06
1.152900000000000063e+02 2.173714000000000000e+06
1.143499999999999943e+02 2.006111000000000000e+06
1.150000000000000000e+02 2.077122000000000000e+06
1.134099999999999966e+02 1.790140000000000000e+06
1.153499999999999943e+02 2.156279000000000000e+06
1.138400000000000034e+02 2.614127000000000000e+06
1.098599999999999994e+02 1.574909000000000000e+06
1.084399999999999977e+02 2.209481000000000000e+06
1.066200000000000045e+02 1.489690000000000000e+06
1.057999999999999972e+02 1.118404000000000000e+06
1.040300000000000011e+02 1.377535000000000000e+06
1.021400000000000006e+02 1.905267000000000000e+06
1.029699999999999989e+02 1.435402000000000000e+06
1.042099999999999937e+02 7.105030000000000000e+05
1.050300000000000011e+02 1.237261000000000000e+06
1.041099999999999994e+02 1.313709000000000000e+06
1.043100000000000023e+02 9.490300000000000000e+05
1.017199999999999989e+02 1.137907000000000000e+06
1.009000000000000057e+02 1.311767000000000000e+06
1.018900000000000006e+02 1.329864000000000000e+06
1.028400000000000034e+02 1.198791000000000000e+06
1.032500000000000000e+02 1.241671000000000000e+06
1.037500000000000000e+02 9.415400000000000000e+05
1.037000000000000028e+02 1.080227000000000000e+06
1.038900000000000006e+02 2.260849000000000000e+06
1.025799999999999983e+02 1.939046000000000000e+06
1.022900000000000063e+02 2.182440000000000000e+06
1.040400000000000063e+02 2.867977000000000000e+06
1.013100000000000023e+02 2.482472000000000000e+06
1.014000000000000057e+02 3.153326000000000000e+06
1.012999999999999972e+02 3.134050000000000000e+06
1.015100000000000051e+02 4.365916000000000000e+06
9.721999999999999886e+01 8.885289000000000000e+06
8.085999999999999943e+01 2.917183000000000000e+06
7.984999999999999432e+01 1.293238000000000000e+06
7.984999999999999432e+01 7.035300000000000000e+05
8.031999999999999318e+01 8.103600000000000000e+05
7.901999999999999602e+01 7.295240000000000000e+05
7.940999999999999659e+01 6.771780000000000000e+05
7.868000000000000682e+01 8.245370000000000000e+05
7.832999999999999829e+01 8.191860000000000000e+05
7.875000000000000000e+01 8.922640000000000000e+05
7.759000000000000341e+01 8.240100000000000000e+05
7.895999999999999375e+01 1.425165000000000000e+06
7.906999999999999318e+01 1.143689000000000000e+06
7.984000000000000341e+01 1.314121000000000000e+06
7.734000000000000341e+01 6.018250000000000000e+05
7.735999999999999943e+01 1.662613000000000000e+06
7.679999999999999716e+01 1.878782000000000000e+06
7.329000000000000625e+01 6.507240000000000000e+05
7.245999999999999375e+01 1.246421000000000000e+06
7.395999999999999375e+01 1.281884000000000000e+06
7.487999999999999545e+01 1.004122000000000000e+06
7.282999999999999829e+01 1.052624000000000000e+06
7.137000000000000455e+01 7.877450000000000000e+05
7.317000000000000171e+01 8.257990000000000000e+05
7.414000000000000057e+01 7.877860000000000000e+05
7.323000000000000398e+01 1.039043000000000000e+06
7.509999999999999432e+01 9.995200000000000000e+05
7.693000000000000682e+01 8.082000000000000000e+05
7.671999999999999886e+01 9.227740000000000000e+05
7.735999999999999943e+01 1.057402000000000000e+06
7.598000000000000398e+01 2.060900000000000000e+06
7.518999999999999773e+01 1.020253000000000000e+06
7.670000000000000284e+01 1.212951000000000000e+06
7.634999999999999432e+01 1.338502000000000000e+06
7.721999999999999886e+01 8.426000000000000000e+05
7.751000000000000512e+01 1.006408000000000000e+06
7.779999999999999716e+01 1.212427000000000000e+06
7.626999999999999602e+01 1.429158000000000000e+06
7.679999999999999716e+01 1.398599000000000000e+06
7.600000000000000000e+01 1.122117000000000000e+06
7.545000000000000284e+01 8.561670000000000000e+05
7.517000000000000171e+01 1.110588000000000000e+06
7.237000000000000455e+01 6.885510000000000000e+05
7.028000000000000114e+01 1.043232000000000000e+06
7.143000000000000682e+01 1.307061000000000000e+06
7.151000000000000512e+01 1.367920000000000000e+06
6.956999999999999318e+01 1.701901000000000000e+06
7.020999999999999375e+01 1.030668000000000000e+06
7.079999999999999716e+01 8.679890000000000000e+05
7.034000000000000341e+01 1.933329000000000000e+06
7.348999999999999488e+01 1.356594000000000000e+06
7.468999999999999773e+01 1.077258000000000000e+06
7.306000000000000227e+01 9.957010000000000000e+05
7.201999999999999602e+01 1.359910000000000000e+06
7.160999999999999943e+01 1.179560000000000000e+06
7.010999999999999943e+01 1.091359000000000000e+06
6.978000000000000114e+01 1.042533000000000000e+06
7.170000000000000284e+01 1.155423000000000000e+06
6.939000000000000057e+01 1.004309000000000000e+06
6.948999999999999488e+01 1.460393000000000000e+06
7.206000000000000227e+01 1.542754000000000000e+06
7.076999999999999602e+01 1.354634000000000000e+06
7.014000000000000057e+01 1.598951000000000000e+06
6.815000000000000568e+01 1.722695000000000000e+06
7.089000000000000057e+01 2.646400000000000000e+06
7.134000000000000341e+01 2.818939000000000000e+06
7.329000000000000625e+01 1.722781000000000000e+06
7.548999999999999488e+01 8.440330000000000000e+05
7.468000000000000682e+01 9.120670000000000000e+05
7.492000000000000171e+01 8.594610000000000000e+05
7.473000000000000398e+01 8.771410000000000000e+05
7.532999999999999829e+01 1.360089000000000000e+06
7.389000000000000057e+01 7.380910000000000000e+05
7.279999999999999716e+01 9.723330000000000000e+05
7.129000000000000625e+01 1.030523000000000000e+06
7.123999999999999488e+01 1.389092000000000000e+06
7.051999999999999602e+01 1.042694000000000000e+06
7.054999999999999716e+01 1.502147000000000000e+06
7.068999999999999773e+01 1.367914000000000000e+06
7.026000000000000512e+01 8.394670000000000000e+05
6.934000000000000341e+01 6.120560000000000000e+05
6.934000000000000341e+01 9.429460000000000000e+05
6.962999999999999545e+01 8.125220000000000000e+05
6.895999999999999375e+01 7.861280000000000000e+05
6.896999999999999886e+01 6.265250000000000000e+05
6.898999999999999488e+01 8.882110000000000000e+05
6.962000000000000455e+01 1.168081000000000000e+06
7.057999999999999829e+01 3.086274000000000000e+06
6.660999999999999943e+01 1.240203000000000000e+06
6.706000000000000227e+01 1.260909000000000000e+06
6.564000000000000057e+01 1.142132000000000000e+06
6.346000000000000085e+01 9.233910000000000000e+05
6.454999999999999716e+01 1.198127000000000000e+06
6.389000000000000057e+01 2.202775000000000000e+06
6.484000000000000341e+01 1.472061000000000000e+06
6.559000000000000341e+01 9.232290000000000000e+05
6.509000000000000341e+01 1.380671000000000000e+06
6.165999999999999659e+01 7.412180000000000000e+05
6.150000000000000000e+01 1.273286000000000000e+06
6.331000000000000227e+01 7.768710000000000000e+05
6.278000000000000114e+01 1.317710000000000000e+06
6.431000000000000227e+01 1.891408000000000000e+06
6.550000000000000000e+01 1.886418000000000000e+06
6.437999999999999545e+01 1.053566000000000000e+06
6.345000000000000284e+01 1.022072000000000000e+06
6.343999999999999773e+01 1.207421000000000000e+06
6.418000000000000682e+01 1.643395000000000000e+06
6.188000000000000256e+01 1.619138000000000000e+06
6.117999999999999972e+01 1.284584000000000000e+06
6.186999999999999744e+01 1.261072000000000000e+06
6.207999999999999829e+01 1.566032000000000000e+06
6.072999999999999687e+01 1.842762000000000000e+06
6.229999999999999716e+01 3.575720000000000000e+06
6.065999999999999659e+01 2.774532000000000000e+06
6.020000000000000284e+01 2.531863000000000000e+06
6.153999999999999915e+01 4.127067000000000000e+06
6.127000000000000313e+01 3.119321000000000000e+06
6.392999999999999972e+01 3.317346000000000000e+06
6.810999999999999943e+01 3.384224000000000000e+06
7.334999999999999432e+01 9.892440000000000000e+05
7.285999999999999943e+01 1.037339000000000000e+06
7.104999999999999716e+01 1.923366000000000000e+06
7.506999999999999318e+01 1.897157000000000000e+06
7.515000000000000568e+01 2.571286000000000000e+06
7.618000000000000682e+01 4.752625000000000000e+06
7.368000000000000682e+01 2.142836000000000000e+06
7.432999999999999829e+01 1.128498000000000000e+06
7.518000000000000682e+01 1.472711000000000000e+06
7.675000000000000000e+01 1.198412000000000000e+06
7.557999999999999829e+01 1.743436000000000000e+06
7.560999999999999943e+01 1.424427000000000000e+06
7.545000000000000284e+01 1.237356000000000000e+06
7.498999999999999488e+01 2.006267000000000000e+06
7.729999999999999716e+01 1.063247000000000000e+06
7.725000000000000000e+01 1.316237000000000000e+06
7.659999999999999432e+01 1.650992000000000000e+06
7.601000000000000512e+01 1.185515000000000000e+06
7.668000000000000682e+01 9.346090000000000000e+05
7.656000000000000227e+01 1.329046000000000000e+06
7.831000000000000227e+01 2.131521000000000000e+06
7.639000000000000057e+01 6.728480000000000000e+05
7.718999999999999773e+01 9.868910000000000000e+05
7.604999999999999716e+01 1.352021000000000000e+06
7.623000000000000398e+01 1.309645000000000000e+06
7.521999999999999886e+01 8.194240000000000000e+05
7.525000000000000000e+01 6.655360000000000000e+05
7.489000000000000057e+01 6.241330000000000000e+05
7.404000000000000625e+01 1.032679000000000000e+06
7.440999999999999659e+01 1.178118000000000000e+06
7.406999999999999318e+01 1.149070000000000000e+06
7.320999999999999375e+01 9.283280000000000000e+05
7.173000000000000398e+01 9.399800000000000000e+05
7.023000000000000398e+01 4.847640000000000000e+05
7.056999999999999318e+01 8.236070000000000000e+05
7.115000000000000568e+01 7.964180000000000000e+05
7.087000000000000455e+01 6.992580000000000000e+05
7.167000000000000171e+01 1.050172000000000000e+06
7.389000000000000057e+01 2.571451000000000000e+06
6.912000000000000455e+01 1.001473000000000000e+06
7.010999999999999943e+01 8.471450000000000000e+05
6.982999999999999829e+01 9.053470000000000000e+05
6.965999999999999659e+01 1.440340000000000000e+06
6.865000000000000568e+01 8.616580000000000000e+05
6.909000000000000341e+01 1.141972000000000000e+06
6.923999999999999488e+01 6.904600000000000000e+05
6.937000000000000455e+01 9.397700000000000000e+05
6.857999999999999829e+01 1.012037000000000000e+06
6.834999999999999432e+01 1.107597000000000000e+06
6.906999999999999318e+01 1.067246000000000000e+06
6.985999999999999943e+01 1.010498000000000000e+06
7.004999999999999716e+01 9.302560000000000000e+05
7.050000000000000000e+01 1.182367000000000000e+06
7.014000000000000057e+01 1.199948000000000000e+06
6.934999999999999432e+01 1.120104000000000000e+06
6.914000000000000057e+01 1.282253000000000000e+06
6.870000000000000284e+01 1.781472000000000000e+06
6.779999999999999716e+01 1.470178000000000000e+06
6.606000000000000227e+01 1.377425000000000000e+06
6.585999999999999943e+01 1.730008000000000000e+06
6.487000000000000455e+01 1.666201000000000000e+06
6.515999999999999659e+01 1.532899000000000000e+06
6.467000000000000171e+01 1.671230000000000000e+06
6.490000000000000568e+01 1.429307000000000000e+06
6.518000000000000682e+01 1.595446000000000000e+06
6.450000000000000000e+01 1.175054000000000000e+06
6.451000000000000512e+01 3.754395000000000000e+06
6.653000000000000114e+01 1.868409000000000000e+06
6.862999999999999545e+01 2.133832000000000000e+06
6.604000000000000625e+01 8.406270000000000000e+05
6.595999999999999375e+01 8.914880000000000000e+05
6.592000000000000171e+01 5.893860000000000000e+05
6.535999999999999943e+01 9.921700000000000000e+05
6.553000000000000114e+01 6.362460000000000000e+05
6.365999999999999659e+01 1.217625000000000000e+06
6.509000000000000341e+01 9.217390000000000000e+05
6.576000000000000512e+01 1.463507000000000000e+06
6.338000000000000256e+01 9.557660000000000000e+05
6.190999999999999659e+01 7.964900000000000000e+05
6.193999999999999773e+01 7.378760000000000000e+05
6.328000000000000114e+01 8.881980000000000000e+05
6.225000000000000000e+01 9.988090000000000000e+05
6.140999999999999659e+01 7.357160000000000000e+05
6.156000000000000227e+01 6.419680000000000000e+05
6.117999999999999972e+01 1.259698000000000000e+06
6.368999999999999773e+01 1.506371000000000000e+06
6.185999999999999943e+01 3.203042000000000000e+06
6.045000000000000284e+01 1.986299000000000000e+06
5.936999999999999744e+01 1.505160000000000000e+06
5.978000000000000114e+01 1.093649000000000000e+06
5.936999999999999744e+01 1.976781000000000000e+06
5.564000000000000057e+01 2.864286000000000000e+06
6.117999999999999972e+01 7.257730000000000000e+05
6.072999999999999687e+01 8.090820000000000000e+05
6.078999999999999915e+01 1.108098000000000000e+06
6.039000000000000057e+01 9.916220000000000000e+05
6.002000000000000313e+01 8.658400000000000000e+05
5.646999999999999886e+01 6.433380000000000000e+05
5.767999999999999972e+01 2.590467000000000000e+06
5.979999999999999716e+01 1.863722000000000000e+06
5.964000000000000057e+01 1.165234000000000000e+06
6.170000000000000284e+01 1.028077000000000000e+06
6.034000000000000341e+01 1.154412000000000000e+06
6.052000000000000313e+01 1.650705000000000000e+06
6.077000000000000313e+01 1.065004000000000000e+06
6.064000000000000057e+01 1.219655000000000000e+06
5.957999999999999829e+01 1.245242000000000000e+06
5.952000000000000313e+01 1.600046000000000000e+06
6.113000000000000256e+01 1.104937000000000000e+06
6.271999999999999886e+01 2.309770000000000000e+06
6.415999999999999659e+01 1.589571000000000000e+06
6.775000000000000000e+01 1.440121000000000000e+06
6.581000000000000227e+01 1.711226000000000000e+06
6.529000000000000625e+01 9.060180000000000000e+05
6.701999999999999602e+01 1.146495000000000000e+06
6.482999999999999829e+01 7.684460000000000000e+05
6.546999999999999886e+01 1.092945000000000000e+06
6.432999999999999829e+01 4.644450000000000000e+05
6.357999999999999829e+01 1.792412000000000000e+06
6.202000000000000313e+01 2.354487000000000000e+06
6.314999999999999858e+01 1.901658000000000000e+06
6.631999999999999318e+01 1.582892000000000000e+06
6.515999999999999659e+01 1.578910000000000000e+06
6.288000000000000256e+01 3.144713000000000000e+06
6.364999999999999858e+01 3.719825000000000000e+06
6.379999999999999716e+01 2.912608000000000000e+06
6.815000000000000568e+01 2.442295000000000000e+06
7.073000000000000398e+01 1.246665000000000000e+06
7.028000000000000114e+01 1.266169000000000000e+06
7.001000000000000512e+01 1.182693000000000000e+06
6.931999999999999318e+01 2.555228000000000000e+06
7.400000000000000000e+01 2.260068000000000000e+06
7.848999999999999488e+01 2.720266000000000000e+06
7.351000000000000512e+01 2.470265000000000000e+06
7.095000000000000284e+01 1.699386000000000000e+06
6.931999999999999318e+01 1.511672000000000000e+06
6.973999999999999488e+01 1.380239000000000000e+06
7.098000000000000398e+01 1.283171000000000000e+06
6.818000000000000682e+01 1.413991000000000000e+06
7.229999999999999716e+01 7.798400000000000000e+05
7.287999999999999545e+01 6.264990000000000000e+05
7.234999999999999432e+01 9.382610000000000000e+05
7.340000000000000568e+01 6.973480000000000000e+05
7.542000000000000171e+01 5.905060000000000000e+05
7.545000000000000284e+01 1.070150000000000000e+06
7.262999999999999545e+01 6.954030000000000000e+05
7.268000000000000682e+01 1.118551000000000000e+06
7.139000000000000057e+01 1.628790000000000000e+06
7.029000000000000625e+01 1.899253000000000000e+06
7.434000000000000341e+01 1.108619000000000000e+06
7.298000000000000398e+01 8.651130000000000000e+05
7.268999999999999773e+01 1.466440000000000000e+06
7.617000000000000171e+01 9.267600000000000000e+05
7.625000000000000000e+01 1.212558000000000000e+06
7.729000000000000625e+01 9.150410000000000000e+05
7.709999999999999432e+01 1.188212000000000000e+06
7.689000000000000057e+01 1.030537000000000000e+06
7.471999999999999886e+01 8.766250000000000000e+05
7.506000000000000227e+01 9.140990000000000000e+05
7.625000000000000000e+01 1.153152000000000000e+06
7.845000000000000284e+01 7.986390000000000000e+05
7.862000000000000455e+01 2.267916000000000000e+06
7.867000000000000171e+01 1.422750000000000000e+06
7.681000000000000227e+01 1.060264000000000000e+06
7.504000000000000625e+01 9.975060000000000000e+05
7.396999999999999886e+01 1.090806000000000000e+06
7.573999999999999488e+01 7.664740000000000000e+05
7.529999999999999716e+01 1.632488000000000000e+06
7.345999999999999375e+01 1.273079000000000000e+06
7.337000000000000455e+01 1.306008000000000000e+06
7.398000000000000398e+01 7.085000000000000000e+05
7.495000000000000284e+01 2.422313000000000000e+06
7.512999999999999545e+01 1.998549000000000000e+06
7.968000000000000682e+01 6.657100000000000000e+05
8.028000000000000114e+01 1.247192000000000000e+06
8.009000000000000341e+01 9.548120000000000000e+05
7.940000000000000568e+01 6.634260000000000000e+05
8.029000000000000625e+01 7.686680000000000000e+05
7.982999999999999829e+01 8.323540000000000000e+05
7.959000000000000341e+01 1.141811000000000000e+06
7.962999999999999545e+01 7.022660000000000000e+05
7.920000000000000284e+01 9.774910000000000000e+05
8.062000000000000455e+01 7.875340000000000000e+05
8.109999999999999432e+01 2.007140000000000000e+06
7.818000000000000682e+01 1.706799000000000000e+06
8.150000000000000000e+01 1.278171000000000000e+06
8.215999999999999659e+01 1.065376000000000000e+06
8.195000000000000284e+01 1.933933000000000000e+06
8.279000000000000625e+01 1.534700000000000000e+06
8.310999999999999943e+01 9.399180000000000000e+05
8.318999999999999773e+01 1.277534000000000000e+06
8.551000000000000512e+01 6.843050000000000000e+05
8.554999999999999716e+01 5.023160000000000000e+05
8.606000000000000227e+01 1.310963000000000000e+06
8.520000000000000284e+01 9.425730000000000000e+05
8.418000000000000682e+01 8.468360000000000000e+05
8.440999999999999659e+01 2.535602000000000000e+06
8.218000000000000682e+01 2.660418000000000000e+06
8.176000000000000512e+01 7.684470000000000000e+05
8.082999999999999829e+01 1.140057000000000000e+06
8.171999999999999886e+01 7.137260000000000000e+05
8.220000000000000284e+01 8.432950000000000000e+05
8.125000000000000000e+01 1.083272000000000000e+06
8.121999999999999886e+01 8.584660000000000000e+05
8.254000000000000625e+01 1.127742000000000000e+06
8.120000000000000284e+01 1.618964000000000000e+06
8.376000000000000512e+01 1.360001000000000000e+06
8.240000000000000568e+01 9.853080000000000000e+05
8.271999999999999886e+01 7.421970000000000000e+05
8.132999999999999829e+01 5.985380000000000000e+05
8.137000000000000455e+01 6.259640000000000000e+05
8.198000000000000398e+01 1.184737000000000000e+06
8.026000000000000512e+01 6.651360000000000000e+05
8.329000000000000625e+01 6.391980000000000000e+05
8.257999999999999829e+01 7.714760000000000000e+05
8.153000000000000114e+01 7.743660000000000000e+05
8.181999999999999318e+01 2.329261000000000000e+06
7.743999999999999773e+01 9.381300000000000000e+05
8.009999999999999432e+01 7.103660000000000000e+05
8.017000000000000171e+01 9.814750000000000000e+05
8.048000000000000398e+01 5.973410000000000000e+05
7.989000000000000057e+01 6.707040000000000000e+05
8.171999999999999886e+01 8.581310000000000000e+05
8.035999999999999943e+01 9.840230000000000000e+05
8.204999999999999716e+01 1.599582000000000000e+06
8.223000000000000398e+01 7.039540000000000000e+05
8.345999999999999375e+01 8.726820000000000000e+05
8.351000000000000512e+01 1.037230000000000000e+06
8.579000000000000625e+01 2.090330000000000000e+06
8.512000000000000455e+01 2.786950000000000000e+06
8.365000000000000568e+01 2.588336000000000000e+06
8.040000000000000568e+01 1.176605000000000000e+06
8.073000000000000398e+01 9.164280000000000000e+05
7.982999999999999829e+01 5.993770000000000000e+05
8.015999999999999659e+01 1.682526000000000000e+06
8.104000000000000625e+01 1.684506000000000000e+06
8.009000000000000341e+01 2.314882000000000000e+06
8.171999999999999886e+01 7.357170000000000000e+05
8.168999999999999773e+01 7.945800000000000000e+05
8.181000000000000227e+01 1.218477000000000000e+06
8.025000000000000000e+01 1.120581000000000000e+06
8.093000000000000682e+01 1.143500000000000000e+06
7.993999999999999773e+01 1.582577000000000000e+06
8.148999999999999488e+01 1.066520000000000000e+06
8.123000000000000398e+01 1.370131000000000000e+06
8.129999999999999716e+01 1.259333000000000000e+06
8.078000000000000114e+01 1.061182000000000000e+06
8.115000000000000568e+01 1.344703000000000000e+06
7.959000000000000341e+01 1.734369000000000000e+06
8.060999999999999943e+01 6.864150000000000000e+05
8.104999999999999716e+01 1.106577000000000000e+06
8.009999999999999432e+01 1.158804000000000000e+06
8.167000000000000171e+01 1.202330000000000000e+06
8.164000000000000057e+01 8.541650000000000000e+05
8.198999999999999488e+01 1.204525000000000000e+06
8.020999999999999375e+01 1.249156000000000000e+06
7.989000000000000057e+01 1.702058000000000000e+06
7.964000000000000057e+01 2.452228000000000000e+06
7.948999999999999488e+01 1.761248000000000000e+06
7.673000000000000398e+01 3.987962000000000000e+06
7.423999999999999488e+01 3.812094000000000000e+06
7.179999999999999716e+01 2.420988000000000000e+06
6.740000000000000568e+01 2.140126000000000000e+06
6.737999999999999545e+01 1.451121000000000000e+06
6.848000000000000398e+01 1.250168000000000000e+06
6.765999999999999659e+01 1.453350000000000000e+06
6.806000000000000227e+01 2.218242000000000000e+06
6.868000000000000682e+01 2.354668000000000000e+06
6.987999999999999545e+01 1.670409000000000000e+06
7.062999999999999545e+01 2.796749000000000000e+06
7.312000000000000455e+01 9.503580000000000000e+05
7.346999999999999886e+01 8.102770000000000000e+05
7.228000000000000114e+01 1.075327000000000000e+06
7.254999999999999716e+01 8.294570000000000000e+05
7.251000000000000512e+01 1.486408000000000000e+06
7.220000000000000284e+01 1.026649000000000000e+06
7.123999999999999488e+01 1.092987000000000000e+06
6.959000000000000341e+01 1.157476000000000000e+06
6.971999999999999886e+01 1.291546000000000000e+06
7.140999999999999659e+01 1.622911000000000000e+06
7.151000000000000512e+01 1.231813000000000000e+06
6.970999999999999375e+01 1.093764000000000000e+06
6.853000000000000114e+01 1.275205000000000000e+06
7.045000000000000284e+01 1.542246000000000000e+06
6.854000000000000625e+01 1.717767000000000000e+06
7.023000000000000398e+01 1.771292000000000000e+06
7.334000000000000341e+01 1.807590000000000000e+06
7.154999999999999716e+01 2.143997000000000000e+06
7.265000000000000568e+01 2.585681000000000000e+06
7.418000000000000682e+01 2.045319000000000000e+06
7.506999999999999318e+01 4.225423000000000000e+06
7.842000000000000171e+01 2.474662000000000000e+06
8.075000000000000000e+01 2.736319000000000000e+06
7.900000000000000000e+01 6.675758000000000000e+06
8.221999999999999886e+01 1.311968000000000000e+06
8.342000000000000171e+01 1.729347000000000000e+06
8.639000000000000057e+01 1.298113000000000000e+06
8.551000000000000512e+01 1.414753000000000000e+06
8.423000000000000398e+01 1.359265000000000000e+06
8.331999999999999318e+01 1.778541000000000000e+06
8.368000000000000682e+01 1.261323000000000000e+06
8.318999999999999773e+01 1.692518000000000000e+06
8.112999999999999545e+01 1.667251000000000000e+06
7.860999999999999943e+01 1.488423000000000000e+06
8.070999999999999375e+01 9.759180000000000000e+05
8.120999999999999375e+01 1.139396000000000000e+06
8.148000000000000398e+01 1.011791000000000000e+06
8.012999999999999545e+01 1.059122000000000000e+06
7.850000000000000000e+01 1.489195000000000000e+06
7.995000000000000284e+01 1.730590000000000000e+06
8.017000000000000171e+01 2.280283000000000000e+06
7.731000000000000227e+01 1.376903000000000000e+06
7.856000000000000227e+01 1.393180000000000000e+06
7.881999999999999318e+01 1.707713000000000000e+06
7.934999999999999432e+01 1.108289000000000000e+06
7.917000000000000171e+01 1.571305000000000000e+06
7.784999999999999432e+01 3.143451000000000000e+06
7.684999999999999432e+01 2.453524000000000000e+06
7.809000000000000341e+01 3.288945000000000000e+06
7.906999999999999318e+01 3.621447000000000000e+06
7.557999999999999829e+01 4.298841000000000000e+06
8.076999999999999602e+01 4.060429000000000000e+06
8.334000000000000341e+01 1.045790500000000000e+07
7.176999999999999602e+01 3.372992000000000000e+06
7.067000000000000171e+01 4.682175000000000000e+06
6.818999999999999773e+01 2.162378000000000000e+06
6.793999999999999773e+01 1.864249000000000000e+06
6.606000000000000227e+01 1.863737000000000000e+06
6.690000000000000568e+01 2.735507000000000000e+06
6.731999999999999318e+01 1.989240000000000000e+06
6.634000000000000341e+01 3.096543000000000000e+06
6.840000000000000568e+01 2.806334000000000000e+06
7.070000000000000284e+01 1.216287000000000000e+06
7.084999999999999432e+01 1.016356000000000000e+06
6.929999999999999716e+01 1.159461000000000000e+06
7.104000000000000625e+01 1.616740000000000000e+06
6.887999999999999545e+01 1.006212000000000000e+06
6.773999999999999488e+01 1.503982000000000000e+06
6.900000000000000000e+01 1.507771000000000000e+06
6.884000000000000341e+01 1.253848000000000000e+06
6.803000000000000114e+01 1.378140000000000000e+06
6.871999999999999886e+01 1.345896000000000000e+06
6.839000000000000057e+01 1.502306000000000000e+06
6.887999999999999545e+01 1.300493000000000000e+06
6.659999999999999432e+01 7.043170000000000000e+05
6.735999999999999943e+01 8.425810000000000000e+05
6.726000000000000512e+01 1.117278000000000000e+06
6.590000000000000568e+01 1.259534000000000000e+06
6.768999999999999773e+01 8.716360000000000000e+05
6.748000000000000398e+01 8.827400000000000000e+05
6.706999999999999318e+01 8.420410000000000000e+05
6.679000000000000625e+01 8.455740000000000000e+05
6.704999999999999716e+01 1.771133000000000000e+06
6.553000000000000114e+01 3.497020000000000000e+06
6.523000000000000398e+01 1.949768000000000000e+06
6.729000000000000625e+01 1.523836000000000000e+06
6.768999999999999773e+01 1.897202000000000000e+06
6.862000000000000455e+01 1.293471000000000000e+06
6.787999999999999545e+01 2.018438000000000000e+06
6.871999999999999886e+01 1.798862000000000000e+06
7.009999999999999432e+01 3.525956000000000000e+06
7.178000000000000114e+01 1.811235000000000000e+06
7.240000000000000568e+01 2.206011000000000000e+06
7.420999999999999375e+01 2.122131000000000000e+06
7.657999999999999829e+01 1.191234000000000000e+06
7.668999999999999773e+01 1.501563000000000000e+06
7.903000000000000114e+01 1.118340000000000000e+06
7.973999999999999488e+01 8.684630000000000000e+05
8.062000000000000455e+01 2.386940000000000000e+05
7.960999999999999943e+01 5.981320000000000000e+05
8.059000000000000341e+01 1.177157000000000000e+06
7.914000000000000057e+01 7.036820000000000000e+05
7.732999999999999829e+01 8.989680000000000000e+05
7.790999999999999659e+01 8.689940000000000000e+05
7.668000000000000682e+01 1.091671000000000000e+06
7.840999999999999659e+01 7.832920000000000000e+05
7.907999999999999829e+01 1.003545000000000000e+06
7.956999999999999318e+01 9.225960000000000000e+05
7.946999999999999886e+01 1.445815000000000000e+06
8.081999999999999318e+01 1.716665000000000000e+06
7.845999999999999375e+01 1.749679000000000000e+06
7.848999999999999488e+01 2.961045000000000000e+06
7.384000000000000341e+01 2.868925000000000000e+06
7.429999999999999716e+01 2.600829000000000000e+06
7.445999999999999375e+01 1.848176000000000000e+06
7.581000000000000227e+01 1.410209000000000000e+06
7.625000000000000000e+01 1.547402000000000000e+06
7.371999999999999886e+01 1.200388000000000000e+06
7.156000000000000227e+01 5.934190000000000000e+05
7.178000000000000114e+01 1.433160000000000000e+06
7.143999999999999773e+01 1.170480000000000000e+06
6.979999999999999716e+01 1.157484000000000000e+06
6.992000000000000171e+01 7.382280000000000000e+05
6.968000000000000682e+01 1.556149000000000000e+06
7.201999999999999602e+01 7.396550000000000000e+05
7.226999999999999602e+01 1.014069000000000000e+06
7.253000000000000114e+01 6.690230000000000000e+05
7.239000000000000057e+01 6.558790000000000000e+05
7.235999999999999943e+01 1.216169000000000000e+06
7.293999999999999773e+01 8.271280000000000000e+05
7.184000000000000341e+01 9.824110000000000000e+05
7.265999999999999659e+01 4.054120000000000000e+05
7.268999999999999773e+01 4.718300000000000000e+05
7.170000000000000284e+01 7.206060000000000000e+05
7.215999999999999659e+01 5.601480000000000000e+05
7.139000000000000057e+01 4.194600000000000000e+05
7.129000000000000625e+01 7.883570000000000000e+05
7.068000000000000682e+01 9.754230000000000000e+05
7.020000000000000284e+01 8.669180000000000000e+05
7.025000000000000000e+01 1.031785000000000000e+06
6.823999999999999488e+01 1.083607000000000000e+06
6.865999999999999659e+01 1.878036000000000000e+06
7.120000000000000284e+01 1.021625000000000000e+06
7.060999999999999943e+01 1.530976000000000000e+06
7.031999999999999318e+01 2.035596000000000000e+06
7.431999999999999318e+01 6.421300000000000000e+05
7.434999999999999432e+01 9.960160000000000000e+05
7.548999999999999488e+01 1.352533000000000000e+06
7.348000000000000398e+01 6.408500000000000000e+05
7.301000000000000512e+01 5.211380000000000000e+05
7.295000000000000284e+01 8.929610000000000000e+05
7.262999999999999545e+01 7.732130000000000000e+05
7.160999999999999943e+01 6.994190000000000000e+05
7.321999999999999886e+01 2.001367000000000000e+06
7.331999999999999318e+01 7.136670000000000000e+05
7.337999999999999545e+01 8.680600000000000000e+05
7.326000000000000512e+01 6.937130000000000000e+05
7.321999999999999886e+01 8.035450000000000000e+05
7.312000000000000455e+01 7.778050000000000000e+05
7.045999999999999375e+01 4.986340000000000000e+05
7.059999999999999432e+01 7.142690000000000000e+05
7.093000000000000682e+01 8.300740000000000000e+05
7.025000000000000000e+01 8.220850000000000000e+05
7.067000000000000171e+01 7.483340000000000000e+05
7.101000000000000512e+01 7.671950000000000000e+05
6.932999999999999829e+01 7.997390000000000000e+05
6.967000000000000171e+01 1.282236000000000000e+06
7.118999999999999773e+01 1.375514000000000000e+06
7.242000000000000171e+01 1.248269000000000000e+06
7.176000000000000512e+01 1.662633000000000000e+06
7.142000000000000171e+01 1.462372000000000000e+06
6.890000000000000568e+01 9.538760000000000000e+05
6.776999999999999602e+01 1.271758000000000000e+06
6.906000000000000227e+01 8.585620000000000000e+05
6.915999999999999659e+01 1.270914000000000000e+06
6.879999999999999716e+01 1.362745000000000000e+06
6.662000000000000455e+01 9.596780000000000000e+05
6.689000000000000057e+01 2.450278000000000000e+06
6.685999999999999943e+01 2.150380000000000000e+06
6.806999999999999318e+01 1.384008000000000000e+06
6.856000000000000227e+01 1.435984000000000000e+06
6.900000000000000000e+01 7.850390000000000000e+05
6.909999999999999432e+01 1.985266000000000000e+06
6.954000000000000625e+01 7.407550000000000000e+05
6.929500000000000171e+01 1.042159000000000000e+06
6.917000000000000171e+01 1.589163000000000000e+06
6.929000000000000625e+01 1.509172000000000000e+06
6.871999999999999886e+01 1.093025000000000000e+06
6.764000000000000057e+01 9.036210000000000000e+05
6.698000000000000398e+01 7.660980000000000000e+05
6.700000000000000000e+01 1.190850000000000000e+06
6.731999999999999318e+01 7.776200000000000000e+05
6.737000000000000455e+01 1.854984000000000000e+06
6.746999999999999886e+01 2.337877000000000000e+06
6.593000000000000682e+01 9.931450000000000000e+05
6.500000000000000000e+01 1.865165000000000000e+06
6.585999999999999943e+01 1.932389000000000000e+06
6.401000000000000512e+01 1.961021000000000000e+06
6.501999999999999602e+01 2.259705000000000000e+06
6.300000000000000000e+01 8.071820000000000000e+05
6.332000000000000028e+01 1.548858000000000000e+06
6.429000000000000625e+01 1.922562000000000000e+06
6.595000000000000284e+01 2.188597000000000000e+06
6.448999999999999488e+01 2.473934000000000000e+06
6.640999999999999659e+01 3.320324000000000000e+06
6.993999999999999773e+01 1.729111000000000000e+06
7.048999999999999488e+01 1.078724000000000000e+06
7.118000000000000682e+01 1.310479000000000000e+06
7.085999999999999943e+01 1.037896000000000000e+06
7.245999999999999375e+01 1.719301000000000000e+06
7.171999999999999886e+01 1.531579000000000000e+06
7.168000000000000682e+01 2.740539000000000000e+06
7.212999999999999545e+01 1.980106000000000000e+06
7.465000000000000568e+01 1.089124000000000000e+06
7.462999999999999545e+01 2.144408000000000000e+06
7.526999999999999602e+01 2.009938000000000000e+06
7.807999999999999829e+01 1.371654000000000000e+06
7.767000000000000171e+01 1.081425000000000000e+06
7.750000000000000000e+01 1.050487000000000000e+06
7.729999999999999716e+01 1.378415000000000000e+06
7.895000000000000284e+01 1.510000000000000000e+06
7.906000000000000227e+01 1.201255000000000000e+06
7.795000000000000284e+01 1.359741000000000000e+06
7.865000000000000568e+01 1.864191000000000000e+06
7.784000000000000341e+01 1.307236000000000000e+06
7.882999999999999829e+01 1.872664000000000000e+06
7.839000000000000057e+01 1.738331000000000000e+06
7.854999999999999716e+01 1.816858000000000000e+06
7.806999999999999318e+01 2.686954000000000000e+06
7.551000000000000512e+01 2.078924000000000000e+06
7.554999999999999716e+01 3.284488000000000000e+06
7.254000000000000625e+01 2.689588000000000000e+06
7.484000000000000341e+01 3.097159000000000000e+06
7.154000000000000625e+01 4.438926000000000000e+06
6.779999999999999716e+01 1.726924000000000000e+06
6.701999999999999602e+01 9.378280000000000000e+05
6.679000000000000625e+01 1.091248000000000000e+06
6.615999999999999659e+01 1.784167000000000000e+06
6.565000000000000568e+01 1.586887000000000000e+06
6.690000000000000568e+01 1.635512000000000000e+06
6.701999999999999602e+01 4.470623000000000000e+06
6.804999999999999716e+01 1.967777000000000000e+06
6.834000000000000341e+01 1.279303000000000000e+06
6.860999999999999943e+01 1.137815000000000000e+06
6.803000000000000114e+01 2.845066000000000000e+06
7.112000000000000455e+01 1.369822000000000000e+06
7.096999999999999886e+01 1.041500000000000000e+06
7.131000000000000227e+01 1.330901000000000000e+06
7.093999999999999773e+01 8.154620000000000000e+05
7.015999999999999659e+01 1.248629000000000000e+06
7.103000000000000114e+01 8.677650000000000000e+05
6.998999999999999488e+01 9.474210000000000000e+05
6.954000000000000625e+01 1.005429000000000000e+06
6.906999999999999318e+01 9.398240000000000000e+05
6.848000000000000398e+01 2.031292000000000000e+06
6.876000000000000512e+01 1.373684000000000000e+06
7.020000000000000284e+01 2.243640000000000000e+06
7.064000000000000057e+01 1.885570000000000000e+06
7.132999999999999829e+01 2.904565000000000000e+06
6.929000000000000625e+01 1.260293000000000000e+06
6.859999999999999432e+01 1.760634000000000000e+06
6.831999999999999318e+01 1.155809000000000000e+06
6.804999999999999716e+01 1.484946000000000000e+06
6.856000000000000227e+01 1.060668000000000000e+06
6.907999999999999829e+01 1.596303000000000000e+06
6.784999999999999432e+01 1.078890000000000000e+06
6.825000000000000000e+01 9.495060000000000000e+05
6.837000000000000455e+01 1.069754000000000000e+06
6.764000000000000057e+01 8.998180000000000000e+05
6.682999999999999829e+01 9.457610000000000000e+05
6.653000000000000114e+01 1.377725000000000000e+06
6.553000000000000114e+01 1.983413000000000000e+06
6.757999999999999829e+01 1.040302000000000000e+06
6.742000000000000171e+01 2.264461000000000000e+06
6.821999999999999886e+01 2.005883000000000000e+06
6.895000000000000284e+01 1.615969000000000000e+06
6.784999999999999432e+01 1.298474000000000000e+06
6.768000000000000682e+01 8.726630000000000000e+05
6.710999999999999943e+01 1.012456000000000000e+06
6.665000000000000568e+01 8.219360000000000000e+05
6.640000000000000568e+01 1.239835000000000000e+06
6.689000000000000057e+01 1.676327000000000000e+06
6.642000000000000171e+01 1.712830000000000000e+06
6.620999999999999375e+01 9.215480000000000000e+05
6.610999999999999943e+01 1.202565000000000000e+06
6.784999999999999432e+01 1.354752000000000000e+06
6.609999999999999432e+01 1.317479000000000000e+06
6.762000000000000455e+01 1.292784000000000000e+06
6.618999999999999773e+01 1.574820000000000000e+06
6.720000000000000284e+01 1.315105000000000000e+06
6.754999999999999716e+01 1.151872000000000000e+06
6.756999999999999318e+01 2.758323000000000000e+06
6.712000000000000455e+01 1.688727000000000000e+06
6.715000000000000568e+01 8.376570000000000000e+05
6.717000000000000171e+01 7.854300000000000000e+05
6.643999999999999773e+01 9.968800000000000000e+05
6.653000000000000114e+01 1.085608000000000000e+06
6.626999999999999602e+01 1.003296000000000000e+06
6.628000000000000114e+01 1.305111000000000000e+06
6.620000000000000284e+01 1.745352000000000000e+06
6.475000000000000000e+01 1.271554000000000000e+06
6.435999999999999943e+01 2.005719000000000000e+06
6.396000000000000085e+01 1.559375000000000000e+06
6.335000000000000142e+01 5.477859000000000000e+06
6.454999999999999716e+01 4.150153000000000000e+06
6.420999999999999375e+01 1.944601000000000000e+06
6.429000000000000625e+01 3.150234000000000000e+06
6.364999999999999858e+01 1.134590000000000000e+06
6.334000000000000341e+01 2.107147000000000000e+06
6.404000000000000625e+01 1.842980000000000000e+06
6.250000000000000000e+01 2.435115000000000000e+06
6.185000000000000142e+01 2.224422000000000000e+06
6.102000000000000313e+01 3.420649000000000000e+06
5.831000000000000227e+01 2.206589000000000000e+06
5.917000000000000171e+01 1.567890000000000000e+06
5.725999999999999801e+01 2.067049000000000000e+06
5.857000000000000028e+01 1.598843000000000000e+06
5.684000000000000341e+01 1.622163000000000000e+06
5.679999999999999716e+01 1.107132000000000000e+06
5.639999999999999858e+01 1.972550000000000000e+06
5.436999999999999744e+01 1.253041000000000000e+06
5.385999999999999943e+01 9.430230000000000000e+05
5.335999999999999943e+01 1.343366000000000000e+06
5.450999999999999801e+01 1.503774000000000000e+06
5.289999999999999858e+01 1.841244000000000000e+06
5.272999999999999687e+01 1.223168000000000000e+06
5.360999999999999943e+01 9.828800000000000000e+05
5.470000000000000284e+01 1.064546000000000000e+06
5.553999999999999915e+01 7.456580000000000000e+05
5.553000000000000114e+01 1.073253000000000000e+06
5.510000000000000142e+01 7.122470000000000000e+05
5.499000000000000199e+01 7.851660000000000000e+05
5.474000000000000199e+01 9.582190000000000000e+05
5.545000000000000284e+01 7.127470000000000000e+05
5.468999999999999773e+01 1.771032000000000000e+06
5.568999999999999773e+01 2.170268000000000000e+06
5.359000000000000341e+01 1.234664000000000000e+06
5.478000000000000114e+01 9.654320000000000000e+05
5.478999999999999915e+01 1.121308000000000000e+06
5.647999999999999687e+01 1.443021000000000000e+06
5.781000000000000227e+01 3.092541000000000000e+06
5.514000000000000057e+01 1.765477000000000000e+06
5.406000000000000227e+01 1.340597000000000000e+06
5.247999999999999687e+01 1.443599000000000000e+06
5.053999999999999915e+01 1.169364000000000000e+06
5.003000000000000114e+01 1.947285000000000000e+06
5.340999999999999659e+01 1.152926000000000000e+06
5.428000000000000114e+01 8.345080000000000000e+05
5.485999999999999943e+01 8.891030000000000000e+05
5.489999999999999858e+01 6.602040000000000000e+05
5.460999999999999943e+01 9.312590000000000000e+05
5.529999999999999716e+01 9.044500000000000000e+05
5.495000000000000284e+01 8.855380000000000000e+05
5.528000000000000114e+01 1.123037000000000000e+06
5.554999999999999716e+01 1.168406000000000000e+06
5.439999999999999858e+01 1.328322000000000000e+06
5.429999999999999716e+01 1.400865000000000000e+06
5.274000000000000199e+01 1.282941000000000000e+06
5.352000000000000313e+01 2.038428000000000000e+06
5.156000000000000227e+01 2.272897000000000000e+06
5.178000000000000114e+01 2.023837000000000000e+06
5.096000000000000085e+01 2.737649000000000000e+06
5.046999999999999886e+01 4.073279000000000000e+06
5.107999999999999829e+01 1.011345600000000000e+07
5.674000000000000199e+01 3.605826000000000000e+06
5.606000000000000227e+01 1.304265000000000000e+06
5.600999999999999801e+01 1.210190000000000000e+06
5.564999999999999858e+01 9.930720000000000000e+05
5.417999999999999972e+01 1.124667000000000000e+06
5.559000000000000341e+01 1.448241000000000000e+06
5.664999999999999858e+01 9.683600000000000000e+05
5.632999999999999829e+01 9.887730000000000000e+05
5.728999999999999915e+01 1.813515000000000000e+06
5.470000000000000284e+01 8.303500000000000000e+05
5.488000000000000256e+01 1.135527000000000000e+06
5.435000000000000142e+01 6.672290000000000000e+05
5.359000000000000341e+01 8.181530000000000000e+05
5.264999999999999858e+01 6.325840000000000000e+05
5.300000000000000000e+01 8.465480000000000000e+05
5.290999999999999659e+01 1.698405000000000000e+06
5.521000000000000085e+01 1.159025000000000000e+06
5.552000000000000313e+01 1.178127000000000000e+06
5.602000000000000313e+01 8.318910000000000000e+05
5.664000000000000057e+01 1.645972000000000000e+06
5.534000000000000341e+01 1.124541000000000000e+06
5.450000000000000000e+01 1.416627000000000000e+06
5.425000000000000000e+01 1.007632000000000000e+06
5.414999999999999858e+01 1.414640000000000000e+06
5.574000000000000199e+01 2.216516000000000000e+06
5.367999999999999972e+01 2.948667000000000000e+06
5.461999999999999744e+01 8.467300000000000000e+05
5.460000000000000142e+01 9.267410000000000000e+05
5.399000000000000199e+01 1.286130000000000000e+06
5.486999999999999744e+01 1.257829000000000000e+06
5.652000000000000313e+01 9.282440000000000000e+05
5.607000000000000028e+01 1.093812000000000000e+06
5.475000000000000000e+01 1.489504000000000000e+06
5.632999999999999829e+01 1.240426000000000000e+06
5.575999999999999801e+01 3.648213000000000000e+06
5.653000000000000114e+01 2.219397000000000000e+06
5.510999999999999943e+01 2.186962000000000000e+06
5.392000000000000171e+01 1.641734000000000000e+06
5.375999999999999801e+01 2.047021000000000000e+06
5.247999999999999687e+01 3.136318000000000000e+06
5.542999999999999972e+01 2.224804000000000000e+06
5.592999999999999972e+01 1.769920000000000000e+06
5.602000000000000313e+01 2.521494000000000000e+06
5.760000000000000142e+01 9.663650000000000000e+05
5.775000000000000000e+01 1.582230000000000000e+06
5.742999999999999972e+01 1.626163000000000000e+06
5.768999999999999773e+01 1.359194000000000000e+06
5.786999999999999744e+01 8.023590000000000000e+05
5.761999999999999744e+01 1.294648000000000000e+06
5.793999999999999773e+01 1.665749000000000000e+06
5.731000000000000227e+01 1.964131000000000000e+06
5.603000000000000114e+01 1.733971000000000000e+06
5.597999999999999687e+01 8.899810000000000000e+05
5.622999999999999687e+01 1.352547000000000000e+06
5.520000000000000284e+01 1.308230000000000000e+06
5.456000000000000227e+01 1.305880000000000000e+06
5.528000000000000114e+01 1.342977000000000000e+06
5.577000000000000313e+01 2.221350000000000000e+06
5.459000000000000341e+01 1.170364000000000000e+06
5.447999999999999687e+01 1.105372000000000000e+06
5.414000000000000057e+01 1.231236000000000000e+06
5.449000000000000199e+01 1.656515000000000000e+06
5.429999999999999716e+01 2.269883000000000000e+06
5.504999999999999716e+01 2.741894000000000000e+06
5.340999999999999659e+01 4.671149000000000000e+06
5.511999999999999744e+01 7.982522000000000000e+06
6.145000000000000284e+01 3.358584000000000000e+06
6.346999999999999886e+01 1.807626000000000000e+06
6.322999999999999687e+01 2.546741000000000000e+06
6.310000000000000142e+01 1.351772000000000000e+06
6.300999999999999801e+01 2.865819000000000000e+06
6.038000000000000256e+01 2.172124000000000000e+06
6.061999999999999744e+01 1.196205000000000000e+06
6.056000000000000227e+01 2.098657000000000000e+06
6.010000000000000142e+01 1.296685000000000000e+06
6.079999999999999716e+01 1.120152000000000000e+06
6.039999999999999858e+01 7.608910000000000000e+05
6.065999999999999659e+01 1.333013000000000000e+06
5.942000000000000171e+01 1.005610000000000000e+06
5.931000000000000227e+01 1.536321000000000000e+06
5.667000000000000171e+01 1.271664000000000000e+06
5.800000000000000000e+01 1.142635000000000000e+06
5.772999999999999687e+01 1.596292000000000000e+06
5.602000000000000313e+01 1.084547000000000000e+06
5.436999999999999744e+01 1.264955000000000000e+06
5.257000000000000028e+01 1.263098000000000000e+06
5.182000000000000028e+01 1.526100000000000000e+06
5.450000000000000000e+01 1.509887000000000000e+06
5.525999999999999801e+01 1.449991000000000000e+06
5.464999999999999858e+01 1.736114000000000000e+06
5.275000000000000000e+01 1.435912000000000000e+06
5.068999999999999773e+01 1.911789000000000000e+06
5.493999999999999773e+01 4.327058000000000000e+06
5.828000000000000114e+01 1.334114000000000000e+06
5.564000000000000057e+01 1.457489000000000000e+06
5.632999999999999829e+01 9.577700000000000000e+05
5.597999999999999687e+01 1.459424000000000000e+06
5.450000000000000000e+01 1.507102000000000000e+06
5.481000000000000227e+01 1.051985000000000000e+06
5.493999999999999773e+01 1.565730000000000000e+06
5.442999999999999972e+01 1.310383000000000000e+06
5.368999999999999773e+01 1.792676000000000000e+06
5.403000000000000114e+01 2.308036000000000000e+06
5.607000000000000028e+01 1.365077000000000000e+06
5.603999999999999915e+01 1.419646000000000000e+06
5.549000000000000199e+01 1.185381000000000000e+06
5.481000000000000227e+01 1.752347000000000000e+06
5.367000000000000171e+01 2.155098000000000000e+06
5.349000000000000199e+01 1.814191000000000000e+06
5.214000000000000057e+01 1.574554000000000000e+06
5.096999999999999886e+01 1.244683000000000000e+06
5.053000000000000114e+01 1.006413000000000000e+06
5.053000000000000114e+01 7.866620000000000000e+05
5.064999999999999858e+01 9.654910000000000000e+05
5.097999999999999687e+01 9.366820000000000000e+05
5.039999999999999858e+01 1.909074000000000000e+06
4.939999999999999858e+01 1.782648000000000000e+06
4.717000000000000171e+01 1.696640000000000000e+06
4.721999999999999886e+01 2.056256000000000000e+06
4.582999999999999829e+01 1.287745000000000000e+06
4.556000000000000227e+01 1.255243000000000000e+06
4.499000000000000199e+01 1.266822000000000000e+06
4.517999999999999972e+01 1.682791000000000000e+06
4.599000000000000199e+01 7.291860000000000000e+05
4.664000000000000057e+01 1.217938000000000000e+06
4.561999999999999744e+01 9.142890000000000000e+05
4.610999999999999943e+01 1.751168000000000000e+06
4.665999999999999659e+01 4.692962000000000000e+06
4.450999999999999801e+01 2.385308000000000000e+06
4.503999999999999915e+01 1.433214000000000000e+06
4.471000000000000085e+01 1.196446000000000000e+06
4.503000000000000114e+01 2.132228000000000000e+06
4.582999999999999829e+01 1.382887000000000000e+06
4.661999999999999744e+01 2.317088000000000000e+06
4.629999999999999716e+01 1.082615000000000000e+06
4.504999999999999716e+01 6.395710000000000000e+05
4.570000000000000284e+01 8.596920000000000000e+05
4.535000000000000142e+01 1.265392000000000000e+06
4.593999999999999773e+01 1.669151000000000000e+06
4.524000000000000199e+01 2.333092000000000000e+06
4.715999999999999659e+01 1.351230000000000000e+06
4.774000000000000199e+01 1.472907000000000000e+06
4.963000000000000256e+01 8.859480000000000000e+05
5.003999999999999915e+01 1.265454000000000000e+06
4.767999999999999972e+01 1.196328000000000000e+06
4.799000000000000199e+01 9.058830000000000000e+05
4.924000000000000199e+01 1.143244000000000000e+06
4.872999999999999687e+01 1.098237000000000000e+06
5.050000000000000000e+01 1.168395000000000000e+06
4.985999999999999943e+01 7.688160000000000000e+05
5.061999999999999744e+01 7.635100000000000000e+05
5.082000000000000028e+01 1.231281000000000000e+06
5.040999999999999659e+01 1.029879000000000000e+06
5.122999999999999687e+01 1.270743000000000000e+06
5.057999999999999829e+01 1.032915000000000000e+06
4.910000000000000142e+01 8.638990000000000000e+05
4.924000000000000199e+01 1.296019000000000000e+06
4.952000000000000313e+01 9.066520000000000000e+05
5.175000000000000000e+01 1.226277000000000000e+06
5.064000000000000057e+01 7.567550000000000000e+05
5.068999999999999773e+01 2.730879000000000000e+06
4.920000000000000284e+01 1.352843000000000000e+06
4.899000000000000199e+01 1.593412000000000000e+06
4.927000000000000313e+01 1.238861000000000000e+06
4.872999999999999687e+01 1.614677000000000000e+06
4.864000000000000057e+01 1.059411000000000000e+06
4.739999999999999858e+01 1.359922000000000000e+06
4.817999999999999972e+01 1.432205000000000000e+06
4.709000000000000341e+01 2.252648000000000000e+06
4.906000000000000227e+01 2.236710000000000000e+06
4.989999999999999858e+01 2.496295000000000000e+06
4.910999999999999943e+01 1.878221000000000000e+06
4.764999999999999858e+01 1.825976000000000000e+06
4.735999999999999943e+01 2.361028000000000000e+06
4.507999999999999829e+01 2.249572000000000000e+06
4.346000000000000085e+01 2.503448000000000000e+06
4.267000000000000171e+01 1.444721000000000000e+06
4.217000000000000171e+01 1.484971000000000000e+06
4.149000000000000199e+01 1.425208000000000000e+06
4.196000000000000085e+01 2.008245000000000000e+06
4.185000000000000142e+01 1.923001000000000000e+06
4.040999999999999659e+01 2.317190000000000000e+06
4.159000000000000341e+01 4.120028000000000000e+06
4.078000000000000114e+01 2.704396000000000000e+06
3.754999999999999716e+01 2.090846000000000000e+06
3.453000000000000114e+01 1.564435000000000000e+06
3.535999999999999943e+01 1.315445000000000000e+06
3.514000000000000057e+01 1.702628000000000000e+06
3.642000000000000171e+01 2.460864000000000000e+06
3.725000000000000000e+01 3.651525000000000000e+06
3.878000000000000114e+01 2.783756000000000000e+06
3.706000000000000227e+01 1.301491000000000000e+06
3.714999999999999858e+01 1.372001000000000000e+06
3.996999999999999886e+01 1.758399000000000000e+06
3.960000000000000142e+01 2.477020000000000000e+06
3.667000000000000171e+01 1.878995000000000000e+06
3.702000000000000313e+01 2.321145000000000000e+06
3.975999999999999801e+01 1.499975000000000000e+06
3.975999999999999801e+01 1.363342000000000000e+06
4.106000000000000227e+01 2.804693000000000000e+06
3.784000000000000341e+01 1.363049000000000000e+06
3.704999999999999716e+01 1.884686000000000000e+06
3.628999999999999915e+01 1.987039000000000000e+06
3.660000000000000142e+01 3.559548000000000000e+06
3.942000000000000171e+01 2.223256000000000000e+06
4.039000000000000057e+01 5.785252000000000000e+06
4.478000000000000114e+01 1.318062000000000000e+06
4.421999999999999886e+01 2.159945000000000000e+06
4.449000000000000199e+01 7.724413000000000000e+06
4.564000000000000057e+01 3.609775000000000000e+06
4.461999999999999744e+01 2.644564000000000000e+06
4.753000000000000114e+01 1.611810000000000000e+06
5.071999999999999886e+01 1.544110000000000000e+06
5.089999999999999858e+01 1.540004000000000000e+06
5.165999999999999659e+01 9.754140000000000000e+05
5.299000000000000199e+01 1.134506000000000000e+06
5.289000000000000057e+01 9.786320000000000000e+05
5.421000000000000085e+01 4.826220000000000000e+05
5.440999999999999659e+01 1.065063000000000000e+06
5.240999999999999659e+01 8.835230000000000000e+05
5.335000000000000142e+01 1.370369000000000000e+06
5.163000000000000256e+01 2.146970000000000000e+06
5.275000000000000000e+01 8.697070000000000000e+05
5.322999999999999687e+01 2.435506000000000000e+06
5.168999999999999773e+01 1.876245000000000000e+06
5.247999999999999687e+01 1.912653000000000000e+06
5.618999999999999773e+01 1.231036000000000000e+06
5.750000000000000000e+01 1.268242000000000000e+06
5.614999999999999858e+01 1.422059000000000000e+06
5.728000000000000114e+01 9.141410000000000000e+05
5.763000000000000256e+01 1.131916000000000000e+06
5.953999999999999915e+01 1.233528000000000000e+06
5.809000000000000341e+01 1.523158000000000000e+06
5.847999999999999687e+01 1.217959000000000000e+06
5.803999999999999915e+01 1.989708000000000000e+06
5.807000000000000028e+01 1.487809000000000000e+06
5.750999999999999801e+01 1.870758000000000000e+06
5.734000000000000341e+01 1.740758000000000000e+06
5.575000000000000000e+01 2.246714000000000000e+06
5.485000000000000142e+01 1.871257000000000000e+06
5.478000000000000114e+01 1.817858000000000000e+06
5.577000000000000313e+01 1.744264000000000000e+06
5.634000000000000341e+01 2.797339000000000000e+06
5.474000000000000199e+01 2.730312000000000000e+06
5.184000000000000341e+01 1.972234000000000000e+06
5.100000000000000000e+01 1.667880000000000000e+06
5.096999999999999886e+01 1.964177000000000000e+06
5.220000000000000284e+01 1.123264000000000000e+06
5.228999999999999915e+01 2.671735000000000000e+06
5.409000000000000341e+01 1.769608000000000000e+06
5.554999999999999716e+01 5.236970000000000000e+06
4.507999999999999829e+01 2.526677000000000000e+06
4.657000000000000028e+01 1.717710000000000000e+06
4.571000000000000085e+01 3.059173000000000000e+06
4.527000000000000313e+01 1.222679000000000000e+06
4.392999999999999972e+01 1.312137000000000000e+06
4.381000000000000227e+01 1.587757000000000000e+06
4.517000000000000171e+01 2.344333000000000000e+06
4.589000000000000057e+01 1.693251000000000000e+06
4.675999999999999801e+01 1.925467000000000000e+06
5.150000000000000000e+01 1.303514000000000000e+06
4.954999999999999716e+01 1.460763000000000000e+06
4.850000000000000000e+01 1.378201000000000000e+06
4.820000000000000284e+01 1.179375000000000000e+06
4.685000000000000142e+01 8.454210000000000000e+05
4.732000000000000028e+01 9.614790000000000000e+05
4.831000000000000227e+01 1.890991000000000000e+06
4.650000000000000000e+01 2.130835000000000000e+06
4.414000000000000057e+01 1.550028000000000000e+06
4.642999999999999972e+01 1.264307000000000000e+06
4.565999999999999659e+01 1.027020000000000000e+06
4.525999999999999801e+01 1.396474000000000000e+06
4.554999999999999716e+01 1.634975000000000000e+06
4.428000000000000114e+01 1.702268000000000000e+06
4.477000000000000313e+01 1.159040000000000000e+06
4.496000000000000085e+01 1.406788000000000000e+06
4.363000000000000256e+01 2.323863000000000000e+06
4.504999999999999716e+01 1.852136000000000000e+06
4.357000000000000028e+01 1.548697000000000000e+06
4.325000000000000000e+01 3.153547000000000000e+06
4.767999999999999972e+01 1.714148000000000000e+06
4.677000000000000313e+01 1.784350000000000000e+06
4.806000000000000227e+01 1.479155000000000000e+06
4.736999999999999744e+01 2.027102000000000000e+06
4.989999999999999858e+01 1.527102000000000000e+06
5.072999999999999687e+01 3.070117000000000000e+06
5.139000000000000057e+01 1.528336000000000000e+06
5.174000000000000199e+01 1.621702000000000000e+06
5.272999999999999687e+01 1.825687000000000000e+06
5.349000000000000199e+01 1.540124000000000000e+06
5.352000000000000313e+01 1.532035000000000000e+06
5.397999999999999687e+01 2.971263000000000000e+06
5.654999999999999716e+01 2.079930000000000000e+06
5.818999999999999773e+01 1.411267000000000000e+06
5.578999999999999915e+01 1.332220000000000000e+06
5.657000000000000028e+01 2.281855000000000000e+06
5.482000000000000028e+01 1.925130000000000000e+06
5.345000000000000284e+01 2.299274000000000000e+06
5.550999999999999801e+01 2.092778000000000000e+06
5.578999999999999915e+01 1.757971000000000000e+06
5.474000000000000199e+01 2.540710000000000000e+06
5.275000000000000000e+01 2.350959000000000000e+06
4.981000000000000227e+01 2.656140000000000000e+06
4.850000000000000000e+01 3.978164000000000000e+06
4.999000000000000199e+01 3.704004000000000000e+06
5.235999999999999943e+01 2.399474000000000000e+06
5.559000000000000341e+01 1.820140000000000000e+06
5.592999999999999972e+01 1.585966000000000000e+06
5.828000000000000114e+01 1.251786000000000000e+06
5.824000000000000199e+01 2.517344000000000000e+06
5.832000000000000028e+01 3.508380000000000000e+06
5.696000000000000085e+01 3.352155000000000000e+06
5.385999999999999943e+01 2.311339000000000000e+06
5.453000000000000114e+01 2.160562000000000000e+06
5.220000000000000284e+01 1.874090000000000000e+06
5.182999999999999829e+01 3.199748000000000000e+06
5.482999999999999829e+01 4.071828000000000000e+06
5.506000000000000227e+01 5.794839000000000000e+06
5.752000000000000313e+01 3.662936000000000000e+06
5.795000000000000284e+01 4.389313000000000000e+06
6.048499999999999943e+01 1.033141700000000000e+07
7.046999999999999886e+01 2.562748000000000000e+06
7.075000000000000000e+01 1.371697000000000000e+06
6.993999999999999773e+01 1.926702000000000000e+06
7.228000000000000114e+01 1.952249000000000000e+06
7.523999999999999488e+01 1.777362000000000000e+06
7.417000000000000171e+01 3.345645000000000000e+06
7.745000000000000284e+01 1.692304000000000000e+06
7.670000000000000284e+01 2.117605000000000000e+06
7.885999999999999943e+01 1.327631000000000000e+06
8.023999999999999488e+01 1.501041000000000000e+06
7.787999999999999545e+01 1.051254000000000000e+06
7.795999999999999375e+01 1.047521000000000000e+06
7.660999999999999943e+01 1.397443000000000000e+06
7.615999999999999659e+01 2.365795000000000000e+06
7.462999999999999545e+01 2.011298000000000000e+06
7.468000000000000682e+01 3.271840000000000000e+06
7.995000000000000284e+01 3.086401000000000000e+06
7.998999999999999488e+01 2.121645000000000000e+06
8.135999999999999943e+01 1.151395000000000000e+06
8.035999999999999943e+01 1.639714000000000000e+06
8.026999999999999602e+01 1.957799000000000000e+06
7.906000000000000227e+01 2.892520000000000000e+06
8.040999999999999659e+01 2.059632300000000000e+07
8.498000000000000398e+01 1.391270000000000000e+06
8.459000000000000341e+01 1.488568000000000000e+06
8.531000000000000227e+01 2.469367000000000000e+06
8.781000000000000227e+01 2.664696000000000000e+06
8.525000000000000000e+01 2.833108000000000000e+06
8.465000000000000568e+01 2.013364000000000000e+06
8.456000000000000227e+01 1.894035000000000000e+06
8.475000000000000000e+01 2.476532000000000000e+06
8.218000000000000682e+01 2.640829000000000000e+06
8.351000000000000512e+01 2.641046000000000000e+06
8.200000000000000000e+01 2.886625900000000000e+07
8.250000000000000000e+01 6.108678000000000000e+06
8.004999999999999716e+01 2.807660000000000000e+06
8.023999999999999488e+01 2.193013000000000000e+06
8.370000000000000284e+01 1.801268000000000000e+06
8.131999999999999318e+01 1.203774000000000000e+06
8.154999999999999716e+01 2.263414000000000000e+06
8.085999999999999943e+01 1.703772000000000000e+06
8.093999999999999773e+01 2.210923000000000000e+06
8.215000000000000568e+01 2.770204000000000000e+06
8.229999999999999716e+01 2.310460000000000000e+06
8.640000000000000568e+01 2.807004000000000000e+06
8.245999999999999375e+01 2.157360000000000000e+06
8.403000000000000114e+01 3.055359000000000000e+06
8.126000000000000512e+01 1.937811000000000000e+06
8.115000000000000568e+01 1.213533000000000000e+06
8.009999999999999432e+01 1.644055000000000000e+06
8.029999999999999716e+01 2.668764000000000000e+06
7.654000000000000625e+01 1.711316000000000000e+06
7.698000000000000398e+01 1.556393000000000000e+06
7.495999999999999375e+01 8.041240000000000000e+05
7.475000000000000000e+01 1.381572000000000000e+06
7.456000000000000227e+01 1.697885000000000000e+06
7.656000000000000227e+01 1.991630000000000000e+06
7.556000000000000227e+01 4.721326000000000000e+06
6.906000000000000227e+01 2.131898000000000000e+06
6.706999999999999318e+01 1.532575000000000000e+06
6.898999999999999488e+01 1.621588000000000000e+06
6.959999999999999432e+01 1.708891000000000000e+06
6.590999999999999659e+01 1.632031000000000000e+06
6.865000000000000568e+01 9.942150000000000000e+05
6.785999999999999943e+01 2.044430000000000000e+06
6.937000000000000455e+01 1.512928000000000000e+06
7.012000000000000455e+01 1.633801000000000000e+06
7.326999999999999602e+01 1.121670000000000000e+06
7.448000000000000398e+01 8.178740000000000000e+05
7.406999999999999318e+01 1.159958000000000000e+06
7.201000000000000512e+01 1.216884000000000000e+06
7.006999999999999318e+01 1.177836000000000000e+06
7.145999999999999375e+01 1.495531000000000000e+06
7.090999999999999659e+01 1.714594000000000000e+06
7.050000000000000000e+01 2.457067000000000000e+06
7.262999999999999545e+01 1.243676000000000000e+06
7.357999999999999829e+01 1.315407000000000000e+06
7.462999999999999545e+01 1.385059000000000000e+06
7.284000000000000341e+01 2.108002000000000000e+06
7.323000000000000398e+01 2.251917000000000000e+06
7.651000000000000512e+01 1.613574000000000000e+06
7.779000000000000625e+01 1.603809000000000000e+06
7.879999999999999716e+01 1.430165000000000000e+06
7.970000000000000284e+01 2.006906000000000000e+06
8.140000000000000568e+01 1.820353000000000000e+06
7.928000000000000114e+01 2.634855000000000000e+06
7.718999999999999773e+01 3.005851000000000000e+06
7.712999999999999545e+01 3.728849000000000000e+06
8.320999999999999375e+01 1.792326000000000000e+06
8.409000000000000341e+01 2.001013000000000000e+06
8.079999999999999716e+01 4.740960000000000000e+06
8.037999999999999545e+01 1.885961000000000000e+06
7.995999999999999375e+01 2.272864000000000000e+06
7.770999999999999375e+01 1.824736000000000000e+06
7.632999999999999829e+01 1.822376000000000000e+06
7.256999999999999318e+01 7.619330000000000000e+05
7.342000000000000171e+01 7.948380000000000000e+05
7.295000000000000284e+01 1.039697000000000000e+06
7.215000000000000568e+01 1.365519000000000000e+06
7.482999999999999829e+01 1.076610000000000000e+06
7.298000000000000398e+01 9.880830000000000000e+05
7.451000000000000512e+01 1.621943000000000000e+06
7.201999999999999602e+01 1.397547000000000000e+06
7.084000000000000341e+01 1.509044000000000000e+06
6.934999999999999432e+01 1.127924000000000000e+06
6.940000000000000568e+01 1.400857000000000000e+06
7.153000000000000114e+01 2.116352000000000000e+06
6.720999999999999375e+01 9.651730000000000000e+05
6.934000000000000341e+01 1.700103000000000000e+06
6.504999999999999716e+01 8.897370000000000000e+05
6.517000000000000171e+01 1.463428000000000000e+06
6.529999999999999716e+01 1.225397000000000000e+06
6.754000000000000625e+01 1.056656000000000000e+06
6.943999999999999773e+01 9.739630000000000000e+05
7.003000000000000114e+01 1.870878000000000000e+06
6.620000000000000284e+01 1.159026000000000000e+06
6.475000000000000000e+01 1.096587000000000000e+06
6.501999999999999602e+01 1.306622000000000000e+06
6.374000000000000199e+01 1.563602000000000000e+06
6.589000000000000057e+01 1.302192000000000000e+06
6.739000000000000057e+01 1.322918000000000000e+06
6.832999999999999829e+01 1.499558000000000000e+06
6.851999999999999602e+01 2.551794000000000000e+06
6.871999999999999886e+01 3.348309000000000000e+06
7.387000000000000455e+01 1.623369000000000000e+06
7.576000000000000512e+01 2.636706000000000000e+06
7.550000000000000000e+01 3.063005000000000000e+06
7.375000000000000000e+01 1.246687000000000000e+06
7.315000000000000568e+01 1.571826000000000000e+06
7.337000000000000455e+01 1.677595000000000000e+06
7.060999999999999943e+01 1.332703000000000000e+06
6.884000000000000341e+01 1.451616000000000000e+06
6.795999999999999375e+01 1.096239000000000000e+06
6.581000000000000227e+01 1.392888000000000000e+06
6.439000000000000057e+01 1.246849000000000000e+06
6.459000000000000341e+01 9.807020000000000000e+05
6.501999999999999602e+01 1.230742000000000000e+06
6.551999999999999602e+01 1.259246000000000000e+06
6.710999999999999943e+01 8.906330000000000000e+05
6.768999999999999773e+01 2.514567000000000000e+06
6.665000000000000568e+01 2.122624000000000000e+06
6.467000000000000171e+01 3.749900000000000000e+06
6.762999999999999545e+01 4.534786000000000000e+06
7.040000000000000568e+01 4.218773000000000000e+06
