1.431000000000000050e+01 9.766160000000000000e+06
1.450999999999999979e+01 1.283430500000000000e+07
1.608999999999999986e+01 1.074668600000000000e+07
1.676999999999999957e+01 7.263385000000000000e+06
1.710000000000000142e+01 1.181890100000000000e+07
1.903000000000000114e+01 1.897595300000000000e+07
1.666000000000000014e+01 1.331949800000000000e+07
1.474000000000000021e+01 1.238493500000000000e+07
1.280000000000000071e+01 1.491608600000000000e+07
1.341000000000000014e+01 1.291084300000000000e+07
1.459999999999999964e+01 1.538895100000000000e+07
1.392999999999999972e+01 1.358027500000000000e+07
1.746000000000000085e+01 1.834981900000000000e+07
1.785000000000000142e+01 1.619217300000000000e+07
2.412999999999999901e+01 1.329642300000000000e+07
2.167000000000000171e+01 1.468789000000000000e+07
2.448999999999999844e+01 1.475930500000000000e+07
2.626999999999999957e+01 1.141568900000000000e+07
2.501999999999999957e+01 1.087726400000000000e+07
2.825000000000000000e+01 1.076366900000000000e+07
2.926000000000000156e+01 1.080785500000000000e+07
3.014000000000000057e+01 8.613889000000000000e+06
2.887000000000000099e+01 9.562522000000000000e+06
3.039000000000000057e+01 1.061453500000000000e+07
2.910000000000000142e+01 1.747604800000000000e+07
2.967999999999999972e+01 1.089480200000000000e+07
3.058999999999999986e+01 9.640680000000000000e+06
3.076000000000000156e+01 9.860695000000000000e+06
3.225000000000000000e+01 8.475622000000000000e+06
3.332999999999999829e+01 4.868351000000000000e+06
3.364000000000000057e+01 4.866365000000000000e+06
3.336999999999999744e+01 5.993446000000000000e+06
3.327000000000000313e+01 5.570003000000000000e+06
3.375000000000000000e+01 5.615783000000000000e+06
3.382000000000000028e+01 4.214423000000000000e+06
3.357999999999999829e+01 7.148132000000000000e+06
3.332999999999999829e+01 9.637521000000000000e+06
3.327000000000000313e+01 7.959509000000000000e+06
3.318999999999999773e+01 6.453448000000000000e+06
3.318999999999999773e+01 5.478233000000000000e+06
3.320989999999999753e+01 6.349044000000000000e+06
3.243500000000000227e+01 6.005854000000000000e+06
3.220649999999999835e+01 7.252883000000000000e+06
3.219659999999999656e+01 6.716696000000000000e+06
3.290189999999999770e+01 6.375840000000000000e+06
3.242510000000000048e+01 4.654142000000000000e+06
3.235549999999999926e+01 6.472240000000000000e+06
3.198799999999999955e+01 8.073115000000000000e+06
3.241510000000000247e+01 1.577323600000000000e+07
3.596159999999999712e+01 8.289272000000000000e+06
3.618019999999999925e+01 5.703041000000000000e+06
3.548479999999999990e+01 5.852897000000000000e+06
3.552450000000000330e+01 5.697579000000000000e+06
3.524640000000000128e+01 5.871486000000000000e+06
3.496820000000000306e+01 5.256365000000000000e+06
3.516689999999999827e+01 7.005073000000000000e+06
3.517680000000000007e+01 3.902753000000000000e+06
3.523640000000000327e+01 4.881680000000000000e+06
3.519669999999999987e+01 3.946035000000000000e+06
3.521659999999999968e+01 4.736655000000000000e+06
3.494830000000000325e+01 3.134079000000000000e+06
3.544509999999999650e+01 5.142220000000000000e+06
3.545499999999999829e+01 3.993939000000000000e+06
3.597160000000000224e+01 3.568061000000000000e+06
3.577289999999999992e+01 2.657664000000000000e+06
3.581260000000000332e+01 2.568063000000000000e+06
3.605100000000000193e+01 2.932245000000000000e+06
3.602120000000000033e+01 2.651531000000000000e+06
3.608080000000000354e+01 1.135046000000000000e+06
3.609080000000000155e+01 3.005234000000000000e+06
3.649810000000000088e+01 1.446164200000000000e+07
3.620000000000000284e+01 6.519818000000000000e+06
3.654769999999999897e+01 6.621585000000000000e+06
3.666700000000000159e+01 8.197921000000000000e+06
3.693520000000000181e+01 6.458139000000000000e+06
3.744180000000000064e+01 4.466733000000000000e+06
3.744180000000000064e+01 5.341934000000000000e+06
3.689540000000000219e+01 4.400724000000000000e+06
3.717360000000000042e+01 4.447934000000000000e+06
3.731269999999999953e+01 4.228344000000000000e+06
3.751140000000000185e+01 4.408346000000000000e+06
3.724309999999999832e+01 4.815270000000000000e+06
3.723319999999999652e+01 6.140542000000000000e+06
3.657750000000000057e+01 4.991325000000000000e+06
3.689540000000000219e+01 4.065891000000000000e+06
3.716369999999999862e+01 1.592322000000000000e+06
3.713389999999999702e+01 3.056280000000000000e+06
3.714379999999999882e+01 4.915216000000000000e+06
3.708420000000000272e+01 5.636844000000000000e+06
3.665699999999999648e+01 3.071904000000000000e+06
3.652790000000000248e+01 3.304253000000000000e+06
3.631929999999999836e+01 3.894215000000000000e+06
3.667690000000000339e+01 3.271415000000000000e+06
3.686560000000000059e+01 4.410472000000000000e+06
3.680599999999999739e+01 4.583846000000000000e+06
3.648810000000000286e+01 3.107144000000000000e+06
3.631929999999999836e+01 2.813880000000000000e+06
3.664710000000000178e+01 3.653690000000000000e+06
3.664710000000000178e+01 3.094888000000000000e+06
3.669680000000000319e+01 4.013147000000000000e+06
3.671659999999999968e+01 4.834683000000000000e+06
3.657750000000000057e+01 4.942596000000000000e+06
3.604110000000000014e+01 7.216837000000000000e+06
3.596159999999999712e+01 4.148471000000000000e+06
3.550469999999999970e+01 3.411131000000000000e+06
3.492210000000000036e+01 5.056895000000000000e+06
3.513929999999999865e+01 3.832645000000000000e+06
3.533679999999999666e+01 4.978112000000000000e+06
3.522820000000000107e+01 5.394299000000000000e+06
3.484309999999999974e+01 4.640790000000000000e+06
3.456669999999999732e+01 4.960474000000000000e+06
3.464569999999999794e+01 5.268997000000000000e+06
3.452720000000000056e+01 4.266534000000000000e+06
3.461610000000000298e+01 6.178612000000000000e+06
3.385580000000000211e+01 7.087523000000000000e+06
3.354970000000000141e+01 6.186339000000000000e+06
3.306589999999999918e+01 4.966620000000000000e+06
3.326339999999999719e+01 5.134031000000000000e+06
3.270060000000000144e+01 4.799200000000000000e+06
3.262160000000000082e+01 5.135216000000000000e+06
3.207860000000000156e+01 4.547399000000000000e+06
3.174289999999999878e+01 4.369710000000000000e+06
3.100240000000000151e+01 4.842175000000000000e+06
3.200950000000000273e+01 3.308859000000000000e+06
3.222670000000000101e+01 3.218049000000000000e+06
3.184159999999999968e+01 4.611358000000000000e+06
3.176259999999999906e+01 5.194041000000000000e+06
3.273020000000000351e+01 5.166502000000000000e+06
3.365829999999999700e+01 4.694503000000000000e+06
3.319429999999999836e+01 4.011137000000000000e+06
3.323380000000000223e+01 3.325114000000000000e+06
3.342139999999999844e+01 3.497959000000000000e+06
3.324369999999999692e+01 6.203021000000000000e+06
3.368800000000000239e+01 5.020451000000000000e+06
3.343119999999999692e+01 8.266766000000000000e+06
3.360900000000000176e+01 3.395793000000000000e+06
3.364849999999999852e+01 2.972356000000000000e+06
3.353000000000000114e+01 2.627351000000000000e+06
3.346090000000000231e+01 2.403842000000000000e+06
3.374719999999999942e+01 3.674502000000000000e+06
3.342139999999999844e+01 4.742557000000000000e+06
3.350039999999999907e+01 3.224478000000000000e+06
3.337199999999999989e+01 3.629814000000000000e+06
3.328309999999999746e+01 5.614900000000000000e+06
3.246370000000000289e+01 2.807043000000000000e+06
3.285860000000000269e+01 4.186879000000000000e+06
3.189099999999999824e+01 5.271094000000000000e+06
3.133810000000000073e+01 5.500001000000000000e+06
3.164420000000000144e+01 3.524571000000000000e+06
3.185150000000000148e+01 3.303728000000000000e+06
3.156520000000000081e+01 5.016646000000000000e+06
3.099249999999999972e+01 4.925755000000000000e+06
3.142699999999999960e+01 4.920921000000000000e+06
3.115050000000000097e+01 5.026238000000000000e+06
3.246370000000000289e+01 3.251020000000000000e+06
3.262160000000000082e+01 2.847220000000000000e+06
3.252289999999999992e+01 3.624084000000000000e+06
3.303629999999999711e+01 6.333219000000000000e+06
3.300670000000000215e+01 4.844727000000000000e+06
3.234519999999999840e+01 6.286007000000000000e+06
3.242419999999999902e+01 6.532370000000000000e+06
3.424090000000000344e+01 4.745275000000000000e+06
3.347070000000000078e+01 7.327071000000000000e+06
3.481349999999999767e+01 3.700870000000000000e+06
3.456669999999999732e+01 3.894180000000000000e+06
3.397429999999999950e+01 5.201058000000000000e+06
3.383610000000000184e+01 4.875364000000000000e+06
3.331280000000000285e+01 5.601715000000000000e+06
3.461610000000000298e+01 3.508590000000000000e+06
3.485150000000000148e+01 4.499500000000000000e+06
3.520479999999999876e+01 5.084334000000000000e+06
3.550889999999999702e+01 2.344030000000000000e+06
3.566590000000000060e+01 1.942946000000000000e+06
3.591120000000000090e+01 2.924410000000000000e+06
3.582289999999999708e+01 3.524216000000000000e+06
3.590140000000000242e+01 4.740454000000000000e+06
3.540100000000000335e+01 4.482548000000000000e+06
3.467490000000000094e+01 5.337774000000000000e+06
3.439039999999999964e+01 6.923211000000000000e+06
3.541080000000000183e+01 5.667630000000000000e+06
3.487120000000000175e+01 3.354492000000000000e+06
3.535190000000000055e+01 3.357698000000000000e+06
3.516550000000000153e+01 3.460873000000000000e+06
3.528329999999999700e+01 4.544851000000000000e+06
3.496929999999999694e+01 3.787208000000000000e+06
3.485150000000000148e+01 3.319658000000000000e+06
3.508700000000000330e+01 4.049405000000000000e+06
3.502810000000000201e+01 5.509540000000000000e+06
3.493979999999999819e+01 5.178295000000000000e+06
3.486129999999999995e+01 2.642347000000000000e+06
3.452770000000000294e+01 4.195399000000000000e+06
3.440999999999999659e+01 6.532299000000000000e+06
3.401749999999999829e+01 7.422837000000000000e+06
3.364470000000000027e+01 5.981235000000000000e+06
3.358579999999999899e+01 4.790948000000000000e+06
3.326200000000000045e+01 3.582099000000000000e+06
3.335029999999999717e+01 4.470756000000000000e+06
3.366429999999999723e+01 7.268990000000000000e+06
3.359559999999999746e+01 4.081500000000000000e+06
3.320320000000000249e+01 5.514158000000000000e+06
3.379189999999999827e+01 4.251447000000000000e+06
3.336999999999999744e+01 3.945636000000000000e+06
3.331110000000000326e+01 3.808241000000000000e+06
3.334049999999999869e+01 3.888185000000000000e+06
3.315409999999999968e+01 4.832775000000000000e+06
3.340919999999999845e+01 8.644453000000000000e+06
3.269290000000000163e+01 1.096337000000000000e+07
3.314430000000000121e+01 7.046104000000000000e+06
3.368390000000000128e+01 8.399167000000000000e+06
3.342880000000000251e+01 9.162519000000000000e+06
3.330129999999999768e+01 1.183412600000000000e+07
3.267329999999999757e+01 1.486268000000000000e+07
3.299710000000000321e+01 5.320746000000000000e+06
3.358579999999999899e+01 7.363941000000000000e+06
3.372319999999999851e+01 6.789850000000000000e+06
3.394890000000000185e+01 4.485253000000000000e+06
3.415489999999999782e+01 3.111107000000000000e+06
3.409599999999999653e+01 3.951209000000000000e+06
3.457679999999999865e+01 4.239031000000000000e+06
3.448850000000000193e+01 7.097840000000000000e+06
3.434129999999999683e+01 4.498788000000000000e+06
3.425300000000000011e+01 3.969729000000000000e+06
3.457679999999999865e+01 5.038114000000000000e+06
3.420400000000000063e+01 5.080162000000000000e+06
3.411569999999999681e+01 5.217385000000000000e+06
3.335029999999999717e+01 6.193899000000000000e+06
3.435110000000000241e+01 6.703777000000000000e+06
3.375260000000000105e+01 6.861288000000000000e+06
3.318350000000000222e+01 3.255379000000000000e+06
3.336010000000000275e+01 3.253920000000000000e+06
3.364470000000000027e+01 2.441503000000000000e+06
3.369369999999999976e+01 2.621322000000000000e+06
3.330369999999999919e+01 3.320521000000000000e+06
3.331340000000000146e+01 3.959519000000000000e+06
3.381080000000000041e+01 4.130477000000000000e+06
3.355720000000000169e+01 3.205947000000000000e+06
3.354749999999999943e+01 5.281697000000000000e+06
3.266980000000000217e+01 3.943315000000000000e+06
3.269899999999999807e+01 5.069576000000000000e+06
3.263080000000000069e+01 4.474374000000000000e+06
3.271849999999999881e+01 3.998718000000000000e+06
3.251370000000000005e+01 6.769735000000000000e+06
3.241620000000000346e+01 4.607129000000000000e+06
3.233820000000000050e+01 3.230558000000000000e+06
3.213340000000000174e+01 3.398203000000000000e+06
3.218220000000000169e+01 4.152959000000000000e+06
3.181159999999999854e+01 3.493731000000000000e+06
3.174330000000000140e+01 3.026734000000000000e+06
3.147019999999999840e+01 4.668566000000000000e+06
3.173359999999999914e+01 2.935288000000000000e+06
3.150929999999999964e+01 3.704084000000000000e+06
3.169450000000000145e+01 2.838750000000000000e+06
3.154830000000000112e+01 6.711724000000000000e+06
3.161649999999999849e+01 5.471529000000000000e+06
3.177260000000000062e+01 4.426068000000000000e+06
3.110940000000000083e+01 4.448094000000000000e+06
3.104119999999999990e+01 3.805464000000000000e+06
3.084609999999999985e+01 4.887290000000000000e+06
3.098260000000000147e+01 5.009644000000000000e+06
3.061210000000000164e+01 8.774294000000000000e+06
3.104119999999999990e+01 6.752130000000000000e+06
3.209440000000000026e+01 4.922683000000000000e+06
3.164580000000000126e+01 5.243532000000000000e+06
3.226019999999999754e+01 5.700756000000000000e+06
3.241620000000000346e+01 4.803148000000000000e+06
3.248449999999999704e+01 1.340550300000000000e+07
3.202609999999999957e+01 7.339132000000000000e+06
3.210410000000000252e+01 7.867797000000000000e+06
3.141169999999999973e+01 5.395045000000000000e+06
3.122640000000000171e+01 7.351690000000000000e+06
3.075829999999999842e+01 5.588150000000000000e+06
3.071930000000000049e+01 7.009739000000000000e+06
3.109969999999999857e+01 4.948181000000000000e+06
3.142150000000000176e+01 8.446663000000000000e+06
3.165549999999999997e+01 4.257824000000000000e+06
3.165549999999999997e+01 5.769544000000000000e+06
3.180180000000000007e+01 1.221349500000000000e+07
3.122640000000000171e+01 1.047287200000000000e+07
3.121669999999999945e+01 9.412626000000000000e+06
3.104119999999999990e+01 8.686392000000000000e+06
3.108990000000000009e+01 6.074349000000000000e+06
3.099239999999999995e+01 5.339951000000000000e+06
3.100209999999999866e+01 7.874624000000000000e+06
3.097289999999999921e+01 4.788140000000000000e+06
3.096310000000000073e+01 7.141839000000000000e+06
3.006589999999999918e+01 7.723452000000000000e+06
3.000740000000000052e+01 3.913322000000000000e+06
2.968560000000000088e+01 7.256970000000000000e+06
2.961730000000000018e+01 7.950911000000000000e+06
2.919800000000000040e+01 6.207411000000000000e+06
2.936380000000000123e+01 7.865403000000000000e+06
2.936380000000000123e+01 6.817118000000000000e+06
2.924680000000000035e+01 8.605946000000000000e+06
2.898339999999999961e+01 6.806654000000000000e+06
2.895420000000000016e+01 6.321178000000000000e+06
2.908980000000000032e+01 8.351866000000000000e+06
2.911880000000000024e+01 7.011298000000000000e+06
2.871209999999999951e+01 9.459209000000000000e+06
2.903170000000000073e+01 1.174978300000000000e+07
2.884769999999999968e+01 1.187118000000000000e+07
2.886700000000000088e+01 2.395944900000000000e+07
2.846999999999999886e+01 4.073937000000000000e+07
2.571020000000000039e+01 1.298529400000000000e+07
2.544869999999999877e+01 6.534481000000000000e+06
2.551650000000000063e+01 3.153764000000000000e+06
2.554550000000000054e+01 4.933125000000000000e+06
2.495479999999999876e+01 4.441993000000000000e+06
2.503229999999999933e+01 6.465869000000000000e+06
2.519689999999999941e+01 5.670805000000000000e+06
2.493550000000000111e+01 4.892833000000000000e+06
2.516789999999999949e+01 5.126921000000000000e+06
2.461589999999999989e+01 4.347101000000000000e+06
2.456749999999999901e+01 3.993781000000000000e+06
2.444160000000000110e+01 8.027611000000000000e+06
2.332799999999999940e+01 6.948328000000000000e+06
2.350230000000000175e+01 8.662529000000000000e+06
2.271790000000000020e+01 7.749821000000000000e+06
2.275659999999999883e+01 5.934442000000000000e+06
2.267920000000000158e+01 6.030122000000000000e+06
2.240800000000000125e+01 5.392852000000000000e+06
2.146869999999999834e+01 4.457599000000000000e+06
2.178829999999999956e+01 1.251314100000000000e+07
2.226279999999999859e+01 7.602573000000000000e+06
2.246610000000000085e+01 7.631839000000000000e+06
2.278569999999999851e+01 1.022490100000000000e+07
2.274699999999999989e+01 1.034445800000000000e+07
2.333770000000000167e+01 9.651287000000000000e+06
2.341509999999999891e+01 8.417984000000000000e+06
2.377339999999999876e+01 7.580611000000000000e+06
2.362819999999999965e+01 6.769408000000000000e+06
2.417050000000000054e+01 9.531130000000000000e+06
2.455780000000000030e+01 9.078490000000000000e+06
2.434479999999999933e+01 8.381521000000000000e+06
2.411240000000000094e+01 9.313328000000000000e+06
2.499360000000000070e+01 5.591053000000000000e+06
2.515820000000000078e+01 5.840654000000000000e+06
2.514849999999999852e+01 4.391428000000000000e+06
2.558429999999999893e+01 4.510163000000000000e+06
2.525499999999999901e+01 5.870604000000000000e+06
2.512910000000000110e+01 5.728540000000000000e+06
2.475150000000000006e+01 2.146017000000000000e+06
2.484829999999999828e+01 4.225991000000000000e+06
2.451910000000000167e+01 5.961508000000000000e+06
2.472240000000000038e+01 6.260465000000000000e+06
2.509039999999999893e+01 9.307181000000000000e+06
2.567139999999999844e+01 9.776696000000000000e+06
2.606850000000000023e+01 5.806330000000000000e+06
2.677540000000000120e+01 5.120964000000000000e+06
2.634929999999999950e+01 3.471145000000000000e+06
2.674630000000000152e+01 5.696424000000000000e+06
2.661070000000000135e+01 5.426985000000000000e+06
2.648489999999999966e+01 7.951565000000000000e+06
2.601999999999999957e+01 8.879113000000000000e+06
2.587480000000000047e+01 5.859227000000000000e+06
2.559400000000000119e+01 1.885768500000000000e+07
2.828399999999999892e+01 4.171382000000000000e+06
2.774599999999999866e+01 4.849977000000000000e+06
2.761149999999999949e+01 5.081993000000000000e+06
2.691019999999999968e+01 5.437781000000000000e+06
2.688129999999999953e+01 7.973892000000000000e+06
2.769800000000000040e+01 6.267784000000000000e+06
2.743860000000000099e+01 6.664670000000000000e+06
2.841850000000000165e+01 7.275340000000000000e+06
2.831279999999999930e+01 8.823487000000000000e+06
3.012859999999999872e+01 1.023810000000000000e+07
2.847619999999999862e+01 5.788054000000000000e+06
2.888929999999999865e+01 3.658955000000000000e+06
2.900459999999999994e+01 2.990234000000000000e+06
2.856259999999999977e+01 3.478930000000000000e+06
2.866829999999999856e+01 5.228352000000000000e+06
2.856259999999999977e+01 7.268854000000000000e+06
2.932160000000000011e+01 5.350456000000000000e+06
2.992689999999999984e+01 3.740765000000000000e+06
3.009979999999999833e+01 4.522117000000000000e+06
3.008060000000000045e+01 2.606418000000000000e+06
3.026310000000000144e+01 3.488509000000000000e+06
3.053209999999999980e+01 3.856314000000000000e+06
3.010940000000000083e+01 4.768376000000000000e+06
3.024390000000000001e+01 5.078140000000000000e+06
2.985960000000000036e+01 4.931163000000000000e+06
3.033040000000000092e+01 3.876934000000000000e+06
3.065700000000000003e+01 4.663052000000000000e+06
3.168499999999999872e+01 3.546405000000000000e+06
3.174269999999999925e+01 3.547607000000000000e+06
3.215579999999999927e+01 9.928391000000000000e+06
3.228070000000000306e+01 4.837073000000000000e+06
3.207889999999999731e+01 4.294101000000000000e+06
3.168499999999999872e+01 4.141706000000000000e+06
3.122390000000000043e+01 4.169751000000000000e+06
3.131030000000000157e+01 3.319761000000000000e+06
3.094519999999999982e+01 3.420400000000000000e+06
3.102209999999999823e+01 3.446686000000000000e+06
3.116619999999999990e+01 4.370701000000000000e+06
3.091639999999999944e+01 4.905129000000000000e+06
3.048410000000000153e+01 4.745432000000000000e+06
3.055130000000000123e+01 4.590403000000000000e+06
3.075309999999999988e+01 6.134937000000000000e+06
3.062819999999999965e+01 5.077503000000000000e+06
3.042640000000000100e+01 3.605813000000000000e+06
3.036880000000000024e+01 2.672869000000000000e+06
3.043609999999999971e+01 3.369786000000000000e+06
3.057059999999999889e+01 2.674915000000000000e+06
3.058020000000000138e+01 5.081933000000000000e+06
3.012859999999999872e+01 2.475919000000000000e+06
3.004220000000000113e+01 4.084672000000000000e+06
3.045530000000000115e+01 6.564091000000000000e+06
2.994610000000000127e+01 4.878859000000000000e+06
2.985000000000000142e+01 6.580792000000000000e+06
2.917749999999999844e+01 4.815683000000000000e+06
2.923509999999999920e+01 6.904031000000000000e+06
2.868750000000000000e+01 9.945916000000000000e+06
2.883160000000000167e+01 7.830955000000000000e+06
2.804380000000000095e+01 4.760442000000000000e+06
2.825519999999999854e+01 5.212883000000000000e+06
2.880280000000000129e+01 4.756022000000000000e+06
2.887010000000000076e+01 5.483039000000000000e+06
2.890850000000000009e+01 6.388668000000000000e+06
2.848580000000000112e+01 5.713290000000000000e+06
2.867790000000000106e+01 6.015248000000000000e+06
2.832489999999999952e+01 9.421258000000000000e+06
2.785750000000000171e+01 1.352839500000000000e+07
2.760940000000000083e+01 1.125755300000000000e+07
2.815319999999999823e+01 1.839655500000000000e+07
2.854429999999999978e+01 1.559504000000000000e+07
2.862069999999999936e+01 2.393062000000000000e+07
3.190249999999999986e+01 5.473887000000000000e+06
3.226500000000000057e+01 4.282838000000000000e+06
3.196930000000000049e+01 4.444079000000000000e+06
3.130150000000000077e+01 6.294258000000000000e+06
3.171170000000000044e+01 5.496394000000000000e+06
3.187389999999999901e+01 5.236880000000000000e+06
3.131099999999999994e+01 4.316556000000000000e+06
3.106299999999999883e+01 5.489890000000000000e+06
3.094849999999999923e+01 9.880103000000000000e+06
3.144460000000000122e+01 1.511729300000000000e+07
3.320000000000000284e+01 3.761272000000000000e+06
3.324770000000000181e+01 3.254992000000000000e+06
3.325719999999999743e+01 3.611170000000000000e+06
3.215059999999999718e+01 5.522663000000000000e+06
3.205510000000000304e+01 5.194511000000000000e+06
3.195970000000000155e+01 2.785557000000000000e+06
3.228410000000000224e+01 4.422098000000000000e+06
3.184530000000000172e+01 5.812285000000000000e+06
3.149230000000000018e+01 4.453638000000000000e+06
3.148270000000000124e+01 3.674328000000000000e+06
3.193110000000000070e+01 4.161196000000000000e+06
3.226500000000000057e+01 4.580060000000000000e+06
3.256080000000000041e+01 8.176428000000000000e+06
3.264659999999999940e+01 4.518054000000000000e+06
3.292329999999999757e+01 3.426687000000000000e+06
3.320949999999999847e+01 3.130100000000000000e+06
3.339079999999999870e+01 4.166360000000000000e+06
3.360070000000000334e+01 5.265085000000000000e+06
3.363880000000000337e+01 3.391212000000000000e+06
3.333350000000000080e+01 3.281475000000000000e+06
3.367699999999999960e+01 2.538763000000000000e+06
3.363880000000000337e+01 3.265799000000000000e+06
3.382009999999999650e+01 4.143003000000000000e+06
3.391550000000000153e+01 4.058105000000000000e+06
3.394409999999999883e+01 4.222142000000000000e+06
3.339079999999999870e+01 4.116276000000000000e+06
3.382009999999999650e+01 1.941816000000000000e+06
3.342889999999999873e+01 2.911528000000000000e+06
3.303779999999999717e+01 5.582906000000000000e+06
3.340990000000000038e+01 4.759872000000000000e+06
3.288510000000000133e+01 6.116276000000000000e+06
3.397270000000000323e+01 3.982533000000000000e+06
3.424940000000000140e+01 5.140936000000000000e+06
3.445929999999999893e+01 5.063382000000000000e+06
3.444969999999999999e+01 4.909759000000000000e+06
3.407770000000000010e+01 5.835561000000000000e+06
3.381060000000000088e+01 7.236704000000000000e+06
3.332399999999999807e+01 3.690599000000000000e+06
3.299960000000000093e+01 3.065869000000000000e+06
3.263709999999999667e+01 3.675842000000000000e+06
3.237950000000000017e+01 2.471664000000000000e+06
3.254169999999999874e+01 3.282658000000000000e+06
3.234140000000000015e+01 3.155247000000000000e+06
3.217920000000000158e+01 3.983025000000000000e+06
3.155910000000000082e+01 6.296760000000000000e+06
3.121559999999999846e+01 4.973426000000000000e+06
3.112969999999999970e+01 4.741022000000000000e+06
3.051249999999999929e+01 5.763410000000000000e+06
3.127220000000000155e+01 6.385956000000000000e+06
3.141460000000000008e+01 4.804545000000000000e+06
3.150009999999999977e+01 3.980059000000000000e+06
3.144310000000000116e+01 4.503516000000000000e+06
3.162359999999999971e+01 5.990821000000000000e+06
3.161410000000000053e+01 9.538538000000000000e+06
3.262069999999999936e+01 7.072184000000000000e+06
3.298160000000000025e+01 5.856223000000000000e+06
3.342790000000000106e+01 1.028713000000000000e+07
3.357039999999999935e+01 5.196836000000000000e+06
3.313349999999999795e+01 3.345926000000000000e+06
3.282959999999999923e+01 5.485272000000000000e+06
3.273469999999999658e+01 4.856971000000000000e+06
3.235479999999999734e+01 5.729227000000000000e+06
3.307650000000000290e+01 4.300886000000000000e+06
3.251619999999999777e+01 4.217399000000000000e+06
3.272520000000000095e+01 4.302014000000000000e+06
3.215540000000000020e+01 3.661659000000000000e+06
3.210790000000000077e+01 4.349842000000000000e+06
3.304809999999999803e+01 8.173150000000000000e+06
3.220289999999999964e+01 4.956139000000000000e+06
3.174699999999999989e+01 5.184716000000000000e+06
3.101579999999999870e+01 6.253009000000000000e+06
3.184199999999999875e+01 5.954091000000000000e+06
3.144310000000000116e+01 8.187002000000000000e+06
3.102530000000000143e+01 5.538627000000000000e+06
3.162359999999999971e+01 8.624412000000000000e+06
3.087330000000000041e+01 7.592276000000000000e+06
3.203190000000000026e+01 5.509790000000000000e+06
3.352289999999999992e+01 4.220327000000000000e+06
3.361780000000000257e+01 4.717270000000000000e+06
3.348490000000000322e+01 6.698590000000000000e+06
3.342790000000000106e+01 1.301642000000000000e+07
3.292459999999999809e+01 1.128828900000000000e+07
3.428260000000000218e+01 4.225232000000000000e+06
3.483339999999999748e+01 5.404192000000000000e+06
3.511829999999999785e+01 3.942776000000000000e+06
3.540319999999999823e+01 5.108740000000000000e+06
3.498539999999999850e+01 4.071721000000000000e+06
3.447249999999999659e+01 4.320827000000000000e+06
3.437760000000000105e+01 4.312701000000000000e+06
3.440610000000000213e+01 6.491297000000000000e+06
3.412120000000000175e+01 5.433802000000000000e+06
3.404520000000000124e+01 7.483001000000000000e+06
3.455799999999999983e+01 4.657223000000000000e+06
3.495689999999999742e+01 6.409740000000000000e+06
3.550769999999999982e+01 5.168574000000000000e+06
3.527969999999999828e+01 3.071671000000000000e+06
3.450099999999999767e+01 7.870225000000000000e+06
3.472890000000000299e+01 4.423174000000000000e+06
3.471949999999999648e+01 4.168722000000000000e+06
3.488089999999999691e+01 4.219480000000000000e+06
3.498539999999999850e+01 5.207414000000000000e+06
3.485240000000000293e+01 6.961300000000000000e+06
3.419709999999999894e+01 4.429238000000000000e+06
3.441559999999999775e+01 6.985281000000000000e+06
3.326650000000000063e+01 1.176027900000000000e+07
3.321900000000000119e+01 9.221530000000000000e+06
3.561209999999999809e+01 7.981903000000000000e+06
3.577360000000000184e+01 9.225156000000000000e+06
3.502329999999999899e+01 1.030261900000000000e+07
3.673270000000000124e+01 6.174967000000000000e+06
3.751789999999999736e+01 5.442017000000000000e+06
3.753679999999999950e+01 6.978539000000000000e+06
3.748949999999999960e+01 5.343932000000000000e+06
3.799090000000000344e+01 5.725842000000000000e+06
3.803820000000000334e+01 4.787933000000000000e+06
3.744219999999999970e+01 6.386722000000000000e+06
3.759360000000000213e+01 7.348392000000000000e+06
3.763139999999999930e+01 8.314907000000000000e+06
3.738550000000000040e+01 1.512105800000000000e+07
3.639220000000000255e+01 1.165024600000000000e+07
3.528540000000000276e+01 1.371336700000000000e+07
3.600430000000000064e+01 1.072865000000000000e+07
3.588130000000000308e+01 1.283630500000000000e+07
3.724360000000000070e+01 8.532072000000000000e+06
3.761249999999999716e+01 5.894732000000000000e+06
3.751789999999999736e+01 7.563223000000000000e+06
3.730980000000000274e+01 6.593391000000000000e+06
3.713949999999999818e+01 4.959565000000000000e+06
3.759360000000000213e+01 4.524129000000000000e+06
3.727190000000000225e+01 3.237558000000000000e+06
3.700710000000000122e+01 3.514352000000000000e+06
3.676109999999999900e+01 2.973058000000000000e+06
3.652459999999999951e+01 3.480560000000000000e+06
3.686520000000000152e+01 3.461816000000000000e+06
3.651509999999999678e+01 2.527225000000000000e+06
3.661919999999999931e+01 3.121491000000000000e+06
3.667600000000000193e+01 3.613751000000000000e+06
3.651509999999999678e+01 3.974919000000000000e+06
3.590970000000000084e+01 3.231884000000000000e+06
3.611780000000000257e+01 6.751127000000000000e+06
3.642999999999999972e+01 8.254972000000000000e+06
3.518130000000000024e+01 8.840075000000000000e+06
3.499210000000000065e+01 5.590527000000000000e+06
3.466100000000000136e+01 7.950593000000000000e+06
3.534210000000000207e+01 7.174217000000000000e+06
3.555969999999999942e+01 5.862685000000000000e+06
3.547460000000000235e+01 7.819575000000000000e+06
3.532319999999999993e+01 8.090359000000000000e+06
3.537049999999999983e+01 5.646387000000000000e+06
3.529480000000000217e+01 8.225059000000000000e+06
3.542730000000000246e+01 1.411195300000000000e+07
3.399880000000000280e+01 7.336509000000000000e+06
3.395150000000000290e+01 1.201663300000000000e+07
3.344069999999999965e+01 1.156862500000000000e+07
3.262709999999999866e+01 8.245176000000000000e+06
3.141629999999999967e+01 6.123059000000000000e+06
3.168110000000000070e+01 2.372259000000000000e+06
3.185140000000000171e+01 4.177322000000000000e+06
3.194600000000000151e+01 6.838201000000000000e+06
3.203119999999999834e+01 8.231929000000000000e+06
3.203119999999999834e+01 8.601235000000000000e+06
3.157710000000000150e+01 1.136273200000000000e+07
3.077299999999999969e+01 6.359855000000000000e+06
3.080140000000000100e+01 3.936393000000000000e+06
3.082979999999999876e+01 5.185260000000000000e+06
3.033780000000000143e+01 2.263171000000000000e+06
3.035679999999999978e+01 4.140332000000000000e+06
3.033780000000000143e+01 4.130146000000000000e+06
3.061220000000000141e+01 3.801687000000000000e+06
3.100000000000000000e+01 3.492677000000000000e+06
3.132169999999999987e+01 4.239887000000000000e+06
3.128399999999999892e+01 5.972708000000000000e+06
3.091669999999999874e+01 2.914194000000000000e+06
3.071900000000000119e+01 4.571270000000000000e+06
3.070009999999999906e+01 3.998065000000000000e+06
3.102029999999999887e+01 3.853394000000000000e+06
3.095439999999999969e+01 4.249960000000000000e+06
3.049769999999999825e+01 7.236820000000000000e+06
3.074719999999999942e+01 4.385529000000000000e+06
3.077550000000000097e+01 5.601383000000000000e+06
3.111449999999999960e+01 1.382786400000000000e+07
2.986199999999999832e+01 7.456421000000000000e+06
2.967370000000000019e+01 6.455429000000000000e+06
2.917449999999999832e+01 4.673408000000000000e+06
2.966420000000000101e+01 1.053761200000000000e+07
2.902390000000000114e+01 7.805383000000000000e+06
2.885439999999999827e+01 6.529666000000000000e+06
2.958889999999999887e+01 3.393741000000000000e+06
2.989969999999999928e+01 4.846120000000000000e+06
2.960770000000000124e+01 2.605631000000000000e+06
2.948529999999999873e+01 4.668250000000000000e+06
2.981490000000000151e+01 4.785287000000000000e+06
2.948529999999999873e+01 4.636700000000000000e+06
2.987140000000000128e+01 5.859281000000000000e+06
2.964539999999999864e+01 4.401992000000000000e+06
2.924050000000000082e+01 4.829537000000000000e+06
2.937229999999999919e+01 7.618946000000000000e+06
2.913690000000000069e+01 1.053037400000000000e+07
2.819519999999999982e+01 3.744492000000000000e+06
2.783729999999999905e+01 6.753564000000000000e+06
2.775250000000000128e+01 5.962218000000000000e+06
2.720629999999999882e+01 5.116636000000000000e+06
2.730989999999999895e+01 5.826290000000000000e+06
2.739470000000000027e+01 5.641266000000000000e+06
2.755480000000000018e+01 5.519494000000000000e+06
2.732880000000000109e+01 1.086983000000000000e+07
2.702740000000000009e+01 7.540346000000000000e+06
2.761129999999999995e+01 7.132431000000000000e+06
2.748890000000000100e+01 5.156708000000000000e+06
2.745120000000000005e+01 5.981691000000000000e+06
2.688619999999999877e+01 8.528986000000000000e+06
2.736639999999999873e+01 5.296163000000000000e+06
2.821399999999999864e+01 5.845116000000000000e+06
2.812920000000000087e+01 6.034331000000000000e+06
2.911799999999999855e+01 3.076470000000000000e+06
2.899559999999999960e+01 5.128755000000000000e+06
2.887320000000000064e+01 5.283148000000000000e+06
2.836469999999999914e+01 5.434531000000000000e+06
2.852479999999999905e+01 3.700017000000000000e+06
2.876020000000000110e+01 2.908032000000000000e+06
2.868479999999999919e+01 3.211393000000000000e+06
2.854360000000000142e+01 4.106961000000000000e+06
2.857179999999999964e+01 6.198982000000000000e+06
2.849650000000000105e+01 4.480956000000000000e+06
2.831759999999999877e+01 5.523411000000000000e+06
2.834580000000000055e+01 7.335905000000000000e+06
2.907100000000000151e+01 7.363860000000000000e+06
2.918400000000000105e+01 1.296881900000000000e+07
2.791260000000000119e+01 5.845197000000000000e+06
2.749830000000000041e+01 6.665900000000000000e+06
2.761129999999999995e+01 9.222964000000000000e+06
2.848710000000000164e+01 4.832334000000000000e+06
2.892970000000000041e+01 7.762222000000000000e+06
2.862829999999999941e+01 5.164233000000000000e+06
2.812920000000000087e+01 7.284053000000000000e+06
2.816689999999999827e+01 6.986642000000000000e+06
2.816689999999999827e+01 6.297940000000000000e+06
2.799820000000000064e+01 8.194415000000000000e+06
2.841049999999999898e+01 1.293804400000000000e+07
2.805450000000000088e+01 8.066844000000000000e+06
2.842930000000000135e+01 6.599655000000000000e+06
2.864480000000000004e+01 6.264480000000000000e+06
2.894460000000000122e+01 5.535874000000000000e+06
2.880409999999999826e+01 5.980701000000000000e+06
2.892589999999999861e+01 1.067873200000000000e+07
2.767030000000000101e+01 5.662821000000000000e+06
2.765149999999999864e+01 5.215986000000000000e+06
2.748290000000000077e+01 4.653406000000000000e+06
2.778269999999999840e+01 3.937662000000000000e+06
2.762340000000000018e+01 4.216398000000000000e+06
2.751099999999999923e+01 4.682930000000000000e+06
2.748290000000000077e+01 3.700651000000000000e+06
2.726739999999999853e+01 7.744091000000000000e+06
2.729550000000000054e+01 5.711932000000000000e+06
2.782959999999999923e+01 3.484454000000000000e+06
2.752969999999999828e+01 4.035677000000000000e+06
2.790449999999999875e+01 4.378403000000000000e+06
2.816689999999999827e+01 2.315274000000000000e+06
2.794200000000000017e+01 4.756177000000000000e+06
2.768900000000000006e+01 9.137934000000000000e+06
2.792330000000000112e+01 1.013635000000000000e+07
2.758589999999999876e+01 6.346937000000000000e+06
2.781080000000000041e+01 7.016728000000000000e+06
2.714549999999999841e+01 7.454294000000000000e+06
2.745479999999999876e+01 6.379024000000000000e+06
2.782959999999999923e+01 7.813186000000000000e+06
2.758589999999999876e+01 5.686002000000000000e+06
2.756719999999999970e+01 6.865840000000000000e+06
2.748290000000000077e+01 6.826129000000000000e+06
2.761410000000000053e+01 8.636164000000000000e+06
2.738919999999999888e+01 1.016175100000000000e+07
2.716430000000000078e+01 5.308227000000000000e+06
2.694879999999999853e+01 5.664745000000000000e+06
2.689260000000000161e+01 7.848042000000000000e+06
2.686439999999999984e+01 8.528476000000000000e+06
2.705180000000000007e+01 1.605545200000000000e+07
2.650840000000000174e+01 1.420054400000000000e+07
2.619920000000000115e+01 1.097235100000000000e+07
2.567439999999999856e+01 1.236331100000000000e+07
2.550580000000000069e+01 8.651407000000000000e+06
2.515909999999999869e+01 9.142838000000000000e+06
2.539329999999999998e+01 9.627645000000000000e+06
2.564630000000000010e+01 1.140320800000000000e+07
2.551510000000000034e+01 1.279875900000000000e+07
2.511220000000000141e+01 9.157277000000000000e+06
2.514969999999999928e+01 6.534515000000000000e+06
2.521529999999999916e+01 9.221621000000000000e+06
2.514969999999999928e+01 1.346270400000000000e+07
2.483109999999999928e+01 7.947742000000000000e+06
2.483109999999999928e+01 1.175623600000000000e+07
2.514969999999999928e+01 1.118965100000000000e+07
2.540269999999999939e+01 1.454121100000000000e+07
2.491540000000000177e+01 2.311762300000000000e+07
2.523400000000000176e+01 1.414385800000000000e+07
2.601170000000000115e+01 1.101665400000000000e+07
2.633030000000000115e+01 8.661307000000000000e+06
2.659270000000000067e+01 8.024962000000000000e+06
2.680819999999999936e+01 1.007465200000000000e+07
2.686439999999999984e+01 9.812918000000000000e+06
2.683650000000000091e+01 1.428567400000000000e+07
2.692970000000000041e+01 2.548588600000000000e+07
2.606220000000000070e+01 2.297152600000000000e+07
2.593159999999999954e+01 4.637620000000000000e+05
3.082880000000000109e+01 7.139808000000000000e+06
3.099670000000000059e+01 1.154050700000000000e+07
3.154710000000000036e+01 6.139972000000000000e+06
3.162170000000000059e+01 4.231785000000000000e+06
3.113660000000000139e+01 4.729675000000000000e+06
3.157499999999999929e+01 5.408973000000000000e+06
3.078219999999999956e+01 3.358561000000000000e+06
3.064229999999999876e+01 4.971693000000000000e+06
3.080079999999999885e+01 4.183891000000000000e+06
3.019450000000000145e+01 5.266471000000000000e+06
3.060490000000000066e+01 4.596058000000000000e+06
3.082880000000000109e+01 6.759719000000000000e+06
3.066090000000000160e+01 6.846201000000000000e+06
3.093140000000000001e+01 3.734693000000000000e+06
3.099670000000000059e+01 1.051054200000000000e+07
3.102469999999999928e+01 5.021029000000000000e+06
3.146310000000000073e+01 2.555999000000000000e+06
3.149109999999999943e+01 6.171290000000000000e+06
3.199480000000000146e+01 5.031422000000000000e+06
3.211610000000000298e+01 5.122565000000000000e+06
3.150969999999999871e+01 4.487143000000000000e+06
3.139780000000000015e+01 6.438023000000000000e+06
3.053960000000000008e+01 8.790087000000000000e+06
3.107130000000000081e+01 4.682455000000000000e+06
3.118329999999999913e+01 6.455728000000000000e+06
3.085679999999999978e+01 8.907135000000000000e+06
3.080079999999999885e+01 1.189296600000000000e+07
3.190149999999999864e+01 9.393672000000000000e+06
3.275970000000000226e+01 1.058140300000000000e+07
3.342199999999999704e+01 4.818372000000000000e+06
3.339399999999999835e+01 6.428659000000000000e+06
3.350589999999999691e+01 3.580011000000000000e+06
3.360849999999999937e+01 3.894115000000000000e+06
3.358990000000000009e+01 4.307316000000000000e+06
3.344060000000000343e+01 3.208046000000000000e+06
3.331000000000000227e+01 3.679850000000000000e+06
3.320739999999999981e+01 4.149434000000000000e+06
3.318880000000000052e+01 5.115870000000000000e+06
3.362720000000000198e+01 5.091931000000000000e+06
3.355259999999999820e+01 6.618947000000000000e+06
3.441069999999999851e+01 5.994455000000000000e+06
3.380440000000000111e+01 7.566944000000000000e+06
3.445739999999999981e+01 4.196150000000000000e+06
3.402830000000000155e+01 4.575047000000000000e+06
3.416819999999999879e+01 3.122337000000000000e+06
3.430810000000000315e+01 2.659873000000000000e+06
3.438280000000000314e+01 3.842853000000000000e+06
3.421479999999999677e+01 5.916970000000000000e+06
3.437339999999999662e+01 3.616544000000000000e+06
3.477450000000000330e+01 4.296926000000000000e+06
3.481179999999999808e+01 4.626192000000000000e+06
3.418690000000000140e+01 7.151666000000000000e+06
3.378580000000000183e+01 5.527093000000000000e+06
3.403759999999999764e+01 4.838572000000000000e+06
3.336599999999999966e+01 4.228879000000000000e+06
3.362720000000000198e+01 5.583418000000000000e+06
3.400030000000000285e+01 4.385608000000000000e+06
3.405630000000000024e+01 7.493442000000000000e+06
3.296490000000000009e+01 5.637092000000000000e+06
3.345750000000000313e+01 5.257973000000000000e+06
3.329019999999999868e+01 5.993091000000000000e+06
3.389430000000000121e+01 4.665115000000000000e+06
3.404299999999999926e+01 5.956661000000000000e+06
3.409870000000000090e+01 7.571788000000000000e+06
3.337380000000000280e+01 6.387239000000000000e+06
3.353179999999999694e+01 4.117791000000000000e+06
3.324369999999999692e+01 6.846600000000000000e+06
3.368050000000000210e+01 8.954517000000000000e+06
3.309499999999999886e+01 6.150013000000000000e+06
3.336449999999999960e+01 3.943596000000000000e+06
3.300209999999999866e+01 4.701335000000000000e+06
3.375489999999999924e+01 4.401247000000000000e+06
3.357829999999999870e+01 6.484263000000000000e+06
3.379200000000000159e+01 1.163912700000000000e+07
3.434969999999999857e+01 5.033296000000000000e+06
3.429390000000000072e+01 3.955523000000000000e+06
3.450769999999999982e+01 5.110239000000000000e+06
3.430319999999999681e+01 6.850843000000000000e+06
3.525119999999999720e+01 6.040128000000000000e+06
3.444259999999999877e+01 6.058653000000000000e+06
3.370839999999999748e+01 3.452559000000000000e+06
3.354110000000000014e+01 3.529793000000000000e+06
3.368050000000000210e+01 4.830687000000000000e+06
3.438680000000000092e+01 2.208377000000000000e+06
3.435900000000000176e+01 2.971522000000000000e+06
3.427530000000000143e+01 3.959170000000000000e+06
3.447979999999999734e+01 2.778433000000000000e+06
3.462850000000000250e+01 5.100616000000000000e+06
3.429390000000000072e+01 5.526574000000000000e+06
3.404299999999999926e+01 7.620674000000000000e+06
3.432180000000000319e+01 1.170439800000000000e+07
3.340169999999999817e+01 9.938380000000000000e+06
3.370839999999999748e+01 7.663411000000000000e+06
3.340169999999999817e+01 6.647547000000000000e+06
3.395000000000000284e+01 5.659560000000000000e+06
3.406159999999999854e+01 6.651462000000000000e+06
3.362480000000000047e+01 6.103266000000000000e+06
3.314150000000000063e+01 5.031187000000000000e+06
3.263029999999999831e+01 5.922698000000000000e+06
3.205409999999999826e+01 7.112548000000000000e+06
3.259320000000000306e+01 9.961781000000000000e+06
3.211919999999999931e+01 8.560737000000000000e+06
3.141290000000000049e+01 4.282464000000000000e+06
3.150580000000000069e+01 6.247709000000000000e+06
3.224929999999999808e+01 3.022536000000000000e+06
3.249090000000000344e+01 1.140433400000000000e+07
3.157079999999999842e+01 8.149848000000000000e+06
3.124559999999999960e+01 7.134629000000000000e+06
3.124559999999999960e+01 7.069522000000000000e+06
3.106899999999999906e+01 1.070966000000000000e+07
3.030689999999999884e+01 9.114605000000000000e+06
3.098529999999999873e+01 1.057301200000000000e+07
3.133849999999999980e+01 1.233872300000000000e+07
3.018609999999999971e+01 1.684510500000000000e+07
2.937750000000000128e+01 1.140008600000000000e+07
2.808569999999999922e+01 1.149340500000000000e+07
2.667299999999999827e+01 5.314712000000000000e+06
2.705409999999999826e+01 6.653371000000000000e+06
2.622690000000000055e+01 5.915091000000000000e+06
2.614329999999999998e+01 4.990459000000000000e+06
2.629129999999999967e+01 6.133368000000000000e+06
2.642079999999999984e+01 7.629229000000000000e+06
2.644859999999999900e+01 6.857185000000000000e+06
2.692040000000000077e+01 7.759585000000000000e+06
2.677240000000000109e+01 5.431593000000000000e+06
2.655030000000000001e+01 5.130762000000000000e+06
2.643929999999999936e+01 5.785553000000000000e+06
2.663360000000000127e+01 9.113426000000000000e+06
2.611550000000000082e+01 1.333188600000000000e+07
2.509789999999999921e+01 1.075659300000000000e+07
2.497769999999999868e+01 4.252213000000000000e+06
2.464460000000000051e+01 6.983744000000000000e+06
2.444109999999999872e+01 5.834078000000000000e+06
2.470009999999999906e+01 6.678359000000000000e+06
2.439489999999999981e+01 5.589248000000000000e+06
2.452439999999999998e+01 5.161762000000000000e+06
2.455209999999999937e+01 7.960092000000000000e+06
2.472790000000000177e+01 1.433740100000000000e+07
2.467239999999999966e+01 1.105824800000000000e+07
2.496839999999999904e+01 1.143230000000000000e+07
2.584730000000000061e+01 8.118644000000000000e+06
2.528300000000000125e+01 9.736520000000000000e+06
2.551419999999999888e+01 7.193615000000000000e+06
2.590279999999999916e+01 7.039464000000000000e+06
2.532000000000000028e+01 5.794203000000000000e+06
2.573629999999999995e+01 4.815418000000000000e+06
2.572700000000000031e+01 5.903969000000000000e+06
2.525519999999999854e+01 7.150638000000000000e+06
2.533849999999999980e+01 5.886606000000000000e+06
2.542170000000000130e+01 6.321900000000000000e+06
2.503320000000000078e+01 6.989691000000000000e+06
2.479269999999999996e+01 3.694391000000000000e+06
2.501470000000000127e+01 5.030890000000000000e+06
2.489440000000000097e+01 1.346719700000000000e+07
2.502390000000000114e+01 5.081053000000000000e+06
2.482039999999999935e+01 6.645270000000000000e+06
2.471859999999999857e+01 8.611490000000000000e+06
2.535699999999999932e+01 6.655034000000000000e+06
2.491290000000000049e+01 6.698318000000000000e+06
2.529220000000000113e+01 9.316464000000000000e+06
2.572700000000000031e+01 2.803127000000000000e+06
2.554200000000000159e+01 4.833420000000000000e+06
2.571780000000000044e+01 3.544535000000000000e+06
2.568070000000000164e+01 5.099241000000000000e+06
2.574549999999999983e+01 7.819270000000000000e+06
2.525519999999999854e+01 3.362709000000000000e+06
2.513489999999999824e+01 3.761555000000000000e+06
2.484819999999999851e+01 7.739082000000000000e+06
2.498689999999999856e+01 3.224371000000000000e+06
2.508869999999999933e+01 4.352044000000000000e+06
2.523669999999999902e+01 3.644705000000000000e+06
2.522749999999999915e+01 3.295094000000000000e+06
2.532920000000000016e+01 4.949335000000000000e+06
2.524599999999999866e+01 5.091608000000000000e+06
2.532920000000000016e+01 5.611264000000000000e+06
2.525519999999999854e+01 5.086440000000000000e+06
2.566219999999999857e+01 4.782245000000000000e+06
2.560670000000000002e+01 6.822944000000000000e+06
2.554200000000000159e+01 5.082539000000000000e+06
2.557900000000000063e+01 6.786411000000000000e+06
2.568029999999999902e+01 7.132599000000000000e+06
2.581840000000000046e+01 3.884234000000000000e+06
2.598410000000000153e+01 5.337635000000000000e+06
2.570789999999999864e+01 4.274313000000000000e+06
2.566189999999999927e+01 6.342506000000000000e+06
2.518309999999999960e+01 8.237358000000000000e+06
2.569869999999999877e+01 7.053449000000000000e+06
2.567109999999999914e+01 8.307521000000000000e+06
2.569869999999999877e+01 7.416664000000000000e+06
2.591049999999999898e+01 5.206520000000000000e+06
2.588279999999999959e+01 7.762120000000000000e+06
2.586439999999999984e+01 7.299950000000000000e+06
2.614989999999999881e+01 1.184397200000000000e+07
2.602100000000000080e+01 7.650591000000000000e+06
2.591049999999999898e+01 8.941785000000000000e+06
2.601180000000000092e+01 5.232063000000000000e+06
2.604860000000000042e+01 5.102710000000000000e+06
2.589209999999999923e+01 7.254237000000000000e+06
2.605780000000000030e+01 5.896333000000000000e+06
2.589209999999999923e+01 5.206545000000000000e+06
2.570789999999999864e+01 7.635209000000000000e+06
2.547769999999999868e+01 6.781560000000000000e+06
2.514620000000000033e+01 1.265309000000000000e+07
2.395840000000000103e+01 1.437202800000000000e+07
2.330470000000000041e+01 6.206643000000000000e+06
2.312969999999999970e+01 7.663912000000000000e+06
2.334149999999999991e+01 6.368809000000000000e+06
2.327710000000000079e+01 1.065464700000000000e+07
2.286270000000000024e+01 8.153630000000000000e+06
2.203399999999999892e+01 1.205502800000000000e+07
2.150919999999999987e+01 1.496120200000000000e+07
2.268779999999999930e+01 1.605350100000000000e+07
2.394000000000000128e+01 1.044106600000000000e+07
2.347960000000000136e+01 1.468658100000000000e+07
2.380189999999999984e+01 1.145768600000000000e+07
2.352570000000000050e+01 1.835753900000000000e+07
2.372820000000000107e+01 1.824638100000000000e+07
2.394000000000000128e+01 2.183321700000000000e+07
2.440040000000000120e+01 2.679736800000000000e+07
2.435439999999999827e+01 6.600387600000000000e+07
2.802819999999999823e+01 5.938196000000000000e+06
2.835970000000000013e+01 5.913163000000000000e+06
2.892139999999999844e+01 5.764617000000000000e+06
2.941860000000000142e+01 7.482181000000000000e+06
2.910549999999999926e+01 1.057655700000000000e+07
2.857150000000000034e+01 6.480582000000000000e+06
2.828610000000000113e+01 5.753433000000000000e+06
2.880170000000000030e+01 6.289457000000000000e+06
2.881090000000000018e+01 3.105601000000000000e+06
2.872800000000000153e+01 5.877342000000000000e+06
2.869119999999999848e+01 5.267779000000000000e+06
2.844259999999999877e+01 5.692734000000000000e+06
2.823079999999999856e+01 6.028878000000000000e+06
2.789930000000000021e+01 4.699216000000000000e+06
2.746659999999999968e+01 3.360413000000000000e+06
2.751259999999999906e+01 4.905003000000000000e+06
2.756790000000000163e+01 6.118536000000000000e+06
2.772439999999999927e+01 7.386225000000000000e+06
2.695090000000000074e+01 6.261894000000000000e+06
2.664709999999999823e+01 7.667189000000000000e+06
2.673920000000000030e+01 6.895135000000000000e+06
2.708909999999999840e+01 9.348810000000000000e+06
2.755859999999999843e+01 7.770221000000000000e+06
2.813870000000000005e+01 3.721321000000000000e+06
2.758630000000000138e+01 2.890863000000000000e+06
2.769679999999999964e+01 6.065153000000000000e+06
2.746659999999999968e+01 5.835767000000000000e+06
2.784410000000000096e+01 6.945602000000000000e+06
2.861749999999999972e+01 5.487294000000000000e+06
2.884769999999999968e+01 6.897366000000000000e+06
2.814789999999999992e+01 4.897838000000000000e+06
2.851620000000000132e+01 5.919317000000000000e+06
2.843339999999999890e+01 7.985527000000000000e+06
2.869119999999999848e+01 7.473373000000000000e+06
2.802819999999999823e+01 5.870194000000000000e+06
2.808350000000000080e+01 9.138493000000000000e+06
2.800979999999999848e+01 6.626706000000000000e+06
2.823999999999999844e+01 1.172706800000000000e+07
2.745739999999999981e+01 7.751610000000000000e+06
2.682199999999999918e+01 2.620088000000000000e+06
2.664709999999999823e+01 3.216311000000000000e+06
2.677599999999999980e+01 4.535409000000000000e+06
2.662869999999999848e+01 7.194680000000000000e+06
2.592889999999999873e+01 6.152841000000000000e+06
2.566189999999999927e+01 5.655809000000000000e+06
2.580000000000000071e+01 6.297280000000000000e+06
2.575390000000000157e+01 6.413004000000000000e+06
2.638009999999999877e+01 4.227753000000000000e+06
2.634319999999999951e+01 5.061972000000000000e+06
2.667470000000000141e+01 3.868182000000000000e+06
2.700619999999999976e+01 8.118501000000000000e+06
2.638929999999999865e+01 5.304835000000000000e+06
2.613149999999999906e+01 4.875866000000000000e+06
2.614989999999999881e+01 5.991175000000000000e+06
2.613149999999999906e+01 3.162870000000000000e+06
2.619590000000000174e+01 4.163828000000000000e+06
2.616829999999999856e+01 4.987733000000000000e+06
2.634319999999999951e+01 5.258708000000000000e+06
2.650900000000000034e+01 6.588437000000000000e+06
2.620510000000000161e+01 1.073640000000000000e+07
2.587359999999999971e+01 8.940546000000000000e+06
2.543169999999999931e+01 9.234015000000000000e+06
2.548689999999999856e+01 7.092464000000000000e+06
2.619590000000000174e+01 3.516280000000000000e+06
2.653659999999999997e+01 8.137113000000000000e+06
2.560660000000000025e+01 6.062282000000000000e+06
2.548689999999999856e+01 6.987348000000000000e+06
2.550529999999999831e+01 6.156825000000000000e+06
2.626040000000000063e+01 6.311647000000000000e+06
2.633399999999999963e+01 6.100881000000000000e+06
2.629720000000000013e+01 8.990302000000000000e+06
2.601180000000000092e+01 1.026636400000000000e+07
2.534880000000000067e+01 1.120689200000000000e+07
2.481469999999999843e+01 1.072976700000000000e+07
2.571709999999999852e+01 8.585856000000000000e+06
2.557900000000000063e+01 6.595878000000000000e+06
2.553300000000000125e+01 8.471533000000000000e+06
2.533040000000000092e+01 1.150892300000000000e+07
2.551450000000000173e+01 1.082471200000000000e+07
2.464900000000000091e+01 7.630581000000000000e+06
2.451089999999999947e+01 8.378475000000000000e+06
2.418860000000000099e+01 1.016142000000000000e+07
2.406889999999999930e+01 9.705946000000000000e+06
2.335989999999999966e+01 6.712044000000000000e+06
2.255890000000000128e+01 1.202603300000000000e+07
2.302850000000000108e+01 7.275536000000000000e+06
2.309290000000000020e+01 1.351156300000000000e+07
2.254040000000000177e+01 1.642697000000000000e+07
2.323100000000000165e+01 1.533619100000000000e+07
2.422550000000000026e+01 1.696489100000000000e+07
2.425309999999999988e+01 2.414715000000000000e+07
2.487000000000000099e+01 1.517244300000000000e+07
2.621430000000000149e+01 6.804495000000000000e+06
2.616829999999999856e+01 1.530651400000000000e+07
2.577240000000000109e+01 1.252217200000000000e+07
2.618669999999999831e+01 8.639966000000000000e+06
2.638929999999999865e+01 7.516338000000000000e+06
2.622350000000000136e+01 9.094445000000000000e+06
2.675760000000000005e+01 1.686834300000000000e+07
2.553300000000000125e+01 9.063459000000000000e+06
2.543169999999999931e+01 9.686676000000000000e+06
2.580920000000000059e+01 9.771981000000000000e+06
2.545009999999999906e+01 1.439623700000000000e+07
2.594729999999999848e+01 2.000458200000000000e+07
2.538560000000000016e+01 1.522226000000000000e+07
2.661029999999999873e+01 8.363108000000000000e+06
2.642610000000000170e+01 1.182606200000000000e+07
2.655499999999999972e+01 1.040000300000000000e+07
2.681279999999999930e+01 1.119405000000000000e+07
2.753099999999999881e+01 9.158180000000000000e+06
2.772439999999999927e+01 7.437973000000000000e+06
2.756790000000000163e+01 8.771114000000000000e+06
2.800059999999999860e+01 3.804880000000000000e+06
2.801899999999999835e+01 2.640808000000000000e+06
2.825840000000000174e+01 3.436911000000000000e+06
2.777959999999999852e+01 3.811578000000000000e+06
2.817559999999999931e+01 1.499019000000000000e+06
2.809270000000000067e+01 4.824420000000000000e+06
2.781650000000000134e+01 6.522420000000000000e+06
2.737450000000000117e+01 5.809868000000000000e+06
2.717190000000000083e+01 1.510906000000000000e+07
2.763230000000000075e+01 8.002809000000000000e+06
2.811110000000000042e+01 8.651272000000000000e+06
2.769679999999999964e+01 9.655591000000000000e+06
2.732849999999999824e+01 1.577084100000000000e+07
2.759550000000000125e+01 1.043157400000000000e+07
2.858990000000000009e+01 9.435120000000000000e+06
2.818479999999999919e+01 1.606309000000000000e+07
2.887529999999999930e+01 1.517733800000000000e+07
2.886609999999999943e+01 1.188545900000000000e+07
2.949230000000000018e+01 1.578210300000000000e+07
2.862669999999999959e+01 2.061045100000000000e+07
2.931729999999999947e+01 8.992369000000000000e+06
2.984219999999999828e+01 1.168162800000000000e+07
2.930809999999999960e+01 2.022592600000000000e+07
2.886609999999999943e+01 8.373712000000000000e+06
2.903190000000000026e+01 1.549547200000000000e+07
2.885689999999999955e+01 4.752920400000000000e+07
2.905030000000000001e+01 2.661586000000000000e+07
2.886609999999999943e+01 1.989397600000000000e+07
2.914239999999999853e+01 2.943603900000000000e+07
2.908709999999999951e+01 2.803167100000000000e+07
2.815709999999999980e+01 1.289819360000000000e+08
2.789010000000000034e+01 2.544627800000000000e+07
2.810190000000000055e+01 3.169127600000000000e+07
2.835050000000000026e+01 4.143596100000000000e+07
2.847939999999999827e+01 4.215035400000000000e+07
2.861749999999999972e+01 3.850276700000000000e+07
2.994340000000000046e+01 1.895785500000000000e+07
3.128780000000000072e+01 1.538056100000000000e+07
3.002629999999999910e+01 1.071938400000000000e+07
2.953829999999999956e+01 1.261244900000000000e+07
2.986980000000000146e+01 1.647570100000000000e+07
2.884769999999999968e+01 5.771634000000000000e+06
2.832290000000000063e+01 8.618412000000000000e+06
2.847019999999999840e+01 7.730814000000000000e+06
2.895820000000000149e+01 7.079932000000000000e+06
2.921600000000000108e+01 7.722377000000000000e+06
2.891219999999999857e+01 7.209466000000000000e+06
2.917920000000000158e+01 7.348389000000000000e+06
2.930809999999999960e+01 6.706032000000000000e+06
2.988820000000000121e+01 7.452804000000000000e+06
2.977769999999999939e+01 1.108898600000000000e+07
2.885689999999999955e+01 1.852085900000000000e+07
2.776119999999999877e+01 1.181560900000000000e+07
2.883849999999999980e+01 9.633573000000000000e+06
2.903190000000000026e+01 1.311896000000000000e+06
2.929889999999999972e+01 1.163514000000000000e+06
2.977769999999999939e+01 3.771280000000000000e+05
2.982369999999999877e+01 3.394690000000000000e+05
2.979609999999999914e+01 7.636360000000000000e+05
2.958429999999999893e+01 1.736348000000000000e+06
3.020129999999999981e+01 1.247664000000000000e+06
3.067079999999999984e+01 1.210230000000000000e+06
2.929889999999999972e+01 1.124547000000000000e+06
2.889379999999999882e+01 8.587740000000000000e+05
2.882010000000000005e+01 2.178364000000000000e+06
2.858070000000000022e+01 8.910610000000000000e+05
2.869119999999999848e+01 1.110145000000000000e+06
2.857150000000000034e+01 5.528050000000000000e+05
2.838729999999999976e+01 1.002746000000000000e+06
2.859909999999999997e+01 9.962850000000000000e+05
2.815709999999999980e+01 1.376884000000000000e+06
2.842419999999999902e+01 1.573264000000000000e+06
2.813870000000000005e+01 2.047455000000000000e+06
2.833210000000000051e+01 1.058886000000000000e+06
2.843339999999999890e+01 2.265384000000000000e+06
2.865439999999999898e+01 2.380418000000000000e+06
2.870039999999999836e+01 3.086653000000000000e+06
2.884769999999999968e+01 2.728279000000000000e+06
2.954749999999999943e+01 2.324248000000000000e+06
2.958429999999999893e+01 4.099915000000000000e+06
2.972250000000000014e+01 1.969648000000000000e+06
2.909629999999999939e+01 1.590429000000000000e+06
2.963960000000000150e+01 9.213390000000000000e+05
2.927130000000000010e+01 1.138242000000000000e+06
2.919760000000000133e+01 2.032866000000000000e+06
3.033940000000000126e+01 1.573158000000000000e+06
3.006309999999999860e+01 1.803987000000000000e+06
2.976849999999999952e+01 2.728237000000000000e+06
3.008160000000000167e+01 2.290549000000000000e+06
3.037620000000000076e+01 2.336863000000000000e+06
3.052349999999999852e+01 3.017046000000000000e+06
3.104840000000000089e+01 2.185382000000000000e+06
3.163769999999999882e+01 1.342319000000000000e+06
3.219010000000000105e+01 6.691390000000000000e+05
3.235589999999999833e+01 5.675030000000000000e+05
3.252159999999999940e+01 5.056560000000000000e+05
3.235589999999999833e+01 5.295290000000000000e+05
3.237429999999999808e+01 7.977570000000000000e+05
3.219010000000000105e+01 1.265596000000000000e+06
3.192310000000000159e+01 9.428870000000000000e+05
3.187709999999999866e+01 5.045330000000000000e+05
3.128780000000000072e+01 6.468300000000000000e+05
3.142589999999999861e+01 6.315770000000000000e+05
3.182179999999999964e+01 9.196910000000000000e+05
3.168370000000000175e+01 1.228452000000000000e+06
3.163769999999999882e+01 5.691620000000000000e+05
3.163769999999999882e+01 9.418160000000000000e+05
3.185859999999999914e+01 9.891470000000000000e+05
3.174810000000000088e+01 1.141699000000000000e+06
3.151800000000000068e+01 1.762153000000000000e+06
3.187709999999999866e+01 4.875490000000000000e+05
3.193230000000000146e+01 8.313230000000000000e+05
3.280700000000000216e+01 5.072640000000000000e+05
3.285309999999999775e+01 7.846840000000000000e+05
3.278860000000000241e+01 8.221300000000000000e+05
3.313850000000000051e+01 1.192762000000000000e+06
3.230060000000000286e+01 1.233963000000000000e+06
3.142589999999999861e+01 6.365750000000000000e+05
3.143509999999999849e+01 8.309670000000000000e+05
3.109440000000000026e+01 9.997710000000000000e+05
3.070769999999999911e+01 1.054607000000000000e+06
3.044989999999999952e+01 7.271580000000000000e+05
3.001709999999999923e+01 8.116910000000000000e+05
2.947380000000000067e+01 6.215310000000000000e+05
2.992500000000000071e+01 1.575200000000000000e+06
2.992500000000000071e+01 1.133400000000000000e+06
3.051429999999999865e+01 4.899770000000000000e+05
3.068009999999999948e+01 5.701750000000000000e+05
3.032100000000000151e+01 9.116430000000000000e+05
2.967640000000000100e+01 7.386890000000000000e+05
3.010920000000000130e+01 2.129424000000000000e+06
3.021049999999999969e+01 7.057120000000000000e+05
3.016440000000000055e+01 5.216960000000000000e+05
3.037620000000000076e+01 6.649240000000000000e+05
3.030249999999999844e+01 4.590390000000000000e+05
3.031169999999999831e+01 4.921270000000000000e+05
3.021969999999999956e+01 5.904560000000000000e+05
3.015520000000000067e+01 4.976590000000000000e+05
2.992500000000000071e+01 6.320060000000000000e+05
3.035780000000000101e+01 1.670466000000000000e+06
3.049589999999999890e+01 4.890130000000000000e+05
3.058800000000000097e+01 1.152193000000000000e+06
3.066159999999999997e+01 7.311810000000000000e+05
3.025649999999999906e+01 7.002720000000000000e+05
3.006309999999999860e+01 4.840410000000000000e+05
3.020129999999999981e+01 3.189540000000000000e+05
3.015520000000000067e+01 7.930110000000000000e+05
3.055110000000000170e+01 1.834946000000000000e+06
3.006309999999999860e+01 4.667410000000000000e+05
2.984219999999999828e+01 4.830490000000000000e+05
2.973170000000000002e+01 8.499850000000000000e+05
2.995260000000000034e+01 3.558200000000000000e+05
2.988820000000000121e+01 3.461490000000000000e+05
2.957509999999999906e+01 5.661690000000000000e+05
2.992500000000000071e+01 3.605710000000000000e+05
2.989740000000000109e+01 4.303940000000000000e+05
3.006309999999999860e+01 6.344980000000000000e+05
2.951989999999999981e+01 7.431440000000000000e+05
2.931729999999999947e+01 7.964810000000000000e+05
2.928969999999999985e+01 1.300124000000000000e+06
3.017360000000000042e+01 1.448969000000000000e+06
3.029329999999999856e+01 1.075821000000000000e+06
3.049589999999999890e+01 2.022512000000000000e+06
3.028409999999999869e+01 5.492310000000000000e+05
3.056960000000000122e+01 9.361800000000000000e+05
3.006309999999999860e+01 1.095478000000000000e+06
2.954749999999999943e+01 9.432640000000000000e+05
2.940940000000000154e+01 1.271574000000000000e+06
2.919760000000000133e+01 6.099800000000000000e+05
2.902270000000000039e+01 5.947810000000000000e+05
2.868199999999999861e+01 1.228557000000000000e+06
2.830450000000000088e+01 1.600425000000000000e+06
2.823079999999999856e+01 5.677230000000000000e+05
2.819399999999999906e+01 6.254800000000000000e+05
2.837809999999999988e+01 6.616970000000000000e+05
2.850700000000000145e+01 1.391268000000000000e+06
2.858070000000000022e+01 2.040650000000000000e+06
2.872800000000000153e+01 1.879755000000000000e+06
2.845179999999999865e+01 2.179450000000000000e+06
2.810190000000000055e+01 1.362547000000000000e+06
2.833210000000000051e+01 1.208431000000000000e+06
2.824919999999999831e+01 3.898640000000000000e+05
2.810190000000000055e+01 8.064620000000000000e+05
2.821239999999999881e+01 1.199517000000000000e+06
2.816639999999999944e+01 1.288773000000000000e+06
2.775199999999999889e+01 8.395980000000000000e+05
2.759550000000000125e+01 7.343170000000000000e+05
2.740210000000000079e+01 1.467380000000000000e+06
2.747579999999999956e+01 1.070757000000000000e+06
2.818479999999999919e+01 8.413500000000000000e+05
2.800059999999999860e+01 1.138728000000000000e+06
2.794539999999999935e+01 1.384355000000000000e+06
2.789010000000000034e+01 5.771550000000000000e+05
2.767830000000000013e+01 9.606460000000000000e+05
2.818479999999999919e+01 8.879180000000000000e+05
2.847019999999999840e+01 1.175374000000000000e+06
2.914239999999999853e+01 7.235650000000000000e+05
2.926210000000000022e+01 6.539070000000000000e+05
2.969480000000000075e+01 1.498010000000000000e+06
2.980529999999999902e+01 6.570020000000000000e+05
2.939099999999999824e+01 6.306260000000000000e+05
2.967640000000000100e+01 8.184850000000000000e+05
2.941860000000000142e+01 6.281740000000000000e+05
2.929889999999999972e+01 8.899270000000000000e+05
2.936339999999999861e+01 5.031840000000000000e+05
2.905030000000000001e+01 5.888890000000000000e+05
2.863589999999999947e+01 9.122890000000000000e+05
2.944620000000000104e+01 7.762500000000000000e+05
2.872800000000000153e+01 6.940990000000000000e+05
2.942780000000000129e+01 4.859650000000000000e+05
2.936339999999999861e+01 4.395830000000000000e+05
2.959349999999999881e+01 4.845930000000000000e+05
2.942780000000000129e+01 7.859890000000000000e+05
2.941860000000000142e+01 5.531210000000000000e+05
2.987900000000000134e+01 3.567570000000000000e+05
2.973170000000000002e+01 6.724950000000000000e+05
2.979609999999999914e+01 1.028756000000000000e+06
3.003549999999999898e+01 8.687100000000000000e+05
3.000789999999999935e+01 2.082271000000000000e+06
2.935409999999999897e+01 5.561850000000000000e+05
2.938179999999999836e+01 1.054540000000000000e+06
2.939099999999999824e+01 1.728014000000000000e+06
3.020129999999999981e+01 1.234821000000000000e+06
3.094709999999999894e+01 2.334621000000000000e+06
3.089179999999999993e+01 2.110842000000000000e+06
3.048669999999999902e+01 2.354003000000000000e+06
2.983289999999999864e+01 1.118072000000000000e+06
2.959349999999999881e+01 1.115925000000000000e+06
2.946460000000000079e+01 1.114358000000000000e+06
2.877410000000000068e+01 1.276172000000000000e+06
2.866359999999999886e+01 9.199940000000000000e+05
2.869119999999999848e+01 7.588300000000000000e+05
2.841499999999999915e+01 1.255059000000000000e+06
2.875560000000000116e+01 1.383433000000000000e+06
2.877410000000000068e+01 1.038068000000000000e+06
2.883849999999999980e+01 1.401782000000000000e+06
2.884769999999999968e+01 3.123229000000000000e+06
2.851620000000000132e+01 3.174311000000000000e+06
2.674840000000000018e+01 2.514827000000000000e+06
2.686809999999999832e+01 8.637350000000000000e+05
2.679439999999999955e+01 9.582070000000000000e+05
2.669310000000000116e+01 4.252160000000000000e+05
2.626040000000000063e+01 1.094307000000000000e+06
2.684039999999999893e+01 8.668250000000000000e+05
2.735610000000000142e+01 6.301570000000000000e+05
2.719030000000000058e+01 7.568260000000000000e+05
2.734690000000000154e+01 4.721570000000000000e+05
2.760470000000000113e+01 8.350260000000000000e+05
2.688650000000000162e+01 1.365129000000000000e+06
2.656419999999999959e+01 2.198339000000000000e+06
2.693250000000000099e+01 1.593916000000000000e+06
2.714430000000000121e+01 5.799590000000000000e+05
2.739290000000000092e+01 4.299640000000000000e+05
2.762310000000000088e+01 5.181110000000000000e+05
2.804670000000000130e+01 2.992110000000000000e+05
2.808350000000000080e+01 4.265450000000000000e+05
2.772439999999999927e+01 7.858000000000000000e+04
2.762310000000000088e+01 5.040840000000000000e+05
2.748499999999999943e+01 7.709710000000000000e+05
2.762310000000000088e+01 1.338635000000000000e+06
2.739290000000000092e+01 1.015666000000000000e+06
2.661029999999999873e+01 1.311935000000000000e+06
2.618669999999999831e+01 2.241546000000000000e+06
2.636159999999999926e+01 1.310487000000000000e+06
2.670230000000000103e+01 1.632487000000000000e+06
2.718110000000000070e+01 1.057901000000000000e+06
2.730079999999999885e+01 7.599830000000000000e+05
2.718110000000000070e+01 1.086930000000000000e+06
2.717190000000000083e+01 1.644063000000000000e+06
2.693250000000000099e+01 8.186730000000000000e+05
2.684039999999999893e+01 8.289840000000000000e+05
2.670230000000000103e+01 7.302260000000000000e+05
2.674840000000000018e+01 1.091159000000000000e+06
2.659179999999999922e+01 1.020970000000000000e+06
2.671150000000000091e+01 4.251750000000000000e+05
2.651820000000000022e+01 1.327421000000000000e+06
2.638929999999999865e+01 5.938515000000000000e+06
2.667470000000000141e+01 1.177464000000000000e+06
2.685889999999999844e+01 1.003929000000000000e+06
2.692330000000000112e+01 1.300558000000000000e+06
2.664709999999999823e+01 2.141818000000000000e+06
2.665630000000000166e+01 9.489220000000000000e+05
2.682199999999999918e+01 1.010340000000000000e+06
2.674840000000000018e+01 1.912049000000000000e+06
2.669310000000000116e+01 1.656777000000000000e+06
2.673000000000000043e+01 1.033749000000000000e+06
2.680359999999999943e+01 1.643700000000000000e+06
2.649060000000000059e+01 1.474182000000000000e+06
2.591969999999999885e+01 1.165771000000000000e+06
2.539480000000000004e+01 9.930820000000000000e+05
2.529360000000000142e+01 5.873330000000000000e+05
2.487000000000000099e+01 9.992590000000000000e+05
2.517389999999999972e+01 9.836950000000000000e+05
2.487920000000000087e+01 9.346420000000000000e+05
2.673000000000000043e+01 1.038922000000000000e+06
2.486080000000000112e+01 7.301070000000000000e+05
2.472269999999999968e+01 1.002285000000000000e+06
2.442800000000000082e+01 1.011418000000000000e+06
2.404129999999999967e+01 1.223120000000000000e+06
2.376510000000000034e+01 9.701030000000000000e+05
2.336909999999999954e+01 1.546051000000000000e+06
2.317579999999999885e+01 1.699674000000000000e+06
2.275219999999999843e+01 9.382970000000000000e+05
2.281670000000000087e+01 9.816630000000000000e+05
2.265090000000000003e+01 1.888961000000000000e+06
2.257730000000000103e+01 1.529454000000000000e+06
2.288109999999999999e+01 1.036448000000000000e+06
2.252199999999999847e+01 1.726060000000000000e+06
2.228259999999999863e+01 1.561676000000000000e+06
2.260490000000000066e+01 2.536330000000000000e+06
2.303770000000000095e+01 1.074471000000000000e+06
2.288109999999999999e+01 8.037470000000000000e+05
2.301920000000000144e+01 1.057137000000000000e+06
2.286270000000000024e+01 1.737477000000000000e+06
2.263250000000000028e+01 1.252964000000000000e+06
2.230099999999999838e+01 1.196643000000000000e+06
2.260490000000000066e+01 8.795069000000000000e+06
2.274299999999999855e+01 1.482038000000000000e+06
2.280750000000000099e+01 1.252820000000000000e+06
2.267859999999999943e+01 1.349775000000000000e+06
2.294559999999999889e+01 9.646060000000000000e+05
2.263250000000000028e+01 9.399520000000000000e+05
2.287190000000000012e+01 7.357650000000000000e+05
2.339679999999999893e+01 5.257900000000000000e+06
2.271539999999999893e+01 8.791000000000000000e+05
2.260490000000000066e+01 9.404000000000000000e+05
2.238390000000000057e+01 1.512100000000000000e+06
2.223659999999999926e+01 1.125600000000000000e+06
2.255890000000000128e+01 1.106800000000000000e+06
2.269699999999999918e+01 2.029100000000000000e+06
2.274299999999999855e+01 1.974600000000000000e+06
2.305610000000000070e+01 3.608600000000000000e+06
2.287190000000000012e+01 2.534800000000000000e+06
2.372820000000000107e+01 1.089800000000000000e+06
2.366379999999999839e+01 1.117500000000000000e+06
2.374670000000000059e+01 9.965000000000000000e+05
2.374670000000000059e+01 1.873200000000000000e+06
2.374670000000000059e+01 9.812000000000000000e+05
2.365459999999999852e+01 9.817000000000000000e+05
2.345200000000000173e+01 1.230600000000000000e+06
2.306530000000000058e+01 9.510000000000000000e+05
2.312969999999999970e+01 1.185400000000000000e+06
2.335069999999999979e+01 8.916000000000000000e+05
2.337829999999999941e+01 2.358000000000000000e+06
2.319419999999999860e+01 3.544500000000000000e+06
2.247599999999999909e+01 2.851800000000000000e+06
2.133419999999999916e+01 1.073700000000000000e+06
2.117770000000000152e+01 1.948100000000000000e+06
2.118690000000000140e+01 1.391700000000000000e+06
2.134339999999999904e+01 1.659100000000000000e+06
2.117770000000000152e+01 1.549700000000000000e+06
2.111329999999999885e+01 1.767500000000000000e+06
2.113169999999999860e+01 2.855000000000000000e+06
2.111329999999999885e+01 3.186900000000000000e+06
2.115930000000000177e+01 6.993400000000000000e+06
2.117770000000000152e+01 4.449000000000000000e+06
2.117770000000000152e+01 3.453900000000000000e+06
2.117770000000000152e+01 6.458100000000000000e+06
2.117770000000000152e+01 5.647750000000000000e+07
