6.889999999999999680e+00 5.152398000000000000e+06
7.450000000000000178e+00 3.450207000000000000e+06
8.060000000000000497e+00 3.075748000000000000e+06
8.410000000000000142e+00 3.146722000000000000e+06
8.320000000000000284e+00 3.230073000000000000e+06
8.759999999999999787e+00 5.611774000000000000e+06
8.240000000000000213e+00 7.212091000000000000e+06
8.009999999999999787e+00 6.609834000000000000e+06
7.139999999999999680e+00 3.337091000000000000e+06
7.230000000000000426e+00 1.103085900000000000e+07
8.009999999999999787e+00 4.963993000000000000e+06
7.389999999999999680e+00 6.419100000000000000e+06
8.960000000000000853e+00 6.924114000000000000e+06
8.330000000000000071e+00 4.275801000000000000e+06
9.480000000000000426e+00 3.824152000000000000e+06
8.750000000000000000e+00 6.531203000000000000e+06
9.990000000000000213e+00 5.597826000000000000e+06
1.028999999999999915e+01 5.025049000000000000e+06
9.910000000000000142e+00 4.272112000000000000e+06
1.114000000000000057e+01 7.528814000000000000e+06
1.173000000000000043e+01 4.597162000000000000e+06
1.239000000000000057e+01 4.389097000000000000e+06
1.219999999999999929e+01 7.170540000000000000e+06
1.249000000000000021e+01 6.344133000000000000e+06
1.248000000000000043e+01 9.194116000000000000e+06
1.255000000000000071e+01 5.847028000000000000e+06
1.303999999999999915e+01 3.369327000000000000e+06
1.346000000000000085e+01 3.226776000000000000e+06
1.414000000000000057e+01 3.689815000000000000e+06
1.457000000000000028e+01 2.993487000000000000e+06
1.493999999999999950e+01 3.033781000000000000e+06
1.496000000000000085e+01 3.273337000000000000e+06
1.500000000000000000e+01 4.694804000000000000e+06
1.544999999999999929e+01 3.637737000000000000e+06
1.513000000000000078e+01 4.984750000000000000e+06
1.544999999999999929e+01 6.483425000000000000e+06
1.511999999999999922e+01 1.611937700000000000e+07
1.814999999999999858e+01 2.534842000000000000e+06
1.796999999999999886e+01 2.154721000000000000e+06
1.839999999999999858e+01 1.479788000000000000e+06
1.850000000000000000e+01 1.661510000000000000e+06
1.842000000000000171e+01 2.277198000000000000e+06
1.798000000000000043e+01 2.482375000000000000e+06
1.796000000000000085e+01 1.339727000000000000e+06
1.855000000000000071e+01 1.176709000000000000e+06
1.867999999999999972e+01 1.239640000000000000e+06
1.867999999999999972e+01 1.284882000000000000e+06
1.844999999999999929e+01 1.236008000000000000e+06
1.860999999999999943e+01 1.607134000000000000e+06
1.878000000000000114e+01 1.682818000000000000e+06
1.830999999999999872e+01 1.450281000000000000e+06
1.808999999999999986e+01 2.151114000000000000e+06
1.837000000000000099e+01 2.270574000000000000e+06
1.901999999999999957e+01 1.426208000000000000e+06
1.889999999999999858e+01 1.344091000000000000e+06
1.876000000000000156e+01 1.999068000000000000e+06
1.803999999999999915e+01 1.518704000000000000e+06
1.776999999999999957e+01 1.123778000000000000e+06
1.778000000000000114e+01 1.925500000000000000e+06
1.816000000000000014e+01 2.479460000000000000e+06
1.858999999999999986e+01 2.641691000000000000e+06
1.837000000000000099e+01 4.200203000000000000e+06
1.926999999999999957e+01 2.711550000000000000e+06
1.923999999999999844e+01 3.372151000000000000e+06
1.917999999999999972e+01 1.982074000000000000e+06
1.898999999999999844e+01 1.793235000000000000e+06
1.925000000000000000e+01 1.271055000000000000e+06
1.955000000000000071e+01 8.569320000000000000e+05
1.939999999999999858e+01 6.694430000000000000e+05
1.937000000000000099e+01 1.098668000000000000e+06
1.930000000000000071e+01 3.177689000000000000e+06
1.901000000000000156e+01 1.731291000000000000e+06
1.903000000000000114e+01 1.666444000000000000e+06
1.869000000000000128e+01 2.185454000000000000e+06
1.858999999999999986e+01 2.724173000000000000e+06
1.778000000000000114e+01 2.030084000000000000e+06
1.751000000000000156e+01 2.396984000000000000e+06
1.751000000000000156e+01 1.726449000000000000e+06
1.769000000000000128e+01 1.695777000000000000e+06
1.769000000000000128e+01 1.829584000000000000e+06
1.744000000000000128e+01 2.166580000000000000e+06
1.719999999999999929e+01 2.711067000000000000e+06
1.701000000000000156e+01 2.369274000000000000e+06
1.662999999999999901e+01 2.238058000000000000e+06
1.687000000000000099e+01 2.786387000000000000e+06
1.730000000000000071e+01 2.322545000000000000e+06
1.748999999999999844e+01 7.467085000000000000e+06
1.646999999999999886e+01 4.431197000000000000e+06
1.566999999999999993e+01 2.124030000000000000e+06
1.566000000000000014e+01 2.019057000000000000e+06
1.524000000000000021e+01 3.284643000000000000e+06
1.542999999999999972e+01 2.071212000000000000e+06
1.560999999999999943e+01 1.898771000000000000e+06
1.572000000000000064e+01 1.820730000000000000e+06
1.597000000000000064e+01 2.984014000000000000e+06
1.556000000000000050e+01 1.672773000000000000e+06
1.566999999999999993e+01 2.698015000000000000e+06
1.558000000000000007e+01 2.924583000000000000e+06
1.596000000000000085e+01 2.506897000000000000e+06
1.588000000000000078e+01 2.611704000000000000e+06
1.607999999999999829e+01 3.658577000000000000e+06
1.651000000000000156e+01 3.399889000000000000e+06
1.630999999999999872e+01 7.890614000000000000e+06
1.543999999999999950e+01 1.868341300000000000e+07
1.891000000000000014e+01 1.857110000000000000e+06
1.850000000000000000e+01 1.043258000000000000e+06
1.862000000000000099e+01 1.146544000000000000e+06
1.871999999999999886e+01 1.072483000000000000e+06
1.903999999999999915e+01 1.523659000000000000e+06
1.905999999999999872e+01 1.195902000000000000e+06
1.901000000000000156e+01 1.952853000000000000e+06
1.901000000000000156e+01 1.281411000000000000e+06
1.942000000000000171e+01 3.786808000000000000e+06
1.817000000000000171e+01 1.041645000000000000e+06
1.780999999999999872e+01 2.472329000000000000e+06
1.846000000000000085e+01 1.383143000000000000e+06
1.835999999999999943e+01 1.400745000000000000e+06
1.846000000000000085e+01 1.267777000000000000e+06
1.823000000000000043e+01 1.311046000000000000e+06
1.826000000000000156e+01 1.193203000000000000e+06
1.785000000000000142e+01 1.060461000000000000e+06
1.775000000000000000e+01 1.065132000000000000e+06
1.735000000000000142e+01 1.150608000000000000e+06
1.746999999999999886e+01 1.503544000000000000e+06
1.758999999999999986e+01 1.184009000000000000e+06
1.750000000000000000e+01 1.836005000000000000e+06
1.751999999999999957e+01 1.931661000000000000e+06
1.801000000000000156e+01 1.741045000000000000e+06
1.812999999999999901e+01 1.222726000000000000e+06
1.778999999999999915e+01 1.476731000000000000e+06
1.796999999999999886e+01 9.949270000000000000e+05
1.785000000000000142e+01 1.511432000000000000e+06
1.766000000000000014e+01 1.753469000000000000e+06
1.798999999999999844e+01 1.049535000000000000e+06
1.798000000000000043e+01 2.446567000000000000e+06
1.842000000000000171e+01 2.113674000000000000e+06
1.889000000000000057e+01 1.694203000000000000e+06
1.901999999999999957e+01 1.290421000000000000e+06
1.901999999999999957e+01 1.570120000000000000e+06
1.907000000000000028e+01 2.369418000000000000e+06
1.923000000000000043e+01 1.485949000000000000e+06
1.914000000000000057e+01 1.854570000000000000e+06
1.860000000000000142e+01 1.515192000000000000e+06
1.832000000000000028e+01 2.178464000000000000e+06
1.778000000000000114e+01 1.474311000000000000e+06
1.791000000000000014e+01 1.615848000000000000e+06
1.723999999999999844e+01 1.640730000000000000e+06
1.687999999999999901e+01 1.324395000000000000e+06
1.692000000000000171e+01 1.803051000000000000e+06
1.696000000000000085e+01 2.099265000000000000e+06
1.650000000000000000e+01 1.601131000000000000e+06
1.612000000000000099e+01 2.834596000000000000e+06
1.630999999999999872e+01 1.931248000000000000e+06
1.614999999999999858e+01 2.766646000000000000e+06
1.714000000000000057e+01 2.089719000000000000e+06
1.692000000000000171e+01 1.714198000000000000e+06
1.673999999999999844e+01 3.032865000000000000e+06
1.685000000000000142e+01 1.526702000000000000e+06
1.678999999999999915e+01 1.540992000000000000e+06
1.650000000000000000e+01 2.043538000000000000e+06
1.696000000000000085e+01 3.036066000000000000e+06
1.782999999999999829e+01 2.785180000000000000e+06
1.769999999999999929e+01 2.339054000000000000e+06
1.814999999999999858e+01 3.094699000000000000e+06
1.880000000000000071e+01 2.544132000000000000e+06
1.883999999999999986e+01 3.022923000000000000e+06
1.896999999999999886e+01 2.501668000000000000e+06
1.839999999999999858e+01 2.445947000000000000e+06
1.919000000000000128e+01 3.604236000000000000e+06
1.912000000000000099e+01 4.653209000000000000e+06
2.033999999999999986e+01 4.160930000000000000e+06
2.105000000000000071e+01 8.916670000000000000e+06
2.439000000000000057e+01 2.516009000000000000e+06
2.417000000000000171e+01 1.189250000000000000e+06
2.414000000000000057e+01 1.842449000000000000e+06
2.423000000000000043e+01 1.185299000000000000e+06
2.416000000000000014e+01 1.363029000000000000e+06
2.360999999999999943e+01 9.754420000000000000e+05
2.394999999999999929e+01 1.285739000000000000e+06
2.391000000000000014e+01 1.621587000000000000e+06
2.382999999999999829e+01 2.470008000000000000e+06
2.426000000000000156e+01 2.426751000000000000e+06
2.430000000000000071e+01 2.134990000000000000e+06
2.398000000000000043e+01 2.103318000000000000e+06
2.321999999999999886e+01 1.113017000000000000e+06
2.301999999999999957e+01 1.610345000000000000e+06
2.321000000000000085e+01 1.388387000000000000e+06
2.312999999999999901e+01 1.703324000000000000e+06
2.264999999999999858e+01 1.155964000000000000e+06
2.269999999999999929e+01 1.024551000000000000e+06
2.232999999999999829e+01 1.632011000000000000e+06
2.207000000000000028e+01 1.618219000000000000e+06
2.219999999999999929e+01 2.381214000000000000e+06
2.214999999999999858e+01 1.863857000000000000e+06
2.207000000000000028e+01 1.805309000000000000e+06
2.185999999999999943e+01 2.364916000000000000e+06
2.244999999999999929e+01 2.410183000000000000e+06
2.310000000000000142e+01 2.236001000000000000e+06
2.348999999999999844e+01 1.794973000000000000e+06
2.375000000000000000e+01 1.641950000000000000e+06
2.400000000000000000e+01 1.943114000000000000e+06
2.351999999999999957e+01 1.413647000000000000e+06
2.385000000000000142e+01 1.609149000000000000e+06
2.348999999999999844e+01 1.942402000000000000e+06
2.292000000000000171e+01 1.270936000000000000e+06
2.310000000000000142e+01 1.889452000000000000e+06
2.269000000000000128e+01 2.033302000000000000e+06
2.289000000000000057e+01 1.818924000000000000e+06
2.253000000000000114e+01 2.102867000000000000e+06
2.260000000000000142e+01 2.993222000000000000e+06
2.169999999999999929e+01 2.844309000000000000e+06
2.071999999999999886e+01 2.692038000000000000e+06
2.023000000000000043e+01 2.097045000000000000e+06
2.044000000000000128e+01 1.409903000000000000e+06
2.032000000000000028e+01 2.491009000000000000e+06
2.096000000000000085e+01 2.174070000000000000e+06
2.091000000000000014e+01 2.009155000000000000e+06
2.085000000000000142e+01 3.173595000000000000e+06
2.137000000000000099e+01 2.566605000000000000e+06
2.116000000000000014e+01 2.918022000000000000e+06
2.085999999999999943e+01 4.049419000000000000e+06
2.069999999999999929e+01 6.150882000000000000e+06
1.935999999999999943e+01 2.102990000000000000e+06
1.894999999999999929e+01 2.169439000000000000e+06
1.912999999999999901e+01 2.240245000000000000e+06
1.853000000000000114e+01 2.366977000000000000e+06
1.923000000000000043e+01 2.633226000000000000e+06
1.960999999999999943e+01 2.487049000000000000e+06
1.980000000000000071e+01 1.987228000000000000e+06
1.951000000000000156e+01 2.713969000000000000e+06
1.985999999999999943e+01 1.985837000000000000e+06
2.023999999999999844e+01 2.665295000000000000e+06
2.039000000000000057e+01 5.326571000000000000e+06
1.967999999999999972e+01 4.399378000000000000e+06
2.071999999999999886e+01 2.595131000000000000e+06
2.055999999999999872e+01 1.447447000000000000e+06
2.039999999999999858e+01 1.477464000000000000e+06
2.010000000000000142e+01 2.718145000000000000e+06
2.030000000000000071e+01 2.042645000000000000e+06
1.994000000000000128e+01 2.465218000000000000e+06
1.953999999999999915e+01 1.431443000000000000e+06
1.973999999999999844e+01 2.213695000000000000e+06
1.966000000000000014e+01 2.132253000000000000e+06
1.950000000000000000e+01 1.665865000000000000e+06
1.976999999999999957e+01 1.537468000000000000e+06
1.969000000000000128e+01 9.790940000000000000e+05
1.933999999999999986e+01 9.110110000000000000e+05
1.932000000000000028e+01 1.917990000000000000e+06
1.871000000000000085e+01 2.461347000000000000e+06
1.950000000000000000e+01 1.433994000000000000e+06
1.964000000000000057e+01 1.474242000000000000e+06
1.976999999999999957e+01 1.721862000000000000e+06
1.914000000000000057e+01 1.948209000000000000e+06
1.903000000000000114e+01 1.592574000000000000e+06
1.883999999999999986e+01 1.375134000000000000e+06
1.887000000000000099e+01 1.456023000000000000e+06
1.894999999999999929e+01 1.237034000000000000e+06
1.871999999999999886e+01 1.235213000000000000e+06
1.858999999999999986e+01 1.421497000000000000e+06
1.857999999999999829e+01 1.723073000000000000e+06
1.841000000000000014e+01 2.131058000000000000e+06
1.928000000000000114e+01 1.303952000000000000e+06
1.900000000000000000e+01 1.739585000000000000e+06
1.973000000000000043e+01 1.835439000000000000e+06
1.985000000000000142e+01 1.975121000000000000e+06
1.980000000000000071e+01 2.370457000000000000e+06
1.989999999999999858e+01 1.420808000000000000e+06
1.969999999999999929e+01 2.298599000000000000e+06
1.969000000000000128e+01 4.281608000000000000e+06
1.969000000000000128e+01 1.843775000000000000e+06
1.910999999999999943e+01 1.576219000000000000e+06
1.935999999999999943e+01 1.925354000000000000e+06
1.942999999999999972e+01 1.675395000000000000e+06
1.982999999999999829e+01 1.760534000000000000e+06
1.985000000000000142e+01 1.717433000000000000e+06
2.041000000000000014e+01 2.078728000000000000e+06
2.007999999999999829e+01 3.036346000000000000e+06
2.007999999999999829e+01 4.550839000000000000e+06
1.937000000000000099e+01 3.626938000000000000e+06
1.962999999999999901e+01 2.500905000000000000e+06
1.966000000000000014e+01 1.868622000000000000e+06
1.941000000000000014e+01 2.961650000000000000e+06
1.917999999999999972e+01 2.189188000000000000e+06
1.939000000000000057e+01 4.010140000000000000e+06
1.903999999999999915e+01 5.324392000000000000e+06
1.978000000000000114e+01 2.666988000000000000e+06
1.987999999999999901e+01 5.238302000000000000e+06
2.001000000000000156e+01 1.014967500000000000e+07
1.914999999999999858e+01 2.392094000000000000e+06
1.903999999999999915e+01 2.485591000000000000e+06
1.862999999999999901e+01 2.127861000000000000e+06
1.892999999999999972e+01 1.555606000000000000e+06
1.910000000000000142e+01 1.684527000000000000e+06
1.892999999999999972e+01 1.190832000000000000e+06
1.885999999999999943e+01 1.288383000000000000e+06
1.894000000000000128e+01 2.174550000000000000e+06
1.901000000000000156e+01 1.310814000000000000e+06
1.892999999999999972e+01 1.395832000000000000e+06
1.937000000000000099e+01 1.864491000000000000e+06
1.948999999999999844e+01 2.385263000000000000e+06
1.885999999999999943e+01 2.007497000000000000e+06
1.839999999999999858e+01 1.720408000000000000e+06
1.858999999999999986e+01 3.254001000000000000e+06
1.855000000000000071e+01 2.374417000000000000e+06
1.814999999999999858e+01 1.883877000000000000e+06
1.776999999999999957e+01 1.294040000000000000e+06
1.792000000000000171e+01 2.286559000000000000e+06
1.787999999999999901e+01 1.744958000000000000e+06
1.785999999999999943e+01 2.382706000000000000e+06
1.755000000000000071e+01 2.132060000000000000e+06
1.762000000000000099e+01 1.829552000000000000e+06
1.723999999999999844e+01 1.928912000000000000e+06
1.710999999999999943e+01 1.909236000000000000e+06
1.660000000000000142e+01 1.770539000000000000e+06
1.596000000000000085e+01 2.282016000000000000e+06
1.644999999999999929e+01 2.711581000000000000e+06
1.617000000000000171e+01 2.277701000000000000e+06
1.599000000000000021e+01 2.267444000000000000e+06
1.625000000000000000e+01 2.270830000000000000e+06
1.623000000000000043e+01 2.559625000000000000e+06
1.518999999999999950e+01 1.937421000000000000e+06
1.541000000000000014e+01 5.145255000000000000e+06
1.607999999999999829e+01 5.253775000000000000e+06
1.664000000000000057e+01 3.033752000000000000e+06
1.739999999999999858e+01 3.209792000000000000e+06
1.701999999999999957e+01 3.612104000000000000e+06
1.773000000000000043e+01 4.256150000000000000e+06
1.780999999999999872e+01 7.154360000000000000e+06
1.901000000000000156e+01 8.768410000000000000e+06
2.087000000000000099e+01 2.897427000000000000e+06
2.101000000000000156e+01 3.520983000000000000e+06
2.207000000000000028e+01 4.241854000000000000e+06
2.257999999999999829e+01 3.909443000000000000e+06
2.196999999999999886e+01 3.563049000000000000e+06
2.253000000000000114e+01 4.191890000000000000e+06
2.232999999999999829e+01 4.723151000000000000e+06
2.175000000000000000e+01 2.886475000000000000e+06
2.157000000000000028e+01 4.256893000000000000e+06
2.039999999999999858e+01 2.608871000000000000e+06
2.066000000000000014e+01 2.520523000000000000e+06
2.007999999999999829e+01 1.318345000000000000e+06
2.003000000000000114e+01 2.393589000000000000e+06
1.937999999999999901e+01 3.298815000000000000e+06
1.942000000000000171e+01 3.300235000000000000e+06
2.021000000000000085e+01 3.419715000000000000e+06
2.089999999999999858e+01 3.702723000000000000e+06
2.094999999999999929e+01 3.026590000000000000e+06
2.110999999999999943e+01 3.284472000000000000e+06
2.082000000000000028e+01 2.975154000000000000e+06
2.073999999999999844e+01 2.850065000000000000e+06
2.073999999999999844e+01 2.708776000000000000e+06
2.066000000000000014e+01 2.820794000000000000e+06
2.091000000000000014e+01 3.881375000000000000e+06
2.146000000000000085e+01 4.608609000000000000e+06
2.142000000000000171e+01 3.477968000000000000e+06
2.110999999999999943e+01 4.580905000000000000e+06
1.982999999999999829e+01 6.971619000000000000e+06
2.096999999999999886e+01 1.247089400000000000e+07
1.680999999999999872e+01 4.068643000000000000e+06
1.655000000000000071e+01 3.200439000000000000e+06
1.703000000000000114e+01 1.799411000000000000e+06
1.673999999999999844e+01 2.162752000000000000e+06
1.694000000000000128e+01 2.386495000000000000e+06
1.703999999999999915e+01 1.653845000000000000e+06
1.680000000000000071e+01 2.235367000000000000e+06
1.714000000000000057e+01 1.751337000000000000e+06
1.755999999999999872e+01 1.292191000000000000e+06
1.791000000000000014e+01 2.569410000000000000e+06
1.730999999999999872e+01 1.317703000000000000e+06
1.726999999999999957e+01 2.514048000000000000e+06
1.682000000000000028e+01 3.959933000000000000e+06
1.680999999999999872e+01 3.054119000000000000e+06
1.771999999999999886e+01 1.719521000000000000e+06
1.767999999999999972e+01 1.824751000000000000e+06
1.780999999999999872e+01 2.212138000000000000e+06
1.828999999999999915e+01 1.872498000000000000e+06
1.885000000000000142e+01 1.709898000000000000e+06
1.851999999999999957e+01 2.685246000000000000e+06
1.933999999999999986e+01 2.227265000000000000e+06
1.946000000000000085e+01 2.141594000000000000e+06
1.923999999999999844e+01 1.697542000000000000e+06
1.926999999999999957e+01 2.507625000000000000e+06
1.873999999999999844e+01 1.772380000000000000e+06
1.883999999999999986e+01 2.055573000000000000e+06
1.869999999999999929e+01 5.679500000000000000e+06
1.814999999999999858e+01 5.526402000000000000e+06
1.728000000000000114e+01 1.974800000000000000e+06
1.746000000000000085e+01 3.148254000000000000e+06
1.767000000000000171e+01 2.868509000000000000e+06
1.773999999999999844e+01 3.061892000000000000e+06
1.835000000000000142e+01 1.374363000000000000e+06
1.864000000000000057e+01 1.564852000000000000e+06
1.876000000000000156e+01 2.252824000000000000e+06
1.871999999999999886e+01 2.440834000000000000e+06
1.842000000000000171e+01 3.230993000000000000e+06
1.917999999999999972e+01 1.950848000000000000e+06
1.919000000000000128e+01 2.830421000000000000e+06
1.930999999999999872e+01 3.048984000000000000e+06
1.896999999999999886e+01 1.896940000000000000e+06
1.903999999999999915e+01 2.221494000000000000e+06
1.930000000000000071e+01 6.093011000000000000e+06
1.928999999999999915e+01 1.628962000000000000e+06
1.903000000000000114e+01 1.958143000000000000e+06
1.971000000000000085e+01 2.173428000000000000e+06
1.994000000000000128e+01 1.944524000000000000e+06
1.982000000000000028e+01 1.408776000000000000e+06
1.985999999999999943e+01 1.832095000000000000e+06
1.944999999999999929e+01 2.014953000000000000e+06
1.892000000000000171e+01 1.214877000000000000e+06
1.921999999999999886e+01 1.263006000000000000e+06
1.901999999999999957e+01 2.345262000000000000e+06
1.978999999999999915e+01 2.653611000000000000e+06
1.921000000000000085e+01 2.758844000000000000e+06
1.914000000000000057e+01 1.468704000000000000e+06
1.914999999999999858e+01 1.913965000000000000e+06
1.876000000000000156e+01 1.932635000000000000e+06
1.848999999999999844e+01 1.946576000000000000e+06
1.837000000000000099e+01 1.806622000000000000e+06
1.837999999999999901e+01 3.051260000000000000e+06
1.817000000000000171e+01 2.784678000000000000e+06
1.776999999999999957e+01 4.021288000000000000e+06
1.873999999999999844e+01 3.102941000000000000e+06
1.867999999999999972e+01 2.421085000000000000e+06
1.928000000000000114e+01 4.570334000000000000e+06
2.055000000000000071e+01 5.609531000000000000e+06
1.973999999999999844e+01 3.180594000000000000e+06
1.923999999999999844e+01 2.735815000000000000e+06
1.982999999999999829e+01 1.551929000000000000e+06
2.001999999999999957e+01 1.460430000000000000e+06
2.019000000000000128e+01 2.824669000000000000e+06
2.001999999999999957e+01 3.865108000000000000e+06
2.001000000000000156e+01 2.611375000000000000e+06
2.010999999999999943e+01 2.565013000000000000e+06
2.023000000000000043e+01 2.434976000000000000e+06
2.050000000000000000e+01 1.925918000000000000e+06
2.083999999999999986e+01 1.386601000000000000e+06
2.114999999999999858e+01 1.797233000000000000e+06
2.080000000000000071e+01 2.881076000000000000e+06
2.087000000000000099e+01 1.268591000000000000e+06
2.075000000000000000e+01 1.816085000000000000e+06
2.110000000000000142e+01 1.491535000000000000e+06
2.114999999999999858e+01 3.962936000000000000e+06
2.107999999999999829e+01 4.638733000000000000e+06
2.183999999999999986e+01 3.331510000000000000e+06
2.121999999999999886e+01 2.793192000000000000e+06
2.107999999999999829e+01 2.043328000000000000e+06
2.076000000000000156e+01 2.945891000000000000e+06
2.078999999999999915e+01 3.344183000000000000e+06
2.107999999999999829e+01 1.916885000000000000e+06
2.135999999999999943e+01 2.494607000000000000e+06
2.085999999999999943e+01 3.272942000000000000e+06
2.155999999999999872e+01 3.574568000000000000e+06
2.146999999999999886e+01 4.358892000000000000e+06
2.173000000000000043e+01 3.730286000000000000e+06
2.176999999999999957e+01 3.294141000000000000e+06
2.212999999999999901e+01 3.171840000000000000e+06
2.217000000000000171e+01 4.748416000000000000e+06
2.239999999999999858e+01 4.490046000000000000e+06
2.164999999999999858e+01 5.458373000000000000e+06
2.210000000000000142e+01 9.962960000000000000e+06
2.130000000000000071e+01 5.357291000000000000e+06
2.046999999999999886e+01 6.047989000000000000e+06
1.932999999999999829e+01 2.977537000000000000e+06
1.892000000000000171e+01 3.967958000000000000e+06
1.919999999999999929e+01 3.291488000000000000e+06
1.857000000000000028e+01 2.723064000000000000e+06
1.887999999999999901e+01 4.151047000000000000e+06
1.839000000000000057e+01 2.926649000000000000e+06
1.789000000000000057e+01 1.725109000000000000e+06
1.780999999999999872e+01 1.621047000000000000e+06
1.796999999999999886e+01 1.497772000000000000e+06
1.800000000000000000e+01 2.952551000000000000e+06
1.783999999999999986e+01 4.480178000000000000e+06
1.830999999999999872e+01 6.697363000000000000e+06
1.712999999999999901e+01 4.646357000000000000e+06
1.666000000000000014e+01 1.583021000000000000e+06
1.689999999999999858e+01 2.138461000000000000e+06
1.664000000000000057e+01 1.790970000000000000e+06
1.651000000000000156e+01 2.289788000000000000e+06
1.651000000000000156e+01 3.578229000000000000e+06
1.625000000000000000e+01 2.981243000000000000e+06
1.573000000000000043e+01 2.261433000000000000e+06
1.557000000000000028e+01 3.518697000000000000e+06
1.637000000000000099e+01 6.222166000000000000e+06
1.614999999999999858e+01 1.026079400000000000e+07
1.534999999999999964e+01 4.767829000000000000e+06
1.536999999999999922e+01 5.480630000000000000e+06
1.468999999999999950e+01 1.861279000000000000e+06
1.432000000000000028e+01 2.255050000000000000e+06
1.481000000000000050e+01 2.998860000000000000e+06
1.460999999999999943e+01 3.520344000000000000e+06
1.399000000000000021e+01 1.612603000000000000e+06
1.400999999999999979e+01 1.566977000000000000e+06
1.401999999999999957e+01 2.469366000000000000e+06
1.419999999999999929e+01 2.680452000000000000e+06
1.434999999999999964e+01 1.528343000000000000e+06
1.433999999999999986e+01 3.016977000000000000e+06
1.499000000000000021e+01 1.639663000000000000e+06
1.471000000000000085e+01 2.044848000000000000e+06
1.458000000000000007e+01 1.850269000000000000e+06
1.440000000000000036e+01 2.432646000000000000e+06
1.475000000000000000e+01 2.217519000000000000e+06
1.518999999999999950e+01 3.424641000000000000e+06
1.564000000000000057e+01 6.667750000000000000e+06
1.473000000000000043e+01 3.206588000000000000e+06
1.399000000000000021e+01 3.548753000000000000e+06
1.434999999999999964e+01 2.458724000000000000e+06
1.418999999999999950e+01 2.413800000000000000e+06
1.432000000000000028e+01 4.115194000000000000e+06
1.446000000000000085e+01 3.815498000000000000e+06
1.372000000000000064e+01 2.509866000000000000e+06
1.371000000000000085e+01 2.030652000000000000e+06
1.407000000000000028e+01 2.244370000000000000e+06
1.400999999999999979e+01 2.919045000000000000e+06
1.407000000000000028e+01 2.929897000000000000e+06
1.408000000000000007e+01 4.030187000000000000e+06
1.383000000000000007e+01 2.784142000000000000e+06
1.401999999999999957e+01 6.098424000000000000e+06
1.458000000000000007e+01 4.445108000000000000e+06
1.524000000000000021e+01 3.163785000000000000e+06
1.517999999999999972e+01 2.683202000000000000e+06
1.528999999999999915e+01 2.172921000000000000e+06
1.550000000000000000e+01 2.661374000000000000e+06
1.573000000000000043e+01 4.001851000000000000e+06
1.556000000000000050e+01 3.610569000000000000e+06
1.523000000000000043e+01 5.519901000000000000e+06
1.439000000000000057e+01 5.492570000000000000e+06
1.505000000000000071e+01 3.566045000000000000e+06
1.508999999999999986e+01 3.278301000000000000e+06
1.541999999999999993e+01 3.363757000000000000e+06
1.530000000000000071e+01 2.202616000000000000e+06
1.497000000000000064e+01 2.887294000000000000e+06
1.532000000000000028e+01 3.002564000000000000e+06
1.541000000000000014e+01 4.577259000000000000e+06
1.577999999999999936e+01 5.394572000000000000e+06
1.653999999999999915e+01 8.753163000000000000e+06
1.614000000000000057e+01 1.049728400000000000e+07
1.528999999999999915e+01 2.063201000000000000e+07
1.317999999999999972e+01 7.978030000000000000e+06
1.246000000000000085e+01 5.612928000000000000e+06
1.194999999999999929e+01 3.265086000000000000e+06
1.215000000000000036e+01 3.773567000000000000e+06
1.205000000000000071e+01 6.076501000000000000e+06
1.186999999999999922e+01 3.061873000000000000e+06
1.241000000000000014e+01 2.604891000000000000e+06
1.269999999999999929e+01 2.923751000000000000e+06
1.284999999999999964e+01 3.159639000000000000e+06
1.299000000000000021e+01 3.006988000000000000e+06
1.317999999999999972e+01 3.493115000000000000e+06
1.326999999999999957e+01 2.522155000000000000e+06
1.331000000000000050e+01 3.314320000000000000e+06
1.360999999999999943e+01 3.957704000000000000e+06
1.358999999999999986e+01 4.137762000000000000e+06
1.327999999999999936e+01 4.706166000000000000e+06
1.284999999999999964e+01 6.098864000000000000e+06
1.236999999999999922e+01 6.667315000000000000e+06
1.239000000000000057e+01 6.998575000000000000e+06
1.248000000000000043e+01 1.421922400000000000e+07
1.414000000000000057e+01 4.570610000000000000e+06
1.413000000000000078e+01 6.413134000000000000e+06
1.393999999999999950e+01 5.958195000000000000e+06
1.409999999999999964e+01 8.730784000000000000e+06
1.477999999999999936e+01 4.823790000000000000e+06
1.473000000000000043e+01 9.329878000000000000e+06
1.475000000000000000e+01 6.011142000000000000e+06
1.440000000000000036e+01 4.815735000000000000e+06
1.397000000000000064e+01 6.260048000000000000e+06
1.332000000000000028e+01 6.664631000000000000e+06
1.414000000000000057e+01 4.624306000000000000e+06
1.423000000000000043e+01 5.020611000000000000e+06
1.407000000000000028e+01 3.030561000000000000e+06
1.380000000000000071e+01 6.299686000000000000e+06
1.394999999999999929e+01 6.556171000000000000e+06
1.372000000000000064e+01 5.346312000000000000e+06
1.409999999999999964e+01 4.614656000000000000e+06
1.424000000000000021e+01 1.027714900000000000e+07
1.361999999999999922e+01 1.813601800000000000e+07
1.244999999999999929e+01 2.644083000000000000e+06
1.235999999999999943e+01 2.788801000000000000e+06
1.238000000000000078e+01 3.503968000000000000e+06
1.217999999999999972e+01 3.250706000000000000e+06
1.218999999999999950e+01 3.866865000000000000e+06
1.192999999999999972e+01 3.202059000000000000e+06
1.155000000000000071e+01 3.518989000000000000e+06
1.172000000000000064e+01 3.004358000000000000e+06
1.198000000000000043e+01 3.455130000000000000e+06
1.173000000000000043e+01 4.208102000000000000e+06
1.192999999999999972e+01 4.329924000000000000e+06
1.217999999999999972e+01 5.618725000000000000e+06
1.150999999999999979e+01 2.692655000000000000e+06
1.134999999999999964e+01 3.436510000000000000e+06
1.158999999999999986e+01 2.187880000000000000e+06
1.166999999999999993e+01 3.816686000000000000e+06
1.135999999999999943e+01 1.057851400000000000e+07
1.207000000000000028e+01 6.060219000000000000e+06
1.173000000000000043e+01 7.959649000000000000e+06
1.127999999999999936e+01 3.843718000000000000e+06
1.110999999999999943e+01 4.761165000000000000e+06
1.091999999999999993e+01 3.579922000000000000e+06
1.094999999999999929e+01 1.569669000000000000e+06
1.136999999999999922e+01 7.578960000000000000e+06
1.099000000000000021e+01 8.013323000000000000e+06
1.083000000000000007e+01 5.559942000000000000e+06
1.074000000000000021e+01 7.864153000000000000e+06
1.097000000000000064e+01 8.813211000000000000e+06
1.058999999999999986e+01 8.876167000000000000e+06
1.083999999999999986e+01 1.880910600000000000e+07
1.128999999999999915e+01 2.156417300000000000e+07
1.152999999999999936e+01 3.687503000000000000e+07
1.474000000000000021e+01 8.698242000000000000e+06
1.440000000000000036e+01 5.442945000000000000e+06
1.465000000000000036e+01 5.005065000000000000e+06
1.465000000000000036e+01 5.653148000000000000e+06
1.483000000000000007e+01 5.473613000000000000e+06
1.522000000000000064e+01 5.154049000000000000e+06
1.591000000000000014e+01 6.693168000000000000e+06
1.501999999999999957e+01 2.132916000000000000e+06
1.498000000000000043e+01 2.461927000000000000e+06
1.510999999999999943e+01 2.154365000000000000e+06
1.498000000000000043e+01 2.416282000000000000e+06
1.494999999999999929e+01 3.968764000000000000e+06
1.522000000000000064e+01 2.790127000000000000e+06
1.515000000000000036e+01 2.483335000000000000e+06
1.550999999999999979e+01 2.310374000000000000e+06
1.530000000000000071e+01 2.684979000000000000e+06
1.546000000000000085e+01 4.302733000000000000e+06
1.502999999999999936e+01 3.128646000000000000e+06
1.502999999999999936e+01 2.797803000000000000e+06
1.525999999999999979e+01 2.527277000000000000e+06
1.508000000000000007e+01 3.161174000000000000e+06
1.501999999999999957e+01 4.253648000000000000e+06
1.507000000000000028e+01 2.508181000000000000e+06
1.506000000000000050e+01 5.088829000000000000e+06
1.514000000000000057e+01 3.536841000000000000e+06
1.539000000000000057e+01 3.452409000000000000e+06
1.503999999999999915e+01 2.370199000000000000e+06
1.513000000000000078e+01 2.573400000000000000e+06
1.524000000000000021e+01 4.531192000000000000e+06
1.569999999999999929e+01 4.986583000000000000e+06
1.614000000000000057e+01 2.505695000000000000e+06
1.646000000000000085e+01 3.212794000000000000e+06
1.651999999999999957e+01 3.724986000000000000e+06
1.687000000000000099e+01 3.899490000000000000e+06
1.625000000000000000e+01 3.147109000000000000e+06
1.633999999999999986e+01 2.781087000000000000e+06
1.612000000000000099e+01 2.233777000000000000e+06
1.598000000000000043e+01 2.818507000000000000e+06
1.580000000000000071e+01 2.392477000000000000e+06
1.561999999999999922e+01 2.702666000000000000e+06
1.539000000000000057e+01 3.544314000000000000e+06
1.509999999999999964e+01 3.602310000000000000e+06
1.517999999999999972e+01 3.754028000000000000e+06
1.533999999999999986e+01 4.397945000000000000e+06
1.577999999999999936e+01 2.044209000000000000e+06
1.593999999999999950e+01 2.344684000000000000e+06
1.573000000000000043e+01 2.348658000000000000e+06
1.555000000000000071e+01 1.849935000000000000e+06
1.541999999999999993e+01 2.865545000000000000e+06
1.515000000000000036e+01 5.845142000000000000e+06
1.564000000000000057e+01 5.358884000000000000e+06
1.628000000000000114e+01 3.754083000000000000e+06
1.667999999999999972e+01 2.543124000000000000e+06
1.666000000000000014e+01 6.910023000000000000e+06
1.710999999999999943e+01 2.566535000000000000e+06
1.680000000000000071e+01 1.949169000000000000e+06
1.682000000000000028e+01 3.530631000000000000e+06
1.717000000000000171e+01 2.376715000000000000e+06
1.721000000000000085e+01 4.374925000000000000e+06
1.662999999999999901e+01 2.947579000000000000e+06
1.660999999999999943e+01 4.044192000000000000e+06
1.633999999999999986e+01 5.185983000000000000e+06
1.646999999999999886e+01 6.102073000000000000e+06
1.623000000000000043e+01 2.317835400000000000e+07
1.810999999999999943e+01 6.816767000000000000e+06
1.735999999999999943e+01 2.974086000000000000e+06
1.737000000000000099e+01 5.209009000000000000e+06
1.755000000000000071e+01 5.815185000000000000e+06
1.812000000000000099e+01 4.276134000000000000e+06
1.826000000000000156e+01 8.226751000000000000e+06
1.883999999999999986e+01 3.763006000000000000e+06
1.905000000000000071e+01 1.833035000000000000e+06
1.891000000000000014e+01 1.793403000000000000e+06
1.867999999999999972e+01 3.504897000000000000e+06
1.882000000000000028e+01 2.995437000000000000e+06
1.892999999999999972e+01 2.969472000000000000e+06
1.862999999999999901e+01 2.195667000000000000e+06
1.857999999999999829e+01 2.673229000000000000e+06
1.892000000000000171e+01 2.646337000000000000e+06
1.912999999999999901e+01 2.296159000000000000e+06
1.921999999999999886e+01 2.108514000000000000e+06
1.910000000000000142e+01 3.727292000000000000e+06
2.039999999999999858e+01 1.908219000000000000e+06
2.051999999999999957e+01 2.086423000000000000e+06
2.016000000000000014e+01 2.476180000000000000e+06
1.980000000000000071e+01 2.711529000000000000e+06
2.000000000000000000e+01 2.460694000000000000e+06
1.989999999999999858e+01 2.368844000000000000e+06
1.992000000000000171e+01 2.187162000000000000e+06
1.964999999999999858e+01 2.497161000000000000e+06
1.923999999999999844e+01 2.742663000000000000e+06
1.875000000000000000e+01 4.345738000000000000e+06
1.901000000000000156e+01 3.280910000000000000e+06
1.967000000000000171e+01 2.293256000000000000e+06
1.967999999999999972e+01 4.369181000000000000e+06
2.032999999999999829e+01 3.978304000000000000e+06
2.108999999999999986e+01 4.153847000000000000e+06
2.125000000000000000e+01 6.619173000000000000e+06
2.119999999999999929e+01 5.906674000000000000e+06
2.021000000000000085e+01 3.631588000000000000e+06
1.960000000000000142e+01 3.481441000000000000e+06
1.921999999999999886e+01 4.888468000000000000e+06
1.896999999999999886e+01 2.702609000000000000e+06
1.894999999999999929e+01 2.380697000000000000e+06
1.871999999999999886e+01 3.441176000000000000e+06
1.839000000000000057e+01 3.272005000000000000e+06
1.782999999999999829e+01 3.547474000000000000e+06
1.801000000000000156e+01 2.483597000000000000e+06
1.807000000000000028e+01 1.546808000000000000e+06
1.801000000000000156e+01 2.371438000000000000e+06
1.810999999999999943e+01 2.309732000000000000e+06
1.803999999999999915e+01 2.155312000000000000e+06
1.792000000000000171e+01 2.181637000000000000e+06
1.785999999999999943e+01 4.089401000000000000e+06
1.762999999999999901e+01 2.978376000000000000e+06
1.769999999999999929e+01 4.440403000000000000e+06
1.796999999999999886e+01 6.200992000000000000e+06
1.864999999999999858e+01 4.364413000000000000e+06
1.889999999999999858e+01 2.981368000000000000e+06
1.944999999999999929e+01 3.561208000000000000e+06
1.964999999999999858e+01 2.318412000000000000e+06
1.980999999999999872e+01 3.110793000000000000e+06
1.912000000000000099e+01 3.726806000000000000e+06
1.908999999999999986e+01 3.035161000000000000e+06
1.880999999999999872e+01 3.109492000000000000e+06
1.869000000000000128e+01 3.461012000000000000e+06
1.873000000000000043e+01 4.150912000000000000e+06
1.901999999999999957e+01 4.005216000000000000e+06
1.941000000000000014e+01 4.095755000000000000e+06
1.982000000000000028e+01 1.509737300000000000e+07
1.814000000000000057e+01 5.042193000000000000e+06
1.796999999999999886e+01 2.649472000000000000e+06
1.792999999999999972e+01 4.068314000000000000e+06
1.753000000000000114e+01 4.007194000000000000e+06
1.810999999999999943e+01 2.519747000000000000e+06
1.792999999999999972e+01 1.906277000000000000e+06
1.776000000000000156e+01 1.405236000000000000e+06
1.778999999999999915e+01 2.748210000000000000e+06
1.776000000000000156e+01 1.943448000000000000e+06
1.785999999999999943e+01 1.984711000000000000e+06
1.803999999999999915e+01 2.568013000000000000e+06
1.819000000000000128e+01 3.626459000000000000e+06
1.842999999999999972e+01 4.060566000000000000e+06
1.903999999999999915e+01 5.056812000000000000e+06
1.855999999999999872e+01 7.405659000000000000e+06
1.801999999999999957e+01 4.668607000000000000e+06
1.835000000000000142e+01 6.416068000000000000e+06
1.830000000000000071e+01 2.767095000000000000e+06
1.837000000000000099e+01 3.348398000000000000e+06
1.883999999999999986e+01 4.788240000000000000e+06
1.848999999999999844e+01 2.664965000000000000e+06
1.830000000000000071e+01 3.657027000000000000e+06
1.816000000000000014e+01 6.697636000000000000e+06
1.744000000000000128e+01 2.245096000000000000e+06
1.751000000000000156e+01 3.975715000000000000e+06
1.751999999999999957e+01 4.761530000000000000e+06
1.826000000000000156e+01 2.103593000000000000e+06
1.807999999999999829e+01 3.869092000000000000e+06
1.817000000000000171e+01 2.748003000000000000e+06
1.782999999999999829e+01 2.213746000000000000e+06
1.762000000000000099e+01 2.771166000000000000e+06
1.755999999999999872e+01 3.275733000000000000e+06
1.775000000000000000e+01 3.194253000000000000e+06
1.769000000000000128e+01 4.011964000000000000e+06
1.775000000000000000e+01 3.671815000000000000e+06
1.810999999999999943e+01 4.527291000000000000e+06
1.830999999999999872e+01 3.002782000000000000e+06
1.864000000000000057e+01 2.660710000000000000e+06
1.896000000000000085e+01 2.784994000000000000e+06
1.857999999999999829e+01 3.991308000000000000e+06
1.855999999999999872e+01 4.603586000000000000e+06
1.928000000000000114e+01 4.606649000000000000e+06
1.982999999999999829e+01 3.527261000000000000e+06
1.964000000000000057e+01 3.444352000000000000e+06
1.978000000000000114e+01 3.964541000000000000e+06
1.969000000000000128e+01 2.712406000000000000e+06
1.975000000000000000e+01 4.778500000000000000e+06
1.962999999999999901e+01 4.232736000000000000e+06
1.985999999999999943e+01 7.106601000000000000e+06
1.941000000000000014e+01 6.271841000000000000e+06
1.864999999999999858e+01 4.709881000000000000e+06
1.903999999999999915e+01 6.249292000000000000e+06
1.930000000000000071e+01 9.278095000000000000e+06
1.830000000000000071e+01 6.756597000000000000e+06
1.778999999999999915e+01 7.797342000000000000e+06
1.814000000000000057e+01 5.215493000000000000e+06
1.819000000000000128e+01 6.404763000000000000e+06
1.812000000000000099e+01 1.263247100000000000e+07
1.880000000000000071e+01 1.479390800000000000e+07
1.921999999999999886e+01 5.699391400000000000e+07
2.508999999999999986e+01 3.271922000000000000e+06
2.551999999999999957e+01 1.902504000000000000e+06
2.550000000000000000e+01 1.402339000000000000e+06
2.569000000000000128e+01 2.130201000000000000e+06
2.512000000000000099e+01 2.384133000000000000e+06
2.496000000000000085e+01 3.061834000000000000e+06
2.516000000000000014e+01 3.215910000000000000e+06
2.526000000000000156e+01 3.873137000000000000e+06
2.535000000000000142e+01 2.692101000000000000e+06
2.619999999999999929e+01 2.421201000000000000e+06
2.650000000000000000e+01 3.140155000000000000e+06
2.683999999999999986e+01 1.295228000000000000e+06
2.698000000000000043e+01 1.777748000000000000e+06
2.732000000000000028e+01 1.711264000000000000e+06
2.701999999999999957e+01 2.815178000000000000e+06
2.703999999999999915e+01 3.766342000000000000e+06
2.621000000000000085e+01 2.523095000000000000e+06
2.657000000000000028e+01 2.626105000000000000e+06
2.576000000000000156e+01 1.996889000000000000e+06
2.517000000000000171e+01 3.574647000000000000e+06
2.512000000000000099e+01 1.784289000000000000e+06
2.523000000000000043e+01 1.636145000000000000e+06
2.517999999999999972e+01 1.686047000000000000e+06
2.523000000000000043e+01 1.443079000000000000e+06
2.548000000000000043e+01 2.436328000000000000e+06
2.605000000000000071e+01 3.754021000000000000e+06
2.569000000000000128e+01 3.071387000000000000e+06
2.537000000000000099e+01 2.732523000000000000e+06
2.548000000000000043e+01 2.964252000000000000e+06
2.580000000000000071e+01 3.919217000000000000e+06
2.657000000000000028e+01 2.828792000000000000e+06
2.733999999999999986e+01 2.908443000000000000e+06
2.760999999999999943e+01 3.196694000000000000e+06
2.880999999999999872e+01 4.014148000000000000e+06
2.882000000000000028e+01 6.932495000000000000e+06
2.703000000000000114e+01 6.525630000000000000e+06
2.541000000000000014e+01 1.202357000000000000e+06
2.505999999999999872e+01 1.712967000000000000e+06
2.476999999999999957e+01 1.736134000000000000e+06
2.519999999999999929e+01 1.568197000000000000e+06
2.578000000000000114e+01 2.199829000000000000e+06
2.585999999999999943e+01 3.222311000000000000e+06
2.628999999999999915e+01 7.457476000000000000e+06
2.414000000000000057e+01 4.791240000000000000e+05
2.392999999999999972e+01 1.308133000000000000e+06
2.401000000000000156e+01 1.845647000000000000e+06
2.380000000000000071e+01 1.138437000000000000e+06
2.375000000000000000e+01 1.805098000000000000e+06
2.526999999999999957e+01 8.033810000000000000e+05
2.532000000000000028e+01 1.324180000000000000e+06
2.535999999999999943e+01 1.148414000000000000e+06
2.487999999999999901e+01 1.067024000000000000e+06
2.560999999999999943e+01 9.388290000000000000e+05
2.560999999999999943e+01 8.608850000000000000e+05
2.589999999999999858e+01 1.353172000000000000e+06
2.608999999999999986e+01 7.645670000000000000e+05
2.594000000000000128e+01 1.151279000000000000e+06
2.560999999999999943e+01 1.293341000000000000e+06
2.530000000000000071e+01 1.557321000000000000e+06
2.535000000000000142e+01 1.637801000000000000e+06
2.551000000000000156e+01 1.917801000000000000e+06
2.585999999999999943e+01 1.483557000000000000e+06
2.591000000000000014e+01 2.192129000000000000e+06
2.648999999999999844e+01 3.365416000000000000e+06
2.746000000000000085e+01 6.654762000000000000e+06
2.837000000000000099e+01 6.816045000000000000e+06
3.289999999999999858e+01 7.262990000000000000e+05
3.296000000000000085e+01 8.708220000000000000e+05
3.342000000000000171e+01 9.255430000000000000e+05
3.402000000000000313e+01 5.985300000000000000e+05
3.331000000000000227e+01 5.167820000000000000e+05
3.275999999999999801e+01 3.879160000000000000e+05
3.361999999999999744e+01 5.438630000000000000e+05
3.339000000000000057e+01 5.884630000000000000e+05
3.375999999999999801e+01 7.205960000000000000e+05
3.321000000000000085e+01 6.157700000000000000e+05
3.327000000000000313e+01 6.266840000000000000e+05
3.285000000000000142e+01 4.853010000000000000e+05
3.289999999999999858e+01 5.875180000000000000e+05
3.338000000000000256e+01 1.140184000000000000e+06
3.370000000000000284e+01 9.579280000000000000e+05
3.404999999999999716e+01 8.141760000000000000e+05
3.385999999999999943e+01 8.142100000000000000e+05
3.367999999999999972e+01 4.570260000000000000e+05
3.436999999999999744e+01 9.773110000000000000e+05
3.396999999999999886e+01 8.326730000000000000e+05
3.357999999999999829e+01 4.624740000000000000e+05
3.428000000000000114e+01 4.541050000000000000e+05
3.470000000000000284e+01 5.002360000000000000e+05
3.429999999999999716e+01 5.605460000000000000e+05
3.346000000000000085e+01 7.558350000000000000e+05
3.382999999999999829e+01 8.347150000000000000e+05
3.421000000000000085e+01 1.048059000000000000e+06
3.385999999999999943e+01 8.179030000000000000e+05
3.378999999999999915e+01 5.579530000000000000e+05
3.389000000000000057e+01 6.633270000000000000e+05
3.479999999999999716e+01 1.058864000000000000e+06
3.400999999999999801e+01 7.317800000000000000e+05
3.504999999999999716e+01 4.807530000000000000e+05
3.557999999999999829e+01 1.029920000000000000e+06
3.475999999999999801e+01 7.513480000000000000e+05
3.457999999999999829e+01 9.049050000000000000e+05
3.570000000000000284e+01 6.406050000000000000e+05
3.564999999999999858e+01 1.211708000000000000e+06
3.735999999999999943e+01 6.331910000000000000e+05
3.789999999999999858e+01 5.206200000000000000e+05
3.800000000000000000e+01 5.854990000000000000e+05
3.825999999999999801e+01 6.529490000000000000e+05
3.888000000000000256e+01 7.908660000000000000e+05
3.928000000000000114e+01 7.935940000000000000e+05
3.879999999999999716e+01 7.454200000000000000e+05
3.875999999999999801e+01 7.365400000000000000e+05
3.795000000000000284e+01 4.684240000000000000e+05
3.792000000000000171e+01 6.885120000000000000e+05
3.864999999999999858e+01 1.134121000000000000e+06
3.803999999999999915e+01 6.813080000000000000e+05
3.710000000000000142e+01 9.001740000000000000e+05
3.702000000000000313e+01 9.250130000000000000e+05
3.542999999999999972e+01 4.910770000000000000e+05
3.557000000000000028e+01 5.686160000000000000e+05
3.592999999999999972e+01 5.141220000000000000e+05
3.617000000000000171e+01 6.467830000000000000e+05
3.514000000000000057e+01 6.295200000000000000e+05
3.527000000000000313e+01 7.956690000000000000e+05
3.439000000000000057e+01 8.826960000000000000e+05
3.550000000000000000e+01 6.144120000000000000e+05
3.570000000000000284e+01 1.040839000000000000e+06
3.575000000000000000e+01 5.775430000000000000e+05
3.592999999999999972e+01 1.135565000000000000e+06
3.750000000000000000e+01 3.664292000000000000e+06
3.878000000000000114e+01 1.865516000000000000e+06
3.747999999999999687e+01 5.642290000000000000e+05
3.727000000000000313e+01 6.216960000000000000e+05
3.678999999999999915e+01 1.092535000000000000e+06
3.695000000000000284e+01 7.520650000000000000e+05
3.720000000000000284e+01 4.724220000000000000e+05
3.722999999999999687e+01 8.722390000000000000e+05
3.702000000000000313e+01 8.623020000000000000e+05
3.721999999999999886e+01 9.567930000000000000e+05
3.786999999999999744e+01 1.145476000000000000e+06
3.657000000000000028e+01 5.472150000000000000e+05
3.678000000000000114e+01 7.002950000000000000e+05
3.688000000000000256e+01 5.924690000000000000e+05
3.625999999999999801e+01 5.582560000000000000e+05
3.550999999999999801e+01 6.132450000000000000e+05
3.684000000000000341e+01 9.225360000000000000e+05
3.639999999999999858e+01 8.532830000000000000e+05
3.590999999999999659e+01 1.750614000000000000e+06
3.389999999999999858e+01 1.570613000000000000e+06
3.189999999999999858e+01 1.417621000000000000e+06
3.350000000000000000e+01 1.992297000000000000e+06
3.467000000000000171e+01 1.260783000000000000e+06
3.432000000000000028e+01 6.353850000000000000e+05
3.492000000000000171e+01 5.855310000000000000e+05
3.477000000000000313e+01 8.458790000000000000e+05
3.414000000000000057e+01 1.302234000000000000e+06
3.347999999999999687e+01 1.215871000000000000e+06
3.477000000000000313e+01 1.062818000000000000e+06
3.439999999999999858e+01 1.086008000000000000e+06
3.467999999999999972e+01 1.254294000000000000e+06
3.578999999999999915e+01 6.168870000000000000e+05
3.614000000000000057e+01 1.224965000000000000e+06
3.643999999999999773e+01 1.287361000000000000e+06
3.520000000000000284e+01 1.441146000000000000e+06
3.439999999999999858e+01 1.956465000000000000e+06
3.415999999999999659e+01 9.678620000000000000e+05
3.421999999999999886e+01 2.785411000000000000e+06
3.371999999999999886e+01 3.080985000000000000e+06
3.496999999999999886e+01 6.311364000000000000e+06
3.506000000000000227e+01 1.105514000000000000e+06
3.492000000000000171e+01 8.750070000000000000e+05
3.547999999999999687e+01 1.322956000000000000e+06
3.557999999999999829e+01 1.143097000000000000e+06
3.482999999999999829e+01 6.838350000000000000e+05
3.557999999999999829e+01 1.052853000000000000e+06
3.485000000000000142e+01 1.057401000000000000e+06
3.421999999999999886e+01 9.809560000000000000e+05
3.446999999999999886e+01 1.895456000000000000e+06
3.453999999999999915e+01 1.695997000000000000e+06
3.471000000000000085e+01 1.908143000000000000e+06
3.518999999999999773e+01 1.634456000000000000e+06
3.522999999999999687e+01 1.941428000000000000e+06
3.654999999999999716e+01 1.282790000000000000e+06
3.631000000000000227e+01 1.705626000000000000e+06
3.638000000000000256e+01 1.346938000000000000e+06
3.749000000000000199e+01 1.121631000000000000e+06
3.739000000000000057e+01 4.516156000000000000e+06
4.011999999999999744e+01 1.539208000000000000e+06
4.027000000000000313e+01 1.453798000000000000e+06
4.079999999999999716e+01 1.964394000000000000e+06
4.189000000000000057e+01 1.445833000000000000e+06
4.215999999999999659e+01 1.280876000000000000e+06
4.395000000000000284e+01 2.181075000000000000e+06
4.425999999999999801e+01 2.107535000000000000e+06
4.506000000000000227e+01 2.398525000000000000e+06
4.572999999999999687e+01 3.270908000000000000e+06
4.275999999999999801e+01 2.267344000000000000e+06
4.300000000000000000e+01 1.644552000000000000e+06
4.242000000000000171e+01 2.541724000000000000e+06
4.200000000000000000e+01 2.344083000000000000e+06
4.222999999999999687e+01 2.525995000000000000e+06
4.179999999999999716e+01 4.425060000000000000e+06
4.164999999999999858e+01 3.613186000000000000e+06
4.146000000000000085e+01 4.094387000000000000e+06
4.402000000000000313e+01 3.602269000000000000e+06
4.156000000000000227e+01 4.896800000000000000e+06
