1.584099999999999966e+02 1.051528000000000000e+06
1.561899999999999977e+02 1.149189000000000000e+06
1.698499999999999943e+02 1.301560000000000000e+06
1.729499999999999886e+02 1.393858000000000000e+06
1.665551000000000101e+02 1.292185000000000000e+06
1.648517999999999972e+02 2.648220000000000000e+06
1.631186999999999898e+02 2.078195000000000000e+06
1.691847999999999956e+02 1.832210000000000000e+06
1.469821000000000026e+02 1.673511000000000000e+06
1.520321999999999889e+02 1.713027000000000000e+06
1.519924000000000035e+02 1.416337000000000000e+06
1.565345000000000084e+02 1.358667000000000000e+06
1.724420000000000073e+02 2.651755000000000000e+06
1.633677000000000135e+02 1.643943000000000000e+06
1.793349000000000046e+02 1.989435000000000000e+06
1.721233000000000004e+02 2.169187000000000000e+06
1.875126999999999953e+02 2.972982000000000000e+06
1.869350000000000023e+02 2.639328000000000000e+06
1.840165000000000077e+02 4.032002000000000000e+06
1.989278999999999940e+02 8.932600000000000000e+05
2.009798000000000116e+02 1.097066000000000000e+06
2.057410999999999888e+02 1.143362000000000000e+06
1.963877999999999986e+02 1.012044000000000000e+06
1.987584999999999980e+02 1.009877000000000000e+06
1.885088000000000079e+02 1.792410000000000000e+06
1.937681000000000040e+02 9.666380000000000000e+05
2.036392999999999915e+02 8.806480000000000000e+05
2.018463999999999885e+02 7.679730000000000000e+05
2.047350000000000136e+02 6.751140000000000000e+05
2.076237000000000137e+02 7.900850000000000000e+05
2.086794999999999902e+02 4.849810000000000000e+05
2.109307000000000016e+02 3.904760000000000000e+05
2.118569999999999993e+02 4.284980000000000000e+05
2.128332000000000050e+02 4.990230000000000000e+05
2.119665999999999997e+02 5.228330000000000000e+05
2.118868999999999971e+02 5.052280000000000000e+05
2.121459000000000117e+02 5.947220000000000000e+05
2.138691000000000031e+02 7.269950000000000000e+05
2.094266000000000076e+02 8.082700000000000000e+05
2.080818999999999903e+02 1.667900000000000000e+06
2.191982000000000141e+02 7.751570000000000000e+05
2.177139999999999986e+02 5.958520000000000000e+05
2.142675000000000125e+02 5.608360000000000000e+05
2.104625000000000057e+02 4.782290000000000000e+05
2.139089999999999918e+02 7.177800000000000000e+05
2.118271000000000015e+02 6.570470000000000000e+05
2.121657999999999902e+02 9.348180000000000000e+05
2.066176000000000101e+02 5.005360000000000000e+05
2.081913999999999874e+02 7.365090000000000000e+05
2.058505999999999858e+02 7.726770000000000000e+05
2.029519999999999982e+02 3.843070000000000000e+05
2.042270000000000039e+02 6.323790000000000000e+05
2.041871999999999900e+02 8.227280000000000000e+05
2.033902999999999963e+02 6.106590000000000000e+05
2.032708000000000084e+02 5.737830000000000000e+05
2.032010999999999967e+02 5.280030000000000000e+05
2.041971000000000060e+02 4.276430000000000000e+05
2.041971000000000060e+02 6.737890000000000000e+05
2.041971000000000060e+02 9.140730000000000000e+05
2.035894999999999868e+02 4.864440000000000000e+05
2.033603999999999985e+02 4.432800000000000000e+05
2.037787999999999897e+02 6.206090000000000000e+05
2.035297999999999945e+02 4.113880000000000000e+05
2.034799999999999898e+02 4.658360000000000000e+05
2.011491000000000042e+02 3.236780000000000000e+05
2.007905000000000086e+02 2.267710000000000000e+05
2.003239000000000090e+02 2.611030000000000000e+05
2.005819999999999936e+02 2.227240000000000000e+05
2.005521999999999991e+02 1.033760000000000000e+05
2.001451999999999884e+02 6.221630000000000000e+05
2.041762999999999977e+02 1.309577000000000000e+06
2.023990000000000009e+02 5.283650000000000000e+05
2.002742000000000075e+02 6.530480000000000000e+05
1.997976999999999919e+02 3.888290000000000000e+05
1.997381000000000029e+02 5.510320000000000000e+05
1.986160999999999888e+02 6.410550000000000000e+05
1.970076999999999998e+02 6.969280000000000000e+05
1.930261999999999887e+02 3.709620000000000000e+05
1.932049000000000092e+02 4.101760000000000000e+05
1.934035000000000082e+02 4.807110000000000000e+05
1.939992000000000019e+02 4.093120000000000000e+05
1.925397000000000105e+02 3.795070000000000000e+05
1.919042000000000030e+02 6.896660000000000000e+05
1.911496999999999957e+02 9.266690000000000000e+05
1.938303999999999974e+02 5.050490000000000000e+05
1.950417999999999950e+02 3.444770000000000000e+05
1.949524000000000115e+02 3.613700000000000000e+05
1.934333000000000027e+02 1.043952000000000000e+06
1.917553000000000054e+02 1.090444000000000000e+06
1.884093000000000018e+02 4.098720000000000000e+05
1.885781000000000063e+02 5.075120000000000000e+05
1.887965000000000089e+02 4.750200000000000000e+05
1.888462000000000103e+02 5.424560000000000000e+05
1.865129000000000019e+02 4.669450000000000000e+05
1.876050999999999931e+02 5.677040000000000000e+05
1.883994000000000142e+02 6.379360000000000000e+05
1.862845000000000084e+02 4.265770000000000000e+05
1.858874000000000137e+02 5.012540000000000000e+05
1.852519000000000062e+02 3.689090000000000000e+05
1.837824999999999989e+02 4.744910000000000000e+05
1.836733000000000118e+02 4.917330000000000000e+05
1.853412999999999897e+02 6.779940000000000000e+05
1.836930999999999869e+02 5.620960000000000000e+05
1.855002000000000066e+02 5.013240000000000000e+05
1.876448000000000036e+02 6.766470000000000000e+05
1.855697000000000116e+02 1.411155000000000000e+06
1.888858999999999924e+02 6.561500000000000000e+05
1.843285999999999945e+02 6.662750000000000000e+05
1.820747000000000071e+02 5.373360000000000000e+05
1.836632999999999925e+02 4.907040000000000000e+05
1.860064999999999884e+02 4.641070000000000000e+05
1.834548000000000059e+02 5.501030000000000000e+05
1.874362999999999886e+02 5.285610000000000000e+05
1.886972000000000094e+02 5.331900000000000000e+05
1.864335000000000093e+02 6.197080000000000000e+05
1.865526000000000124e+02 5.480340000000000000e+05
1.872476000000000056e+02 5.396050000000000000e+05
1.866617999999999995e+02 3.640040000000000000e+05
1.863043999999999869e+02 6.084340000000000000e+05
1.867610999999999990e+02 6.452930000000000000e+05
1.863540000000000134e+02 4.593820000000000000e+05
1.848745999999999867e+02 4.940560000000000000e+05
1.830476999999999919e+02 5.719620000000000000e+05
1.862547000000000139e+02 4.618600000000000000e+05
1.873071999999999946e+02 5.785200000000000000e+05
1.836733000000000118e+02 4.443500000000000000e+05
1.828987999999999943e+02 7.734170000000000000e+05
1.865922999999999945e+02 5.420100000000000000e+05
1.915963999999999885e+02 5.318940000000000000e+05
1.913283999999999878e+02 5.515280000000000000e+05
1.959495000000000005e+02 4.501150000000000000e+05
1.947423000000000002e+02 4.511690000000000000e+05
1.952370999999999981e+02 6.277610000000000000e+05
1.953360000000000127e+02 3.956250000000000000e+05
1.943168000000000006e+02 7.456440000000000000e+05
1.961277000000000044e+02 3.259200000000000000e+05
1.966125000000000114e+02 4.480080000000000000e+05
1.965630999999999915e+02 6.737790000000000000e+05
1.929710000000000036e+02 3.890410000000000000e+05
1.926642999999999972e+02 4.012690000000000000e+05
1.926544000000000096e+02 4.186390000000000000e+05
1.897351999999999919e+02 4.626290000000000000e+05
1.877066000000000088e+02 7.267620000000000000e+05
1.934856000000000051e+02 4.864550000000000000e+05
1.956824000000000012e+02 3.694060000000000000e+05
1.956229999999999905e+02 3.432850000000000000e+05
1.944652000000000100e+02 4.615780000000000000e+05
1.936142000000000110e+02 5.016460000000000000e+05
1.959001000000000090e+02 6.495820000000000000e+05
1.934559000000000140e+02 3.704220000000000000e+05
1.902992000000000132e+02 4.290760000000000000e+05
1.892601999999999975e+02 3.578590000000000000e+05
1.899925000000000068e+02 3.650050000000000000e+05
1.872316999999999894e+02 6.018540000000000000e+05
1.922684000000000140e+02 3.127590000000000000e+05
1.917241999999999962e+02 3.684990000000000000e+05
1.913481999999999914e+02 4.473640000000000000e+05
1.953953999999999951e+02 5.620480000000000000e+05
1.925158000000000129e+02 1.534209000000000000e+06
1.884686000000000092e+02 9.504250000000000000e+05
1.883497999999999877e+02 1.014989000000000000e+06
1.929610999999999876e+02 1.478358000000000000e+06
1.909128000000000043e+02 5.505040000000000000e+05
1.951579000000000121e+02 8.537180000000000000e+05
1.961475000000000080e+02 6.444550000000000000e+05
1.913283999999999878e+02 5.065630000000000000e+05
1.921200000000000045e+02 6.843470000000000000e+05
1.867368999999999915e+02 1.156678000000000000e+06
1.933370999999999924e+02 6.709450000000000000e+05
1.939901999999999873e+02 6.085630000000000000e+05
1.931787999999999954e+02 1.414515000000000000e+06
1.954250999999999863e+02 5.381600000000000000e+05
1.972754999999999939e+02 5.951870000000000000e+05
1.970973999999999933e+02 4.806590000000000000e+05
1.945938999999999908e+02 4.329770000000000000e+05
1.951183000000000050e+02 3.653150000000000000e+05
1.945840000000000032e+02 2.738650000000000000e+05
1.935944000000000074e+02 3.249650000000000000e+05
1.938318999999999903e+02 4.022610000000000000e+05
1.956329000000000065e+02 4.239350000000000000e+05
1.929908000000000072e+02 4.051540000000000000e+05
1.954250999999999863e+02 3.830400000000000000e+05
1.956031999999999869e+02 3.459570000000000000e+05
1.943662999999999954e+02 5.061770000000000000e+05
1.942475000000000023e+02 5.353950000000000000e+05
1.935646999999999878e+02 4.143260000000000000e+05
1.932084999999999866e+02 4.055610000000000000e+05
1.926346000000000060e+02 3.588110000000000000e+05
1.937923000000000116e+02 3.116240000000000000e+05
1.936933999999999969e+02 3.290020000000000000e+05
1.931096000000000004e+02 4.319430000000000000e+05
1.919122000000000128e+02 4.361740000000000000e+05
1.895372999999999877e+02 6.827580000000000000e+05
1.869744000000000028e+02 4.555440000000000000e+05
1.842624999999999886e+02 7.093970000000000000e+05
1.896468000000000131e+02 4.695220000000000000e+05
1.891142999999999859e+02 3.517590000000000000e+05
1.891734999999999900e+02 1.127517000000000000e+06
1.889663999999999930e+02 6.091790000000000000e+05
1.871025999999999954e+02 4.511040000000000000e+05
1.855049999999999955e+02 4.540470000000000000e+05
1.856726999999999919e+02 3.817450000000000000e+05
1.876942999999999984e+02 3.641490000000000000e+05
1.860966999999999985e+02 3.564710000000000000e+05
1.855049999999999955e+02 4.185340000000000000e+05
1.857022000000000048e+02 4.274850000000000000e+05
1.857022000000000048e+02 7.290800000000000000e+05
1.842920000000000016e+02 5.837460000000000000e+05
1.809293000000000120e+02 3.211550000000000000e+05
1.803179000000000087e+02 5.120170000000000000e+05
1.767381000000000029e+02 3.960770000000000000e+05
1.755942000000000007e+02 5.072810000000000000e+05
1.730696000000000083e+02 4.176390000000000000e+05
1.752292999999999950e+02 2.412010000000000000e+05
1.732570000000000050e+02 3.462950000000000000e+05
1.742629000000000019e+02 7.885920000000000000e+05
1.752687999999999988e+02 3.078430000000000000e+05
1.753674000000000035e+02 5.340670000000000000e+05
1.775269999999999868e+02 4.160000000000000000e+05
1.758406999999999982e+02 2.917110000000000000e+05
1.739276000000000124e+02 5.567210000000000000e+05
1.735627000000000066e+02 5.089490000000000000e+05
1.755942000000000007e+02 5.869990000000000000e+05
1.731091000000000122e+02 3.772540000000000000e+05
1.729513000000000034e+02 5.129210000000000000e+05
1.712946000000000026e+02 6.480220000000000000e+05
1.742036999999999978e+02 4.114670000000000000e+05
1.725766000000000133e+02 3.676630000000000000e+05
1.730794999999999959e+02 4.805530000000000000e+05
1.719946999999999946e+02 5.793540000000000000e+05
1.761562999999999874e+02 6.620710000000000000e+05
1.772804999999999893e+02 4.739170000000000000e+05
1.760280999999999949e+02 8.164930000000000000e+05
1.729413999999999874e+02 1.067536000000000000e+06
1.817872000000000128e+02 7.890350000000000000e+05
1.790063000000000102e+02 5.261570000000000000e+05
1.790358999999999980e+02 5.634730000000000000e+05
1.776750000000000114e+02 5.051120000000000000e+05
1.770733999999999924e+02 4.511800000000000000e+05
1.775072999999999865e+02 4.595910000000000000e+05
1.748052999999999884e+02 3.102480000000000000e+05
1.749137000000000057e+02 5.508430000000000000e+05
1.744501999999999953e+02 8.878220000000000000e+05
1.787006000000000085e+02 3.873320000000000000e+05
1.782370999999999981e+02 2.683070000000000000e+05
1.782172999999999945e+02 4.262160000000000000e+05
1.772804999999999893e+02 3.734540000000000000e+05
1.765605999999999938e+02 4.104880000000000000e+05
1.755646000000000129e+02 3.646500000000000000e+05
1.759788000000000068e+02 3.759660000000000000e+05
1.756139000000000010e+02 4.679800000000000000e+05
1.760380000000000109e+02 3.711630000000000000e+05
1.753574999999999875e+02 7.178990000000000000e+05
1.747461000000000126e+02 6.960620000000000000e+05
1.736711999999999989e+02 8.021830000000000000e+05
1.732176000000000045e+02 7.454420000000000000e+05
1.725963000000000136e+02 6.070520000000000000e+05
1.737162999999999897e+02 6.292880000000000000e+05
1.744336000000000126e+02 5.690910000000000000e+05
1.727142000000000053e+02 5.135730000000000000e+05
1.715548000000000002e+02 6.518880000000000000e+05
1.712699000000000069e+02 5.553980000000000000e+05
1.694130000000000109e+02 4.882270000000000000e+05
1.698747999999999934e+02 4.853060000000000000e+05
1.710340999999999951e+02 3.642690000000000000e+05
1.706116000000000099e+02 8.141150000000000000e+05
1.692360999999999933e+02 4.795790000000000000e+05
1.687841999999999985e+02 4.973810000000000000e+05
1.677329000000000008e+02 5.563640000000000000e+05
1.674283000000000072e+02 4.543870000000000000e+05
1.662590999999999894e+02 6.987570000000000000e+05
1.672220000000000084e+02 7.717380000000000000e+05
1.678900999999999897e+02 1.429804000000000000e+06
1.788548000000000116e+02 5.299409000000000000e+06
1.700220999999999947e+02 9.272890000000000000e+05
1.695406999999999869e+02 6.293050000000000000e+05
1.690100999999999942e+02 8.612880000000000000e+05
1.675560000000000116e+02 6.883300000000000000e+05
1.673987999999999943e+02 7.345760000000000000e+05
1.684500999999999920e+02 8.906030000000000000e+05
1.680963999999999885e+02 8.556450000000000000e+05
1.674087000000000103e+02 7.458240000000000000e+05
1.680866000000000042e+02 6.253690000000000000e+05
1.677329000000000008e+02 5.603980000000000000e+05
1.665931999999999960e+02 9.505220000000000000e+05
1.655517000000000110e+02 8.780700000000000000e+05
1.679784999999999968e+02 5.624850000000000000e+05
1.682437999999999931e+02 7.413500000000000000e+05
1.670450999999999908e+02 7.664290000000000000e+05
1.648836000000000013e+02 9.882980000000000000e+05
1.599219999999999970e+02 1.201086000000000000e+06
1.634491999999999905e+02 7.947260000000000000e+05
1.635965999999999951e+02 5.571310000000000000e+05
1.624667000000000030e+02 6.409760000000000000e+05
1.632035999999999945e+02 8.772720000000000000e+05
1.599415999999999940e+02 6.072430000000000000e+05
1.582222999999999900e+02 5.954860000000000000e+05
1.560902000000000100e+02 4.331790000000000000e+05
1.554810999999999979e+02 4.343880000000000000e+05
1.559133999999999958e+02 5.545890000000000000e+05
1.550290999999999997e+02 4.912810000000000000e+05
1.554122999999999877e+02 8.733760000000000000e+05
1.559526999999999930e+02 8.600370000000000000e+05
1.558839000000000112e+02 5.518230000000000000e+05
1.542136999999999887e+02 4.553050000000000000e+05
1.541743999999999915e+02 6.341570000000000000e+05
1.519243999999999915e+02 5.982010000000000000e+05
1.508830000000000098e+02 7.910360000000000000e+05
1.512956000000000074e+02 5.603170000000000000e+05
1.506667999999999950e+02 5.496960000000000000e+05
1.490064000000000135e+02 7.146580000000000000e+05
1.499103000000000065e+02 8.852780000000000000e+05
1.489573000000000036e+02 8.792180000000000000e+05
1.478667000000000087e+02 8.420820000000000000e+05
1.439759999999999991e+02 6.898260000000000000e+05
1.470610000000000070e+02 7.438270000000000000e+05
1.492028999999999996e+02 5.641210000000000000e+05
1.482891999999999939e+02 4.348780000000000000e+05
1.476237000000000137e+02 7.035760000000000000e+05
1.456762999999999977e+02 9.430400000000000000e+05
1.434744000000000028e+02 1.793434000000000000e+06
1.439245999999999981e+02 6.260218000000000000e+06
1.461459999999999866e+02 7.721510000000000000e+05
1.480934000000000026e+02 7.325640000000000000e+05
1.486805999999999983e+02 5.734360000000000000e+05
1.480444999999999993e+02 8.374260000000000000e+05
1.504714999999999918e+02 4.929320000000000000e+05
1.531039000000000101e+02 5.926220000000000000e+05
1.524286999999999921e+02 4.701150000000000000e+05
1.515870999999999924e+02 5.232400000000000000e+05
1.513033000000000072e+02 7.521850000000000000e+05
1.531528999999999883e+02 9.669110000000000000e+05
1.527614000000000090e+02 9.906360000000000000e+05
1.539455000000000098e+02 7.293090000000000000e+05
1.576936000000000035e+02 7.493370000000000000e+05
1.560398000000000138e+02 1.149325000000000000e+06
1.551003000000000043e+02 8.164730000000000000e+05
1.560789000000000044e+02 1.504378000000000000e+06
1.536715000000000089e+02 7.037780000000000000e+05
1.539651000000000067e+02 6.296700000000000000e+05
1.526440000000000055e+02 3.455840000000000000e+05
1.533779000000000110e+02 5.603100000000000000e+05
1.530061000000000035e+02 6.842760000000000000e+05
1.568325000000000102e+02 8.377220000000000000e+05
1.554624000000000024e+02 1.233049000000000000e+06
1.570476999999999919e+02 9.271640000000000000e+05
1.563725000000000023e+02 1.082390000000000000e+06
1.565486999999999966e+02 1.035463000000000000e+06
1.551199000000000012e+02 8.040900000000000000e+05
1.565095000000000027e+02 6.430640000000000000e+05
1.569205000000000041e+02 7.746170000000000000e+05
1.549144000000000005e+02 7.786070000000000000e+05
1.513914000000000044e+02 8.193600000000000000e+05
1.511368999999999971e+02 8.901150000000000000e+05
1.491307999999999936e+02 1.388597000000000000e+06
1.400395000000000039e+02 7.812970000000000000e+05
1.400981999999999914e+02 8.400080000000000000e+05
1.381605000000000132e+02 7.497480000000000000e+05
1.373581000000000074e+02 9.827320000000000000e+05
1.360369000000000028e+02 1.305072000000000000e+06
1.351562000000000126e+02 7.327910000000000000e+05
1.319560999999999922e+02 1.205345000000000000e+06
1.349017000000000053e+02 6.013540000000000000e+05
1.369079000000000121e+02 4.362440000000000000e+05
1.369861999999999966e+02 4.248950000000000000e+05
1.357629000000000019e+02 7.041930000000000000e+05
1.368394000000000119e+02 5.103550000000000000e+05
1.370742999999999938e+02 6.356630000000000000e+05
1.350289999999999964e+02 6.802240000000000000e+05
1.343634999999999877e+02 8.640960000000000000e+05
1.331597999999999900e+02 1.062972000000000000e+06
1.364576999999999884e+02 8.728410000000000000e+05
1.395404000000000053e+02 4.736570000000000000e+05
1.397459000000000060e+02 6.588300000000000000e+05
1.387182999999999993e+02 4.948380000000000000e+05
1.396186999999999898e+02 3.984320000000000000e+05
1.397948000000000093e+02 4.584170000000000000e+05
1.398437000000000126e+02 6.756350000000000000e+05
1.387182999999999993e+02 5.727310000000000000e+05
1.379257000000000062e+02 1.047693000000000000e+06
1.377788999999999930e+02 5.324010000000000000e+05
1.373598000000000070e+02 1.076752000000000000e+06
1.391918000000000006e+02 7.184920000000000000e+05
1.413355999999999995e+02 6.234580000000000000e+05
1.446878000000000100e+02 9.874220000000000000e+05
1.447073000000000036e+02 4.724080000000000000e+05
1.445611000000000104e+02 5.234330000000000000e+05
1.423588000000000022e+02 6.049750000000000000e+05
1.426219000000000108e+02 3.685170000000000000e+05
1.431968999999999994e+02 4.347990000000000000e+05
1.428362999999999943e+02 3.930990000000000000e+05
1.424660000000000082e+02 3.675960000000000000e+05
1.445319000000000074e+02 4.334600000000000000e+05
1.443953999999999951e+02 4.084210000000000000e+05
1.446195999999999913e+02 5.553280000000000000e+05
1.457498999999999967e+02 6.496190000000000000e+05
1.439667000000000030e+02 6.404830000000000000e+05
1.439180000000000064e+02 3.571230000000000000e+05
1.435087000000000046e+02 4.831020000000000000e+05
1.429532000000000096e+02 3.957930000000000000e+05
1.446098000000000070e+02 3.221830000000000000e+05
1.441322999999999865e+02 3.787320000000000000e+05
1.439568999999999903e+02 3.097840000000000000e+05
1.432261000000000024e+02 3.493870000000000000e+05
1.428168000000000006e+02 2.943470000000000000e+05
1.439276999999999873e+02 4.282020000000000000e+05
1.446391000000000133e+02 4.453720000000000000e+05
1.442493000000000052e+02 4.849040000000000000e+05
1.450872999999999990e+02 6.014940000000000000e+05
1.453406999999999982e+02 4.253810000000000000e+05
1.444148999999999887e+02 4.950580000000000000e+05
1.433722999999999956e+02 7.273370000000000000e+05
1.441713000000000022e+02 6.632650000000000000e+05
1.459059000000000026e+02 5.086920000000000000e+05
1.477377999999999929e+02 4.258850000000000000e+05
1.476501000000000090e+02 4.219270000000000000e+05
1.472992999999999881e+02 6.997520000000000000e+05
1.455843000000000131e+02 6.295920000000000000e+05
1.450191000000000088e+02 8.006850000000000000e+05
1.420080000000000098e+02 2.051864000000000000e+06
1.550852999999999895e+02 5.916690000000000000e+05
1.553483999999999980e+02 5.917870000000000000e+05
1.554848000000000070e+02 3.943920000000000000e+05
1.565176999999999907e+02 3.594780000000000000e+05
1.580768999999999949e+02 5.294490000000000000e+05
1.588759000000000015e+02 2.947620000000000000e+05
1.573362999999999943e+02 4.282270000000000000e+05
1.564884999999999877e+02 3.128030000000000000e+05
1.555432999999999879e+02 3.859310000000000000e+05
1.547831999999999937e+02 5.490360000000000000e+05
1.547247000000000128e+02 7.916550000000000000e+05
1.532532999999999959e+02 6.361650000000000000e+05
1.535358999999999980e+02 4.609410000000000000e+05
1.540036000000000058e+02 4.153610000000000000e+05
1.536625999999999976e+02 4.751140000000000000e+05
1.529025000000000034e+02 3.337780000000000000e+05
1.538866999999999905e+02 3.505500000000000000e+05
1.546468000000000131e+02 3.905230000000000000e+05
1.519474999999999909e+02 4.967300000000000000e+05
1.499303999999999917e+02 3.538600000000000000e+05
1.484102000000000032e+02 1.826350000000000000e+05
1.482445999999999913e+02 3.479220000000000000e+05
1.477281000000000120e+02 4.937860000000000000e+05
1.474747000000000128e+02 3.954220000000000000e+05
1.459121000000000095e+02 5.855670000000000000e+05
1.479502999999999986e+02 3.883500000000000000e+05
1.490471000000000004e+02 5.461170000000000000e+05
1.496295000000000073e+02 7.027600000000000000e+05
1.479211999999999989e+02 4.295040000000000000e+05
1.489404000000000110e+02 6.035130000000000000e+05
1.494353999999999871e+02 5.293430000000000000e+05
1.504253999999999962e+02 4.901440000000000000e+05
1.503283000000000129e+02 9.174070000000000000e+05
1.514541999999999859e+02 4.241750000000000000e+05
1.523859999999999957e+02 3.421140000000000000e+05
1.526480999999999995e+02 4.259520000000000000e+05
1.528810000000000002e+02 3.021010000000000000e+05
1.534827999999999975e+02 5.019560000000000000e+05
1.513086999999999875e+02 4.354940000000000000e+05
1.503574999999999875e+02 4.296920000000000000e+05
1.486394999999999982e+02 4.035710000000000000e+05
1.482415000000000020e+02 3.470700000000000000e+05
1.472612000000000023e+02 5.790910000000000000e+05
1.467079999999999984e+02 1.003219000000000000e+06
1.484064999999999941e+02 8.098360000000000000e+05
1.463197000000000116e+02 7.013090000000000000e+05
1.506972000000000094e+02 3.639090000000000000e+05
1.519590000000000032e+02 6.029710000000000000e+05
1.521239999999999952e+02 5.424040000000000000e+05
1.512989000000000033e+02 3.956410000000000000e+05
1.510466000000000122e+02 2.743330000000000000e+05
1.497751000000000090e+02 4.329330000000000000e+05
1.496100999999999885e+02 3.320680000000000000e+05
1.487365000000000066e+02 6.481480000000000000e+05
1.494257000000000062e+02 1.125215000000000000e+06
1.498819000000000017e+02 8.209410000000000000e+05
1.508038999999999987e+02 6.385670000000000000e+05
1.510466000000000122e+02 6.797050000000000000e+05
1.477367999999999881e+02 1.165408000000000000e+06
1.488335999999999899e+02 9.173280000000000000e+05
1.468729999999999905e+02 8.485760000000000000e+05
1.445338000000000136e+02 6.401710000000000000e+05
1.431263999999999896e+02 6.023280000000000000e+05
1.422820000000000107e+02 6.506440000000000000e+05
1.441844000000000108e+02 5.602030000000000000e+05
1.441454999999999984e+02 5.174720000000000000e+05
1.463197000000000116e+02 4.690590000000000000e+05
1.455432000000000130e+02 4.004110000000000000e+05
1.449609000000000094e+02 4.766500000000000000e+05
1.452325999999999908e+02 4.334960000000000000e+05
1.466205999999999960e+02 4.869090000000000000e+05
1.469602999999999895e+02 5.122650000000000000e+05
1.482026999999999930e+02 4.796360000000000000e+05
1.481735999999999933e+02 3.980540000000000000e+05
1.484453000000000031e+02 5.224820000000000000e+05
1.476494000000000142e+02 6.597290000000000000e+05
1.456693999999999960e+02 6.088800000000000000e+05
1.435438000000000045e+02 5.108040000000000000e+05
1.427090000000000032e+02 5.307740000000000000e+05
1.426992999999999938e+02 5.771190000000000000e+05
1.417093000000000131e+02 5.280180000000000000e+05
1.418548999999999864e+02 5.018820000000000000e+05
1.441357999999999890e+02 4.799070000000000000e+05
1.445725999999999942e+02 6.083910000000000000e+05
1.438641000000000076e+02 6.067570000000000000e+05
1.446114000000000033e+02 6.404050000000000000e+05
1.477173999999999978e+02 6.157100000000000000e+05
1.468437999999999874e+02 6.822130000000000000e+05
1.463507999999999925e+02 5.933180000000000000e+05
1.490191000000000088e+02 7.738050000000000000e+05
1.464764999999999873e+02 4.861430000000000000e+05
1.495218000000000131e+02 4.782320000000000000e+05
1.528959000000000117e+02 5.483280000000000000e+05
1.542396999999999991e+02 7.805020000000000000e+05
1.538916000000000111e+02 7.319720000000000000e+05
1.573914000000000044e+02 6.653030000000000000e+05
1.568887000000000000e+02 3.352630000000000000e+05
1.561636000000000024e+02 3.140970000000000000e+05
1.569950000000000045e+02 3.953550000000000000e+05
1.575460999999999956e+02 3.132900000000000000e+05
1.586869000000000085e+02 4.875660000000000000e+05
1.542686999999999955e+02 5.458850000000000000e+05
1.535725999999999942e+02 4.675900000000000000e+05
1.521998000000000104e+02 3.760900000000000000e+05
1.517067000000000121e+02 3.977420000000000000e+05
1.497732000000000028e+02 5.982560000000000000e+05
1.498409000000000049e+02 4.253370000000000000e+05
1.526542000000000030e+02 6.532670000000000000e+05
1.556608999999999980e+02 5.810400000000000000e+05
1.558541999999999916e+02 3.407460000000000000e+05
1.546457000000000050e+02 3.334630000000000000e+05
1.513297000000000025e+02 4.088750000000000000e+05
1.523351000000000113e+02 4.261490000000000000e+05
1.543460000000000036e+02 6.336280000000000000e+05
1.539399999999999977e+02 4.312300000000000000e+05
1.543170000000000073e+02 3.214330000000000000e+05
1.539593000000000131e+02 6.656520000000000000e+05
1.501502000000000123e+02 4.416530000000000000e+05
1.490287999999999897e+02 5.365190000000000000e+05
1.470854999999999961e+02 9.214210000000000000e+05
1.472982000000000085e+02 7.838120000000000000e+05
1.521513999999999953e+02 9.653970000000000000e+05
1.531375999999999920e+02 7.790720000000000000e+05
1.522675000000000125e+02 5.147500000000000000e+05
1.562892999999999972e+02 4.264740000000000000e+05
1.584741999999999962e+02 5.153750000000000000e+05
1.551388000000000034e+02 6.092440000000000000e+05
1.550131000000000085e+02 5.199150000000000000e+05
1.563376000000000090e+02 5.189230000000000000e+05
1.584935000000000116e+02 5.026430000000000000e+05
1.548488000000000113e+02 4.319050000000000000e+05
1.537369999999999948e+02 4.339050000000000000e+05
1.526252000000000066e+02 7.230240000000000000e+05
1.494637999999999920e+02 4.338290000000000000e+05
1.487774000000000001e+02 4.258880000000000000e+05
1.484584000000000117e+02 7.072530000000000000e+05
1.494155000000000086e+02 4.157880000000000000e+05
1.475108999999999924e+02 6.903010000000000000e+05
1.502951999999999941e+02 5.573740000000000000e+05
1.496185000000000116e+02 6.058780000000000000e+05
1.485066999999999950e+02 1.120423000000000000e+06
1.467857999999999947e+02 5.585800000000000000e+05
1.463797999999999888e+02 6.319840000000000000e+05
1.471725000000000136e+02 6.457260000000000000e+05
1.462348000000000070e+02 8.005690000000000000e+05
1.447652999999999963e+02 7.561850000000000000e+05
1.421065999999999860e+02 8.146610000000000000e+05
1.456836999999999875e+02 3.991190000000000000e+05
1.463605000000000018e+02 3.438280000000000000e+05
1.460906999999999982e+02 3.402800000000000000e+05
1.463122999999999934e+02 2.328690000000000000e+05
1.461870000000000118e+02 4.490430000000000000e+05
1.467940000000000111e+02 5.800290000000000000e+05
1.475165000000000077e+02 7.440440000000000000e+05
1.485088000000000079e+02 6.107180000000000000e+05
1.489037999999999897e+02 6.063220000000000000e+05
1.502911000000000001e+02 1.271074000000000000e+06
1.478634000000000128e+02 8.968280000000000000e+05
1.473334999999999866e+02 5.937610000000000000e+05
1.495203999999999951e+02 7.274450000000000000e+05
1.495974999999999966e+02 6.197710000000000000e+05
1.497709000000000117e+02 7.412610000000000000e+05
1.497324000000000126e+02 7.067500000000000000e+05
1.513508999999999958e+02 4.167840000000000000e+05
1.515628000000000100e+02 6.128750000000000000e+05
1.526803999999999917e+02 8.969070000000000000e+05
1.560234000000000094e+02 1.074875000000000000e+06
1.549155000000000086e+02 9.448270000000000000e+05
1.532487999999999886e+02 7.549900000000000000e+05
1.535666999999999973e+02 1.204618000000000000e+06
1.526997000000000071e+02 7.239210000000000000e+05
1.536822999999999979e+02 3.338550000000000000e+05
1.529790000000000134e+02 8.968340000000000000e+05
1.539521000000000015e+02 8.467580000000000000e+05
1.540388000000000090e+02 1.039609000000000000e+06
1.542121999999999957e+02 1.322415000000000000e+06
1.540773000000000081e+02 9.335690000000000000e+05
1.566978000000000009e+02 7.161740000000000000e+05
1.561005000000000109e+02 8.920080000000000000e+05
1.555801999999999907e+02 4.657860000000000000e+05
1.556572999999999922e+02 4.433400000000000000e+05
1.555899000000000001e+02 7.061200000000000000e+05
1.550985000000000014e+02 3.652780000000000000e+05
1.556862000000000137e+02 5.806520000000000000e+05
1.552912000000000035e+02 6.959280000000000000e+05
1.537497999999999934e+02 7.484740000000000000e+05
1.517170000000000130e+02 1.515946000000000000e+06
1.550215000000000032e+02 9.296090000000000000e+05
1.551852000000000089e+02 6.098660000000000000e+05
1.551177999999999884e+02 7.042840000000000000e+05
1.557055000000000007e+02 5.368040000000000000e+05
1.568616000000000099e+02 5.051200000000000000e+05
1.572661999999999978e+02 7.526280000000000000e+05
1.573046999999999969e+02 9.738190000000000000e+05
1.580175999999999874e+02 5.739770000000000000e+05
1.568616000000000099e+02 4.783240000000000000e+05
1.552718999999999880e+02 4.632830000000000000e+05
1.539521000000000015e+02 5.268690000000000000e+05
1.531236000000000104e+02 7.260920000000000000e+05
1.531331999999999880e+02 6.216360000000000000e+05
1.518230000000000075e+02 9.721720000000000000e+05
1.507053999999999974e+02 6.444950000000000000e+05
1.502526000000000010e+02 6.307290000000000000e+05
1.502429999999999950e+02 4.861600000000000000e+05
1.490193999999999903e+02 3.994630000000000000e+05
1.493470000000000084e+02 4.935870000000000000e+05
1.495686000000000035e+02 4.132160000000000000e+05
1.490387000000000057e+02 5.226880000000000000e+05
1.492218000000000018e+02 6.233350000000000000e+05
1.497998000000000047e+02 6.688950000000000000e+05
1.485859000000000094e+02 5.597350000000000000e+05
1.498383000000000038e+02 5.539690000000000000e+05
1.496175000000000068e+02 1.099694000000000000e+06
1.486862000000000137e+02 1.905184000000000000e+06
1.473995999999999924e+02 6.412710000000000000e+05
1.466219000000000108e+02 9.849790000000000000e+05
1.453352999999999895e+02 3.074730000000000000e+05
1.463338999999999999e+02 8.065750000000000000e+05
1.457865999999999929e+02 7.833380000000000000e+05
1.460362000000000080e+02 1.156870000000000000e+06
1.470347999999999900e+02 1.871167000000000000e+06
1.463435000000000059e+02 1.338092000000000000e+06
1.467850999999999999e+02 5.702260000000000000e+05
1.465259000000000071e+02 8.634620000000000000e+05
1.454889000000000010e+02 1.049150000000000000e+06
1.457865999999999929e+02 1.378408000000000000e+06
1.419653000000000134e+02 1.299561000000000000e+06
1.417348000000000070e+02 8.624780000000000000e+05
1.415908000000000015e+02 1.163791000000000000e+06
1.421956999999999880e+02 6.654770000000000000e+05
1.425509000000000128e+02 7.309160000000000000e+05
1.418788000000000125e+02 3.706320000000000000e+05
1.419748999999999910e+02 7.703470000000000000e+05
1.420997000000000128e+02 6.725690000000000000e+05
1.429446000000000083e+02 9.151580000000000000e+05
1.424453000000000031e+02 3.762280000000000000e+05
1.424740999999999929e+02 6.787900000000000000e+05
1.435303000000000111e+02 1.467538000000000000e+06
1.429926000000000101e+02 4.301430000000000000e+05
1.425220999999999947e+02 5.236380000000000000e+05
1.421476999999999862e+02 6.252320000000000000e+05
1.440295000000000130e+02 7.968560000000000000e+05
1.448552999999999997e+02 6.572130000000000000e+05
1.452777000000000100e+02 5.279260000000000000e+05
1.431941999999999950e+02 5.838970000000000000e+05
1.420708999999999946e+02 1.008646000000000000e+06
1.432901999999999987e+02 1.524594000000000000e+06
1.436935000000000002e+02 8.541900000000000000e+05
1.436167000000000087e+02 6.396640000000000000e+05
1.436742999999999881e+02 5.588980000000000000e+05
1.413700000000000045e+02 1.145636000000000000e+06
1.429350000000000023e+02 8.558820000000000000e+05
1.436551000000000045e+02 6.608120000000000000e+05
1.429446000000000083e+02 8.242950000000000000e+05
1.441351999999999975e+02 5.448570000000000000e+05
1.411682999999999879e+02 5.976220000000000000e+05
1.425893000000000086e+02 4.534900000000000000e+05
1.438951000000000136e+02 3.714360000000000000e+05
1.431365999999999872e+02 4.557650000000000000e+05
1.417348000000000070e+02 4.254870000000000000e+05
1.414660000000000082e+02 3.705960000000000000e+05
1.408803000000000054e+02 3.514160000000000000e+05
1.412547999999999888e+02 5.015690000000000000e+05
1.420228999999999928e+02 6.542780000000000000e+05
1.406402999999999963e+02 4.556780000000000000e+05
1.399010000000000105e+02 4.471650000000000000e+05
1.395745000000000005e+02 6.849900000000000000e+05
1.387392000000000110e+02 4.933460000000000000e+05
1.403810000000000002e+02 7.609360000000000000e+05
1.404866000000000099e+02 4.926980000000000000e+05
1.392480999999999938e+02 6.786800000000000000e+05
1.396896999999999878e+02 6.701290000000000000e+05
1.405538999999999987e+02 3.716340000000000000e+05
1.396608999999999980e+02 6.457150000000000000e+05
1.408610999999999933e+02 8.899720000000000000e+05
1.409858999999999867e+02 8.619220000000000000e+05
1.386324999999999932e+02 7.576370000000000000e+05
1.387950999999999908e+02 8.287660000000000000e+05
1.390629999999999882e+02 5.555349000000000000e+06
1.387664000000000044e+02 1.178455000000000000e+06
1.421625999999999976e+02 8.128640000000000000e+05
1.430905999999999949e+02 6.191410000000000000e+05
1.430905999999999949e+02 5.175450000000000000e+05
1.431671000000000049e+02 1.116136000000000000e+06
1.419903999999999940e+02 4.511970000000000000e+05
1.415695000000000050e+02 5.140720000000000000e+05
1.408041000000000054e+02 6.593380000000000000e+05
1.399048999999999978e+02 8.276930000000000000e+05
1.393499999999999943e+02 1.039845000000000000e+06
1.392065000000000055e+02 7.113680000000000000e+05
1.390725999999999942e+02 6.069020000000000000e+05
1.390917000000000030e+02 5.226220000000000000e+05
1.406798000000000002e+02 5.571670000000000000e+05
1.408041000000000054e+02 7.921390000000000000e+05
1.402779999999999916e+02 1.040484000000000000e+06
1.402779999999999916e+02 1.217144000000000000e+06
1.387569000000000017e+02 7.933680000000000000e+05
1.387186000000000092e+02 9.537160000000000000e+05
1.385271999999999935e+02 9.474180000000000000e+05
1.365756000000000085e+02 5.770240000000000000e+05
1.351023000000000138e+02 6.680060000000000000e+05
1.345857000000000028e+02 7.788760000000000000e+05
1.339926000000000101e+02 1.354568000000000000e+06
1.337916999999999916e+02 1.489278000000000000e+06
1.345379000000000076e+02 1.299678000000000000e+06
1.364704000000000121e+02 7.870320000000000000e+05
1.362982000000000085e+02 1.011221000000000000e+06
1.361546999999999912e+02 9.330630000000000000e+05
1.362886000000000024e+02 1.330430000000000000e+06
1.358103000000000122e+02 1.271517000000000000e+06
1.359538000000000011e+02 1.392568000000000000e+06
1.380392999999999972e+02 2.010338000000000000e+06
1.379532000000000096e+02 1.695044000000000000e+06
1.361738000000000000e+02 2.838137000000000000e+06
1.282047000000000025e+02 1.608371000000000000e+06
1.279176999999999964e+02 8.832640000000000000e+05
1.274585000000000008e+02 7.694020000000000000e+05
1.268748999999999967e+02 9.712600000000000000e+05
1.272862999999999971e+02 5.917120000000000000e+05
1.267887999999999948e+02 8.125660000000000000e+05
1.260807999999999964e+02 5.056050000000000000e+05
1.244449000000000041e+02 8.598980000000000000e+05
1.225028999999999968e+02 7.981490000000000000e+05
1.242344999999999970e+02 4.894480000000000000e+05
1.226941999999999950e+02 5.432200000000000000e+05
1.225602999999999980e+02 5.348020000000000000e+05
1.230576999999999970e+02 5.707210000000000000e+05
1.210583000000000027e+02 9.620120000000000000e+05
1.208094999999999999e+02 6.580260000000000000e+05
1.216323000000000008e+02 7.204860000000000000e+05
1.222253999999999934e+02 1.081592000000000000e+06
1.228950999999999993e+02 7.246210000000000000e+05
1.240527000000000015e+02 9.424900000000000000e+05
1.243110000000000070e+02 4.342340000000000000e+05
1.246744999999999948e+02 7.073750000000000000e+05
1.243014000000000010e+02 1.039614000000000000e+06
1.252198000000000064e+02 6.287720000000000000e+05
1.254877000000000038e+02 5.370230000000000000e+05
1.252771999999999935e+02 5.637830000000000000e+05
1.257060000000000031e+02 6.683300000000000000e+05
1.238860999999999990e+02 4.449110000000000000e+05
1.237527000000000044e+02 7.223010000000000000e+05
1.230857000000000028e+02 6.292770000000000000e+05
1.232476999999999947e+02 6.378750000000000000e+05
1.230952999999999946e+02 9.241190000000000000e+05
1.240481000000000051e+02 6.558580000000000000e+05
1.238289000000000044e+02 9.689810000000000000e+05
1.232001000000000062e+02 8.073190000000000000e+05
1.238384999999999962e+02 7.813680000000000000e+05
1.229333000000000027e+02 6.414290000000000000e+05
1.228474999999999966e+02 4.930320000000000000e+05
1.219424000000000063e+02 7.353350000000000000e+05
1.208752000000000066e+02 6.193910000000000000e+05
1.207132000000000005e+02 5.959290000000000000e+05
1.216089000000000055e+02 5.052100000000000000e+05
1.222948999999999984e+02 6.408970000000000000e+05
1.238289000000000044e+02 5.312110000000000000e+05
1.234097000000000008e+02 8.055590000000000000e+05
1.248580000000000041e+02 8.761790000000000000e+05
1.223710999999999984e+02 7.171810000000000000e+05
1.221901000000000010e+02 4.228520000000000000e+05
1.220472000000000037e+02 5.776310000000000000e+05
1.211610000000000014e+02 5.829280000000000000e+05
1.210086000000000013e+02 5.317240000000000000e+05
1.217232000000000056e+02 7.814980000000000000e+05
1.222948999999999984e+02 7.190570000000000000e+05
1.204368999999999943e+02 5.245110000000000000e+05
1.195126999999999953e+02 4.907910000000000000e+05
1.192648999999999972e+02 6.505730000000000000e+05
1.192363000000000000e+02 7.156330000000000000e+05
1.182168000000000063e+02 9.099400000000000000e+05
1.167590000000000003e+02 2.461665000000000000e+06
1.171877999999999957e+02 9.573990000000000000e+05
1.176165000000000020e+02 7.753450000000000000e+05
1.178357000000000028e+02 6.604670000000000000e+05
1.193410999999999973e+02 1.436584000000000000e+06
1.193315999999999946e+02 5.443150000000000000e+05
1.184360000000000070e+02 6.708130000000000000e+05
1.192267999999999972e+02 7.103590000000000000e+05
1.196460000000000008e+02 5.423090000000000000e+05
1.204749999999999943e+02 6.645920000000000000e+05
1.215611999999999995e+02 4.427910000000000000e+05
1.215516999999999967e+02 7.772370000000000000e+05
1.202176999999999936e+02 5.508670000000000000e+05
1.196842000000000041e+02 5.393750000000000000e+05
1.201225000000000023e+02 5.558480000000000000e+05
1.195698000000000008e+02 4.730860000000000000e+05
1.202176999999999936e+02 7.716430000000000000e+05
1.194174000000000007e+02 7.789250000000000000e+05
1.188456999999999937e+02 6.352520000000000000e+05
1.197985000000000042e+02 5.193500000000000000e+05
1.198175999999999988e+02 6.095790000000000000e+05
1.202653999999999996e+02 6.437160000000000000e+05
1.200652999999999935e+02 4.678110000000000000e+05
1.207990000000000066e+02 8.121950000000000000e+05
1.200176000000000016e+02 5.836370000000000000e+05
1.188743000000000052e+02 4.771680000000000000e+05
1.174260000000000019e+02 7.901220000000000000e+05
1.165113000000000056e+02 4.663870000000000000e+05
1.164064000000000050e+02 2.166390000000000000e+05
1.166064999999999969e+02 4.299320000000000000e+05
1.179543000000000035e+02 3.829110000000000000e+05
1.181535999999999973e+02 3.619400000000000000e+05
1.165969999999999942e+02 5.572080000000000000e+05
1.167299000000000007e+02 6.145680000000000000e+05
1.175366999999999962e+02 6.514990000000000000e+05
1.173372999999999990e+02 9.375700000000000000e+05
1.161034999999999968e+02 1.232676000000000000e+06
1.161414999999999935e+02 8.267950000000000000e+05
1.160370999999999952e+02 8.463850000000000000e+05
1.181251000000000033e+02 1.168159000000000000e+06
1.150404999999999944e+02 8.224980000000000000e+05
1.165400999999999954e+02 9.434040000000000000e+05
1.167394000000000034e+02 9.884620000000000000e+05
1.184003000000000014e+02 9.283340000000000000e+05
1.184098000000000042e+02 1.301703000000000000e+06
1.152968000000000046e+02 6.047260000000000000e+05
1.138352000000000004e+02 8.558260000000000000e+05
1.152398000000000025e+02 8.987430000000000000e+05
1.180396999999999963e+02 6.768190000000000000e+05
1.180491999999999990e+02 3.530270000000000000e+05
1.180396999999999963e+02 4.399240000000000000e+05
1.189223000000000070e+02 2.840300000000000000e+05
1.182199999999999989e+02 3.802420000000000000e+05
1.184668000000000063e+02 1.011775000000000000e+06
1.175841000000000065e+02 4.759120000000000000e+05
1.184668000000000063e+02 8.198190000000000000e+05
1.182579999999999956e+02 5.244880000000000000e+05
1.164261999999999944e+02 8.184360000000000000e+05
1.170525999999999982e+02 6.397220000000000000e+05
1.162553999999999945e+02 1.089329000000000000e+06
1.152968000000000046e+02 7.547260000000000000e+05
1.160465999999999980e+02 1.524475000000000000e+06
1.119938999999999965e+02 1.291790000000000000e+06
1.127437000000000040e+02 9.676190000000000000e+05
1.116997000000000071e+02 1.345608000000000000e+06
1.108359999999999985e+02 3.531237000000000000e+06
1.173752999999999957e+02 7.366740000000000000e+05
1.167108999999999952e+02 6.931670000000000000e+05
1.180016999999999996e+02 4.757740000000000000e+05
1.194917999999999978e+02 4.592420000000000000e+05
1.192544999999999931e+02 4.456840000000000000e+05
1.192355000000000018e+02 4.171730000000000000e+05
1.196911000000000058e+02 4.782520000000000000e+05
1.200138000000000034e+02 4.152780000000000000e+05
1.208110999999999962e+02 3.120080000000000000e+05
1.203365000000000009e+02 4.965520000000000000e+05
1.209913999999999987e+02 5.551760000000000000e+05
1.222061999999999955e+02 4.364370000000000000e+05
1.214943999999999988e+02 5.055910000000000000e+05
1.206212000000000018e+02 5.647550000000000000e+05
1.218361000000000018e+02 5.480160000000000000e+05
1.213995000000000033e+02 5.402710000000000000e+05
1.232787000000000006e+02 6.818600000000000000e+05
1.221778000000000048e+02 5.756510000000000000e+05
1.243512000000000057e+02 4.237740000000000000e+05
1.243892000000000024e+02 8.551100000000000000e+05
1.253666999999999945e+02 7.671910000000000000e+05
1.252433999999999941e+02 7.001750000000000000e+05
1.248731999999999971e+02 1.068549000000000000e+06
1.253856999999999999e+02 1.142843000000000000e+06
1.260121000000000038e+02 1.462745000000000000e+06
1.231838000000000051e+02 1.505332000000000000e+06
1.214753999999999934e+02 5.672470000000000000e+05
1.218820000000000050e+02 5.036070000000000000e+05
1.210310000000000059e+02 4.110340000000000000e+05
1.211161000000000030e+02 7.973240000000000000e+05
1.221467999999999989e+02 7.165300000000000000e+05
1.214091999999999985e+02 9.283050000000000000e+05
1.188372999999999990e+02 3.109870000000000000e+05
1.178918000000000035e+02 3.107460000000000000e+05
1.172014999999999958e+02 1.847159000000000000e+06
1.183078000000000003e+02 7.164540000000000000e+05
1.156414000000000044e+02 7.461740000000000000e+05
1.163883000000000010e+02 4.888810000000000000e+05
1.184307000000000016e+02 6.554530000000000000e+05
1.153954999999999984e+02 6.411280000000000000e+05
1.185914999999999964e+02 7.287380000000000000e+05
1.215511000000000053e+02 6.325030000000000000e+05
1.207095000000000056e+02 7.525050000000000000e+05
1.196410999999999945e+02 4.878980000000000000e+05
1.180524999999999949e+02 5.267440000000000000e+05
1.172583000000000055e+02 4.647560000000000000e+05
1.171920999999999964e+02 4.141180000000000000e+05
1.171731999999999942e+02 4.564590000000000000e+05
1.162938000000000045e+02 5.146870000000000000e+05
1.155562999999999931e+02 5.270130000000000000e+05
1.155562999999999931e+02 4.252470000000000000e+05
1.164073000000000064e+02 3.912670000000000000e+05
1.162560000000000002e+02 5.707290000000000000e+05
1.160384999999999991e+02 1.415285000000000000e+06
1.158872000000000071e+02 4.438490000000000000e+05
1.152914999999999992e+02 4.103060000000000000e+05
1.148659999999999997e+02 5.018140000000000000e+05
1.149133000000000067e+02 4.787830000000000000e+05
1.148564999999999969e+02 3.428870000000000000e+05
1.160669000000000040e+02 5.640020000000000000e+05
1.151875000000000000e+02 7.104830000000000000e+05
1.146295999999999964e+02 5.026800000000000000e+05
1.140245000000000033e+02 9.308240000000000000e+05
1.133909000000000020e+02 1.865213000000000000e+06
1.173338999999999999e+02 7.667110000000000000e+05
1.170785999999999945e+02 4.470230000000000000e+05
1.164639999999999986e+02 7.936520000000000000e+05
1.170974999999999966e+02 5.746370000000000000e+05
1.168894999999999982e+02 4.267460000000000000e+05
1.170030000000000001e+02 2.755000000000000000e+05
1.175040999999999940e+02 4.009660000000000000e+05
1.170219000000000023e+02 3.141940000000000000e+05
1.172488000000000028e+02 3.660390000000000000e+05
1.171920999999999964e+02 3.737970000000000000e+05
1.166153000000000048e+02 3.747320000000000000e+05
1.172488000000000028e+02 5.338930000000000000e+05
1.174094999999999942e+02 7.064240000000000000e+05
1.172299000000000007e+02 4.621500000000000000e+05
1.178067000000000064e+02 5.123780000000000000e+05
1.191777000000000015e+02 5.673060000000000000e+05
1.195370000000000061e+02 6.299960000000000000e+05
1.202746000000000066e+02 8.439640000000000000e+05
1.186860000000000070e+02 4.826220000000000000e+05
1.182510999999999939e+02 6.927940000000000000e+05
1.176647999999999996e+02 5.911120000000000000e+05
1.180713999999999970e+02 7.501320000000000000e+05
1.167570999999999941e+02 7.614420000000000000e+05
1.172488000000000028e+02 8.583710000000000000e+05
1.175418999999999983e+02 1.162663000000000000e+06
1.144120999999999952e+02 1.049703000000000000e+06
1.111594000000000051e+02 7.952480000000000000e+05
1.067899000000000029e+02 8.862690000000000000e+05
1.101894999999999953e+02 1.637995000000000000e+06
1.202092999999999989e+02 5.123140000000000000e+05
1.191169000000000011e+02 5.620400000000000000e+05
1.199078999999999979e+02 4.855950000000000000e+05
1.189097000000000008e+02 5.503380000000000000e+05
1.180245000000000033e+02 6.593490000000000000e+05
1.175631000000000057e+02 4.047850000000000000e+05
1.169038999999999930e+02 3.786940000000000000e+05
1.176761000000000053e+02 3.292760000000000000e+05
1.181563000000000017e+02 2.632960000000000000e+05
1.196066000000000003e+02 5.480530000000000000e+05
1.220267999999999944e+02 3.952060000000000000e+05
1.215087999999999937e+02 7.191140000000000000e+05
1.217159999999999940e+02 4.294430000000000000e+05
1.202374999999999972e+02 5.372120000000000000e+05
1.200491999999999990e+02 4.969660000000000000e+05
1.212450999999999937e+02 4.236250000000000000e+05
1.206047999999999973e+02 4.415360000000000000e+05
1.205576999999999970e+02 1.384223000000000000e+06
1.204540999999999968e+02 7.224840000000000000e+05
1.192299000000000007e+02 6.275320000000000000e+05
1.190885999999999996e+02 4.622180000000000000e+05
1.192393000000000001e+02 7.610770000000000000e+05
1.186082999999999998e+02 6.407940000000000000e+05
1.182505000000000024e+02 8.166750000000000000e+05
1.178267000000000024e+02 5.982000000000000000e+05
1.179680000000000035e+02 6.296950000000000000e+05
1.162163999999999930e+02 5.800150000000000000e+05
1.166872999999999934e+02 5.287560000000000000e+05
1.158020999999999958e+02 7.151310000000000000e+05
1.166684000000000054e+02 4.758310000000000000e+05
1.169698000000000064e+02 5.948480000000000000e+05
1.181940000000000026e+02 1.991598000000000000e+06
1.162446999999999946e+02 9.198060000000000000e+05
1.144741999999999962e+02 3.221640000000000000e+06
1.202186999999999983e+02 1.917463000000000000e+06
1.191828000000000003e+02 1.598249000000000000e+06
1.189097000000000008e+02 1.304758000000000000e+06
1.186178000000000026e+02 7.346750000000000000e+05
1.176196000000000055e+02 8.896700000000000000e+05
1.169133000000000067e+02 9.107370000000000000e+05
1.174218000000000046e+02 4.626770000000000000e+05
1.171487000000000052e+02 5.329930000000000000e+05
1.161127999999999929e+02 4.599720000000000000e+05
1.165742999999999938e+02 6.953520000000000000e+05
1.158396999999999935e+02 1.055381000000000000e+06
1.151804999999999950e+02 6.588320000000000000e+05
1.145871999999999957e+02 9.247040000000000000e+05
1.141916999999999973e+02 7.359290000000000000e+05
1.115455000000000041e+02 9.393350000000000000e+05
1.108580999999999932e+02 3.581290000000000000e+05
1.111123000000000047e+02 6.219170000000000000e+05
1.090405999999999977e+02 7.759190000000000000e+05
1.079575999999999993e+02 5.537840000000000000e+05
1.067993000000000023e+02 6.890870000000000000e+05
1.069217000000000013e+02 7.022360000000000000e+05
1.087391999999999967e+02 2.036098000000000000e+06
1.074207999999999998e+02 1.149975000000000000e+06
1.107921999999999940e+02 5.142550000000000000e+05
1.129393000000000029e+02 7.650630000000000000e+05
1.117433000000000050e+02 5.779940000000000000e+05
1.118186000000000035e+02 4.431540000000000000e+05
1.111029000000000053e+02 5.910350000000000000e+05
1.113468000000000018e+02 7.985180000000000000e+05
1.119938999999999965e+02 5.341020000000000000e+05
1.119658000000000015e+02 4.441860000000000000e+05
1.139260000000000019e+02 7.114140000000000000e+05
1.139072000000000031e+02 1.001334000000000000e+06
1.137383999999999986e+02 1.607637000000000000e+06
1.163269999999999982e+02 8.093210000000000000e+05
1.133164000000000016e+02 5.620610000000000000e+05
1.132038000000000011e+02 5.159250000000000000e+05
1.131381999999999977e+02 4.951030000000000000e+05
1.131287999999999982e+02 5.902000000000000000e+05
1.095648000000000053e+02 4.168200000000000000e+05
1.092553000000000054e+02 7.965200000000000000e+05
1.094616000000000042e+02 8.415790000000000000e+05
1.096867000000000019e+02 8.981850000000000000e+05
1.099117999999999995e+02 6.924220000000000000e+05
1.097335999999999956e+02 8.847270000000000000e+05
1.095272999999999968e+02 1.159689000000000000e+06
1.083361000000000018e+02 6.940780000000000000e+05
1.062820999999999998e+02 9.715650000000000000e+05
1.057475000000000023e+02 4.601670000000000000e+05
1.058695000000000022e+02 5.598820000000000000e+05
1.046315000000000026e+02 4.472820000000000000e+05
1.049410000000000025e+02 4.112220000000000000e+05
1.060194999999999936e+02 6.815340000000000000e+05
1.034778000000000020e+02 1.244745000000000000e+06
1.046689999999999969e+02 4.414030000000000000e+05
1.043312999999999988e+02 9.220040000000000000e+05
1.038905000000000030e+02 1.185091000000000000e+06
1.011424999999999983e+02 9.224020000000000000e+05
1.004766000000000048e+02 1.319536000000000000e+06
1.008423999999999978e+02 1.945964000000000000e+06
1.037780000000000058e+02 1.725244000000000000e+06
1.042562999999999960e+02 1.200452000000000000e+06
1.069386999999999972e+02 9.970610000000000000e+05
1.085237000000000052e+02 9.563360000000000000e+05
1.069668000000000063e+02 8.963260000000000000e+05
1.036936000000000035e+02 6.948260000000000000e+05
1.073889000000000067e+02 5.741700000000000000e+05
1.073606999999999942e+02 7.499280000000000000e+05
1.055880999999999972e+02 6.804200000000000000e+05
1.038341999999999956e+02 8.969480000000000000e+05
1.041062000000000012e+02 5.636030000000000000e+05
1.032809000000000026e+02 7.037990000000000000e+05
1.049972000000000065e+02 7.450660000000000000e+05
1.031683000000000021e+02 9.443350000000000000e+05
1.025117999999999938e+02 1.654181000000000000e+06
1.035246999999999957e+02 1.523527000000000000e+06
1.055412000000000035e+02 1.093741000000000000e+06
1.072763000000000062e+02 7.854690000000000000e+05
1.058413000000000039e+02 9.495760000000000000e+05
1.083735999999999962e+02 1.098024000000000000e+06
1.078297000000000025e+02 1.408550000000000000e+06
1.093772000000000020e+02 2.006267000000000000e+06
1.078109000000000037e+02 2.489451000000000000e+06
1.125284999999999940e+02 2.386461000000000000e+06
1.180246000000000066e+02 2.163572000000000000e+06
