2.678999999999999915e+01 3.653308000000000000e+06
2.671000000000000085e+01 2.848707000000000000e+06
2.826000000000000156e+01 3.345992000000000000e+06
2.900000000000000000e+01 1.993199000000000000e+06
2.789000000000000057e+01 2.620505000000000000e+06
2.839000000000000057e+01 3.203853000000000000e+06
2.635000000000000142e+01 3.983192000000000000e+06
2.623999999999999844e+01 3.398721000000000000e+06
2.480999999999999872e+01 5.216768000000000000e+06
2.551999999999999957e+01 4.762261000000000000e+06
2.516000000000000014e+01 3.817631000000000000e+06
2.344999999999999929e+01 3.868921000000000000e+06
2.610000000000000142e+01 5.366094000000000000e+06
2.251000000000000156e+01 4.391413000000000000e+06
2.587000000000000099e+01 5.027469000000000000e+06
2.207999999999999829e+01 5.801139000000000000e+06
2.623000000000000043e+01 4.094494000000000000e+06
2.896000000000000085e+01 3.693372000000000000e+06
2.660999999999999943e+01 5.020437000000000000e+06
3.007999999999999829e+01 3.559080000000000000e+06
3.126000000000000156e+01 3.363969000000000000e+06
3.359000000000000341e+01 2.883983000000000000e+06
3.257999999999999829e+01 3.677063000000000000e+06
3.418999999999999773e+01 3.966144000000000000e+06
3.325000000000000000e+01 5.369952000000000000e+06
3.271999999999999886e+01 5.573211000000000000e+06
3.485999999999999943e+01 3.857499000000000000e+06
3.495000000000000284e+01 2.963725000000000000e+06
3.757000000000000028e+01 2.996161000000000000e+06
4.085000000000000142e+01 2.136396000000000000e+06
4.054999999999999716e+01 1.988576000000000000e+06
4.046999999999999886e+01 1.261139000000000000e+06
4.092000000000000171e+01 3.041317000000000000e+06
4.053000000000000114e+01 1.268418000000000000e+06
4.075000000000000000e+01 2.035416000000000000e+06
4.146679999999999922e+01 2.102689000000000000e+06
4.150639999999999930e+01 1.639909000000000000e+06
4.048799999999999955e+01 1.102611000000000000e+06
4.075489999999999924e+01 2.678212000000000000e+06
4.119989999999999952e+01 2.873960000000000000e+06
4.126910000000000167e+01 3.107281000000000000e+06
3.925209999999999866e+01 2.271609000000000000e+06
3.902470000000000283e+01 2.805199000000000000e+06
3.856000000000000227e+01 2.797620000000000000e+06
3.956850000000000023e+01 3.556785000000000000e+06
4.015180000000000149e+01 1.695537000000000000e+06
4.004310000000000258e+01 1.526833000000000000e+06
3.961789999999999878e+01 1.632007000000000000e+06
4.047809999999999775e+01 1.393654000000000000e+06
4.157560000000000144e+01 2.601230000000000000e+06
4.118999999999999773e+01 2.452571000000000000e+06
4.113069999999999737e+01 3.555789000000000000e+06
4.318719999999999715e+01 2.124510000000000000e+06
4.294989999999999952e+01 3.353782000000000000e+06
4.216879999999999740e+01 1.732484000000000000e+06
4.207979999999999876e+01 2.742158000000000000e+06
4.205019999999999669e+01 1.480463000000000000e+06
4.168430000000000035e+01 1.819860000000000000e+06
4.208970000000000056e+01 2.742012000000000000e+06
4.126910000000000167e+01 3.156442000000000000e+06
4.109109999999999729e+01 4.748953000000000000e+06
4.155579999999999785e+01 3.876741000000000000e+06
4.219850000000000279e+01 3.544029000000000000e+06
4.295980000000000132e+01 4.633644000000000000e+06
4.242589999999999861e+01 1.158317000000000000e+06
4.211939999999999884e+01 7.282780000000000000e+05
4.215890000000000271e+01 1.164968000000000000e+06
4.248519999999999897e+01 7.945990000000000000e+05
4.227759999999999962e+01 9.703670000000000000e+05
4.269279999999999831e+01 2.445596000000000000e+06
4.200070000000000192e+01 4.484215000000000000e+06
4.176339999999999719e+01 2.043477000000000000e+06
4.166460000000000008e+01 1.977425000000000000e+06
4.153600000000000136e+01 2.061194000000000000e+06
4.043860000000000099e+01 2.373781000000000000e+06
4.042869999999999919e+01 2.055505000000000000e+06
4.077470000000000283e+01 1.807614000000000000e+06
3.995409999999999684e+01 1.697861000000000000e+06
3.961789999999999878e+01 1.383179000000000000e+06
4.042869999999999919e+01 1.735707000000000000e+06
4.076480000000000103e+01 2.570158000000000000e+06
3.952890000000000015e+01 1.479477000000000000e+06
3.893569999999999709e+01 2.527064000000000000e+06
3.905429999999999779e+01 2.710727000000000000e+06
3.994420000000000215e+01 2.445346000000000000e+06
3.987500000000000000e+01 1.648750000000000000e+06
4.020130000000000337e+01 3.457190000000000000e+06
4.003320000000000078e+01 2.824444000000000000e+06
3.929160000000000252e+01 3.602113000000000000e+06
3.837210000000000321e+01 5.024835000000000000e+06
3.788770000000000238e+01 1.818370000000000000e+06
3.830290000000000106e+01 3.488155000000000000e+06
3.948940000000000339e+01 2.942374000000000000e+06
3.956850000000000023e+01 4.783840000000000000e+06
3.905539999999999878e+01 4.356766000000000000e+06
3.958310000000000173e+01 2.543823000000000000e+06
3.945609999999999928e+01 3.182015000000000000e+06
3.971999999999999886e+01 4.571527000000000000e+06
3.849830000000000041e+01 1.539830000000000000e+06
3.885009999999999764e+01 2.016894000000000000e+06
3.815619999999999834e+01 4.026519000000000000e+06
3.835170000000000101e+01 2.553129000000000000e+06
3.872310000000000230e+01 2.229604000000000000e+06
3.828329999999999700e+01 1.798449000000000000e+06
3.792159999999999798e+01 1.948446000000000000e+06
3.652400000000000091e+01 1.985575000000000000e+06
3.680740000000000123e+01 1.314012000000000000e+06
3.711039999999999850e+01 1.067501000000000000e+06
3.756980000000000075e+01 1.060180000000000000e+06
3.714950000000000330e+01 1.150321000000000000e+06
3.674880000000000280e+01 1.795840000000000000e+06
3.738409999999999656e+01 2.282837000000000000e+06
3.679769999999999897e+01 1.768505000000000000e+06
3.627969999999999828e+01 1.367954000000000000e+06
3.586919999999999931e+01 1.817439000000000000e+06
3.538049999999999784e+01 1.616269000000000000e+06
3.548799999999999955e+01 2.409473000000000000e+06
3.542940000000000111e+01 1.458696000000000000e+06
3.521430000000000149e+01 1.566961000000000000e+06
3.574210000000000065e+01 3.205010000000000000e+06
3.460840000000000316e+01 3.579360000000000000e+06
3.323029999999999973e+01 2.682948000000000000e+06
3.281000000000000227e+01 2.994136000000000000e+06
3.324009999999999820e+01 2.496178000000000000e+06
3.329869999999999663e+01 2.629177000000000000e+06
3.271229999999999905e+01 2.629756000000000000e+06
3.316190000000000282e+01 2.602292000000000000e+06
3.407079999999999842e+01 2.370106000000000000e+06
3.562480000000000047e+01 2.227279000000000000e+06
3.565409999999999968e+01 1.308789000000000000e+06
3.550750000000000028e+01 1.599607000000000000e+06
3.557600000000000051e+01 1.782672000000000000e+06
3.507750000000000057e+01 2.192775000000000000e+06
3.534140000000000015e+01 2.403169000000000000e+06
3.509709999999999752e+01 4.494157000000000000e+06
3.507750000000000057e+01 2.617244000000000000e+06
3.596690000000000254e+01 2.452953000000000000e+06
3.639690000000000225e+01 2.411141000000000000e+06
3.706150000000000233e+01 3.024890000000000000e+06
3.820510000000000161e+01 2.930249000000000000e+06
3.756980000000000075e+01 2.431668000000000000e+06
3.819530000000000314e+01 3.482878000000000000e+06
3.700289999999999679e+01 3.169917000000000000e+06
3.513609999999999900e+01 2.092810000000000000e+06
3.432489999999999952e+01 1.899446000000000000e+06
3.413920000000000243e+01 2.385619000000000000e+06
3.322050000000000125e+01 1.723152000000000000e+06
3.226270000000000238e+01 2.073926000000000000e+06
3.340619999999999834e+01 1.863604000000000000e+06
3.333780000000000143e+01 1.630142000000000000e+06
3.272209999999999752e+01 2.479437000000000000e+06
3.157860000000000156e+01 1.676542000000000000e+06
3.213559999999999661e+01 1.824950000000000000e+06
3.160790000000000077e+01 2.845585000000000000e+06
3.286869999999999692e+01 1.457475000000000000e+06
3.281000000000000227e+01 1.218892000000000000e+06
3.249730000000000274e+01 1.610807000000000000e+06
3.321070000000000277e+01 1.806349000000000000e+06
3.259499999999999886e+01 2.921001000000000000e+06
3.186199999999999832e+01 3.618666000000000000e+06
3.248749999999999716e+01 3.738954000000000000e+06
3.386560000000000059e+01 1.933395000000000000e+06
3.246800000000000352e+01 2.188630000000000000e+06
3.354299999999999926e+01 1.711296000000000000e+06
3.403170000000000073e+01 2.271658000000000000e+06
3.356380000000000052e+01 2.115569000000000000e+06
3.359279999999999688e+01 1.982523000000000000e+06
3.393039999999999878e+01 2.969070000000000000e+06
3.555120000000000147e+01 1.733237000000000000e+06
3.594680000000000319e+01 3.960176000000000000e+06
3.477940000000000254e+01 2.751674000000000000e+06
3.584060000000000201e+01 1.483335000000000000e+06
3.545470000000000255e+01 1.243076000000000000e+06
3.534859999999999758e+01 1.801875000000000000e+06
3.580210000000000292e+01 1.842041000000000000e+06
3.549329999999999785e+01 2.612710000000000000e+06
3.547399999999999665e+01 2.375165000000000000e+06
3.443209999999999837e+01 1.791846000000000000e+06
3.495309999999999917e+01 2.279923000000000000e+06
3.399799999999999756e+01 2.519343000000000000e+06
3.409440000000000026e+01 2.467148000000000000e+06
3.454789999999999850e+01 1.971317000000000000e+06
3.458650000000000091e+01 2.605271000000000000e+06
3.564770000000000039e+01 1.506990000000000000e+06
3.491449999999999676e+01 2.902346000000000000e+06
3.608180000000000121e+01 1.346356000000000000e+06
3.610110000000000241e+01 1.624951000000000000e+06
3.644839999999999947e+01 1.684025000000000000e+06
3.672820000000000107e+01 1.600981000000000000e+06
3.677649999999999864e+01 1.025409000000000000e+06
3.591779999999999973e+01 1.951711000000000000e+06
3.613009999999999877e+01 2.910609000000000000e+06
3.518460000000000321e+01 2.758601000000000000e+06
3.449000000000000199e+01 2.097134000000000000e+06
3.351559999999999917e+01 1.853174000000000000e+06
3.342880000000000251e+01 2.078894000000000000e+06
3.394010000000000105e+01 2.281684000000000000e+06
3.542580000000000240e+01 3.233825000000000000e+06
3.521359999999999957e+01 2.030327000000000000e+06
3.458650000000000091e+01 1.669754000000000000e+06
3.471189999999999998e+01 1.499918000000000000e+06
3.411370000000000147e+01 2.062585000000000000e+06
3.477940000000000254e+01 1.651548000000000000e+06
3.585029999999999717e+01 1.199961000000000000e+06
3.502060000000000173e+01 1.048469000000000000e+06
3.522319999999999851e+01 1.470017000000000000e+06
3.514600000000000080e+01 3.021101000000000000e+06
3.513640000000000185e+01 1.739475000000000000e+06
3.535829999999999984e+01 3.263215000000000000e+06
3.461540000000000106e+01 2.788253000000000000e+06
3.434530000000000172e+01 2.857553000000000000e+06
3.206850000000000023e+01 3.078352000000000000e+06
3.145100000000000051e+01 2.128334000000000000e+06
3.199129999999999896e+01 1.530948000000000000e+06
3.244469999999999743e+01 2.088006000000000000e+06
3.282099999999999795e+01 1.957452000000000000e+06
3.361209999999999809e+01 1.260851000000000000e+06
3.345770000000000266e+01 1.973594000000000000e+06
3.397870000000000346e+01 2.003448000000000000e+06
3.467329999999999757e+01 1.780287000000000000e+06
3.391109999999999758e+01 2.530847000000000000e+06
3.536789999999999878e+01 1.381963000000000000e+06
3.610110000000000241e+01 1.565228000000000000e+06
3.612039999999999651e+01 2.188565000000000000e+06
3.587919999999999732e+01 2.595540000000000000e+06
3.484689999999999799e+01 1.739113000000000000e+06
3.591779999999999973e+01 1.450954000000000000e+06
3.584060000000000201e+01 2.183827000000000000e+06
3.633149999999999835e+01 1.857318000000000000e+06
3.650300000000000011e+01 1.869633000000000000e+06
3.658879999999999910e+01 1.724347000000000000e+06
3.744659999999999656e+01 2.089835000000000000e+06
3.671269999999999811e+01 1.924470000000000000e+06
3.620759999999999934e+01 2.192081000000000000e+06
3.657930000000000348e+01 5.137389000000000000e+06
3.531170000000000186e+01 3.588869000000000000e+06
3.536889999999999645e+01 1.798674000000000000e+06
3.489229999999999876e+01 2.435056000000000000e+06
3.510199999999999676e+01 2.288140000000000000e+06
3.478750000000000142e+01 3.181407000000000000e+06
3.412030000000000030e+01 2.465732000000000000e+06
3.382489999999999952e+01 2.497817000000000000e+06
3.383440000000000225e+01 3.421078000000000000e+06
3.514970000000000283e+01 7.141245000000000000e+06
3.691290000000000049e+01 2.638979000000000000e+06
3.768489999999999895e+01 1.752782000000000000e+06
3.717020000000000124e+01 1.707683000000000000e+06
3.716069999999999851e+01 1.633025000000000000e+06
3.709389999999999787e+01 2.159631000000000000e+06
3.770389999999999731e+01 1.694207000000000000e+06
3.801839999999999975e+01 2.311870000000000000e+06
3.734170000000000300e+01 2.366707000000000000e+06
3.795170000000000243e+01 2.377273000000000000e+06
3.712250000000000227e+01 1.942897000000000000e+06
3.790409999999999968e+01 2.569679000000000000e+06
3.655069999999999908e+01 2.074901000000000000e+06
3.619809999999999661e+01 2.510463000000000000e+06
3.579780000000000229e+01 3.282904000000000000e+06
3.589309999999999690e+01 2.121178000000000000e+06
3.489229999999999876e+01 2.576375000000000000e+06
3.502579999999999671e+01 2.666009000000000000e+06
3.631239999999999668e+01 2.804064000000000000e+06
3.588349999999999795e+01 2.278249000000000000e+06
3.665550000000000352e+01 2.587708000000000000e+06
3.648400000000000176e+01 3.576716000000000000e+06
3.578820000000000334e+01 8.647298000000000000e+06
3.732269999999999754e+01 2.695550000000000000e+06
3.772299999999999898e+01 2.846435000000000000e+06
3.769440000000000168e+01 3.056877000000000000e+06
3.696999999999999886e+01 3.081634000000000000e+06
3.593119999999999692e+01 2.272896000000000000e+06
3.565480000000000160e+01 2.125493000000000000e+06
3.611229999999999762e+01 2.267884000000000000e+06
3.672220000000000084e+01 2.246297000000000000e+06
3.651259999999999906e+01 2.539806000000000000e+06
3.578820000000000334e+01 2.616391000000000000e+06
3.562619999999999720e+01 4.497516000000000000e+06
3.678900000000000148e+01 2.143131000000000000e+06
3.738940000000000197e+01 2.317756000000000000e+06
3.780879999999999797e+01 2.510027000000000000e+06
3.742750000000000199e+01 2.036267000000000000e+06
3.741799999999999926e+01 2.486117000000000000e+06
3.842830000000000013e+01 3.156621000000000000e+06
3.741799999999999926e+01 2.265624000000000000e+06
3.721779999999999688e+01 2.351611000000000000e+06
3.657930000000000348e+01 1.981771000000000000e+06
3.686659999999999826e+01 2.578294000000000000e+06
3.646150000000000091e+01 2.590733000000000000e+06
3.548199999999999932e+01 2.705759000000000000e+06
3.561379999999999768e+01 2.557697000000000000e+06
3.569859999999999900e+01 3.305259000000000000e+06
3.639560000000000173e+01 3.645003000000000000e+06
3.603770000000000095e+01 4.030254000000000000e+06
3.579279999999999973e+01 2.889820000000000000e+06
3.645210000000000150e+01 3.897175000000000000e+06
3.834539999999999793e+01 4.420351000000000000e+06
3.905180000000000007e+01 2.300990000000000000e+06
3.904240000000000066e+01 2.264498000000000000e+06
3.925900000000000034e+01 2.330544000000000000e+06
3.983359999999999701e+01 2.991455000000000000e+06
3.940030000000000143e+01 1.846753000000000000e+06
3.864679999999999893e+01 2.034494000000000000e+06
3.886339999999999861e+01 3.291913000000000000e+06
3.901409999999999911e+01 3.221903000000000000e+06
3.821350000000000335e+01 4.598309000000000000e+06
3.797800000000000153e+01 2.548321000000000000e+06
3.803450000000000131e+01 2.083595000000000000e+06
3.786500000000000199e+01 2.265137000000000000e+06
3.857139999999999702e+01 3.177664000000000000e+06
3.794980000000000331e+01 5.582699000000000000e+06
3.673469999999999658e+01 3.555420000000000000e+06
3.752590000000000003e+01 2.605380000000000000e+06
3.762950000000000017e+01 2.543273000000000000e+06
3.756360000000000099e+01 2.011218000000000000e+06
3.600939999999999941e+01 2.272677000000000000e+06
3.663110000000000355e+01 2.427387000000000000e+06
3.556669999999999732e+01 2.307075000000000000e+06
3.510520000000000351e+01 2.116268000000000000e+06
3.572679999999999723e+01 2.239309000000000000e+06
3.514289999999999736e+01 2.304828000000000000e+06
3.319310000000000116e+01 1.699144000000000000e+06
3.479440000000000310e+01 5.166439000000000000e+06
3.605649999999999977e+01 2.796337000000000000e+06
3.707379999999999853e+01 2.097513000000000000e+06
3.791210000000000235e+01 3.415321000000000000e+06
3.785560000000000258e+01 5.093454000000000000e+06
4.179279999999999973e+01 3.156349000000000000e+06
4.131239999999999668e+01 1.653224000000000000e+06
4.183050000000000068e+01 1.929316000000000000e+06
4.163269999999999982e+01 1.831816000000000000e+06
4.164209999999999923e+01 2.301645000000000000e+06
4.265930000000000177e+01 2.392410000000000000e+06
4.352590000000000003e+01 2.577901000000000000e+06
4.380850000000000222e+01 3.232692000000000000e+06
4.452429999999999666e+01 2.010861000000000000e+06
4.437360000000000326e+01 2.647630000000000000e+06
4.365780000000000172e+01 1.919596000000000000e+06
4.375200000000000244e+01 2.440403000000000000e+06
4.385560000000000258e+01 2.149466000000000000e+06
4.373310000000000031e+01 2.090304000000000000e+06
4.268760000000000332e+01 9.019200000000000000e+05
4.290420000000000300e+01 2.438174000000000000e+06
4.307379999999999853e+01 2.125243000000000000e+06
4.339399999999999835e+01 2.319436000000000000e+06
4.346940000000000026e+01 2.245566000000000000e+06
4.279120000000000346e+01 2.625495000000000000e+06
4.291369999999999862e+01 2.205836000000000000e+06
4.269700000000000273e+01 1.883717000000000000e+06
4.218840000000000146e+01 1.648767000000000000e+06
4.314909999999999712e+01 1.412150000000000000e+06
4.365780000000000172e+01 1.989195000000000000e+06
4.365310000000000201e+01 2.158753000000000000e+06
4.358780000000000143e+01 2.889540000000000000e+06
4.231929999999999836e+01 3.431671000000000000e+06
4.166629999999999967e+01 2.620930000000000000e+06
4.175030000000000285e+01 2.713435000000000000e+06
4.008059999999999690e+01 3.007416000000000000e+06
3.995940000000000225e+01 3.565403000000000000e+06
3.818710000000000093e+01 2.381722000000000000e+06
3.875610000000000355e+01 3.404408000000000000e+06
3.875610000000000355e+01 2.582558000000000000e+06
3.733829999999999671e+01 2.974326000000000000e+06
3.880279999999999774e+01 3.808771000000000000e+06
3.756219999999999715e+01 5.558283000000000000e+06
3.962360000000000326e+01 1.663338000000000000e+06
3.981949999999999790e+01 2.934174000000000000e+06
4.024849999999999994e+01 1.453739000000000000e+06
4.021119999999999806e+01 2.036702000000000000e+06
3.950229999999999819e+01 2.053630000000000000e+06
3.974490000000000123e+01 3.459177000000000000e+06
3.912919999999999732e+01 3.643914000000000000e+06
4.069630000000000081e+01 3.333211000000000000e+06
4.220729999999999649e+01 6.042700000000000000e+06
4.582639999999999958e+01 2.783207000000000000e+06
4.716029999999999944e+01 2.613444000000000000e+06
4.812100000000000222e+01 2.059712000000000000e+06
4.831689999999999685e+01 2.027142000000000000e+06
4.978130000000000166e+01 1.733942000000000000e+06
4.999589999999999890e+01 1.480296000000000000e+06
4.984660000000000224e+01 1.786485000000000000e+06
4.993059999999999832e+01 1.384434000000000000e+06
5.007979999999999876e+01 1.511338000000000000e+06
5.052750000000000341e+01 1.482077000000000000e+06
5.172149999999999892e+01 1.514280000000000000e+06
5.254229999999999734e+01 2.397329000000000000e+06
5.301800000000000068e+01 1.272033000000000000e+06
5.280349999999999966e+01 1.402492000000000000e+06
5.238369999999999749e+01 1.163300000000000000e+06
5.218789999999999907e+01 1.203994000000000000e+06
5.206660000000000110e+01 1.726560000000000000e+06
5.177740000000000009e+01 1.073210000000000000e+06
5.138569999999999993e+01 9.193790000000000000e+05
5.156289999999999907e+01 1.201884000000000000e+06
5.184270000000000067e+01 1.099525000000000000e+06
5.128309999999999746e+01 1.282638000000000000e+06
5.118979999999999819e+01 1.409903000000000000e+06
5.146959999999999980e+01 3.077518000000000000e+06
5.049960000000000093e+01 1.674254000000000000e+06
5.137639999999999674e+01 2.570883000000000000e+06
5.179610000000000269e+01 1.933557000000000000e+06
5.217849999999999966e+01 1.035891000000000000e+06
5.196399999999999864e+01 1.320744000000000000e+06
5.231839999999999691e+01 8.600600000000000000e+05
5.167479999999999762e+01 1.689732000000000000e+06
5.113380000000000081e+01 2.136687000000000000e+06
5.115250000000000341e+01 1.562706000000000000e+06
5.176809999999999690e+01 1.914391000000000000e+06
5.186140000000000327e+01 1.228316000000000000e+06
5.160020000000000095e+01 1.143607000000000000e+06
5.141369999999999862e+01 9.042880000000000000e+05
5.126440000000000197e+01 1.555944000000000000e+06
5.214119999999999777e+01 2.821195000000000000e+06
5.103119999999999834e+01 1.947981000000000000e+06
5.130169999999999675e+01 1.469463000000000000e+06
5.182410000000000139e+01 1.199941000000000000e+06
5.199069999999999681e+01 2.149870000000000000e+06
5.249980000000000047e+01 1.866118000000000000e+06
5.210179999999999723e+01 2.527365000000000000e+06
5.166669999999999874e+01 3.123066000000000000e+06
5.128719999999999857e+01 4.968097000000000000e+06
5.286999999999999744e+01 1.312276000000000000e+06
5.366599999999999682e+01 3.149472000000000000e+06
5.302740000000000009e+01 2.543030000000000000e+06
5.194440000000000168e+01 2.592842000000000000e+06
5.219429999999999836e+01 2.543070000000000000e+06
5.297180000000000177e+01 1.553215000000000000e+06
5.318469999999999942e+01 1.386852000000000000e+06
5.292549999999999955e+01 1.072906000000000000e+06
5.322169999999999845e+01 1.000151000000000000e+06
5.349020000000000152e+01 8.155250000000000000e+05
5.335130000000000194e+01 8.639590000000000000e+05
5.302740000000000009e+01 1.239866000000000000e+06
5.279599999999999937e+01 9.075890000000000000e+05
5.316620000000000346e+01 8.619150000000000000e+05
5.358270000000000266e+01 9.791500000000000000e+05
5.303659999999999997e+01 1.072928000000000000e+06
5.378629999999999711e+01 1.058065000000000000e+06
5.339759999999999707e+01 1.561957000000000000e+06
5.268489999999999895e+01 1.300466000000000000e+06
5.249049999999999727e+01 1.425161000000000000e+06
5.237939999999999685e+01 1.045927000000000000e+06
5.269409999999999883e+01 1.337773000000000000e+06
5.277740000000000009e+01 1.654216000000000000e+06
5.279599999999999937e+01 1.157979000000000000e+06
5.323100000000000165e+01 1.213586000000000000e+06
5.393439999999999657e+01 1.302393000000000000e+06
5.389739999999999753e+01 1.485439000000000000e+06
5.365679999999999694e+01 2.928639000000000000e+06
5.316620000000000346e+01 1.687428000000000000e+06
5.411030000000000229e+01 1.215789000000000000e+06
5.413810000000000144e+01 1.676111000000000000e+06
5.498040000000000305e+01 1.513243000000000000e+06
5.535990000000000322e+01 2.842684000000000000e+06
5.599849999999999994e+01 1.380676000000000000e+06
5.599849999999999994e+01 1.872183000000000000e+06
5.722030000000000172e+01 1.384238000000000000e+06
5.686860000000000070e+01 1.281758000000000000e+06
5.642430000000000234e+01 1.007395000000000000e+06
5.605409999999999826e+01 9.898850000000000000e+05
5.637800000000000011e+01 1.861708000000000000e+06
5.624839999999999662e+01 2.300883000000000000e+06
5.616510000000000247e+01 1.429858000000000000e+06
5.564679999999999893e+01 2.029235000000000000e+06
5.449909999999999854e+01 1.774707000000000000e+06
5.531360000000000099e+01 1.477386000000000000e+06
5.463790000000000191e+01 2.301789000000000000e+06
5.549869999999999948e+01 1.779259000000000000e+06
5.614659999999999940e+01 1.452797000000000000e+06
5.624839999999999662e+01 1.391287000000000000e+06
5.679449999999999932e+01 1.709595000000000000e+06
5.682229999999999848e+01 1.845395000000000000e+06
5.747019999999999840e+01 1.150078000000000000e+06
5.764609999999999701e+01 1.279516000000000000e+06
5.728509999999999991e+01 1.634409000000000000e+06
5.633169999999999789e+01 1.939077000000000000e+06
5.665570000000000306e+01 1.534417000000000000e+06
5.648910000000000053e+01 8.748880000000000000e+05
5.604480000000000217e+01 1.279167000000000000e+06
5.597999999999999687e+01 1.264687000000000000e+06
5.563750000000000284e+01 2.618190000000000000e+06
5.553569999999999851e+01 2.645477000000000000e+06
5.498960000000000292e+01 2.498624000000000000e+06
5.407330000000000325e+01 1.413742000000000000e+06
5.380680000000000263e+01 2.182581000000000000e+06
5.496450000000000102e+01 2.553112000000000000e+06
5.435810000000000031e+01 2.642171000000000000e+06
5.585580000000000211e+01 3.369878000000000000e+06
5.912689999999999912e+01 1.849243000000000000e+06
5.981600000000000250e+01 1.437690000000000000e+06
5.944839999999999947e+01 1.539222000000000000e+06
6.098290000000000077e+01 1.041327000000000000e+06
6.089099999999999824e+01 1.355003000000000000e+06
6.120340000000000202e+01 7.351700000000000000e+05
6.097370000000000090e+01 1.072851000000000000e+06
6.073479999999999990e+01 1.063976000000000000e+06
6.005490000000000350e+01 1.327958000000000000e+06
5.972409999999999997e+01 8.936880000000000000e+05
5.957710000000000150e+01 8.237920000000000000e+05
5.903499999999999659e+01 7.390900000000000000e+05
5.931980000000000075e+01 1.350425000000000000e+06
5.788640000000000185e+01 1.105211000000000000e+06
5.756479999999999819e+01 1.780045000000000000e+06
5.921869999999999834e+01 1.374247000000000000e+06
5.867660000000000053e+01 1.196368000000000000e+06
5.804260000000000019e+01 1.086892000000000000e+06
5.692170000000000130e+01 1.747915000000000000e+06
5.896150000000000091e+01 1.552808000000000000e+06
5.803340000000000032e+01 1.416327000000000000e+06
5.829990000000000094e+01 1.464233000000000000e+06
5.864909999999999712e+01 1.827485000000000000e+06
5.608550000000000324e+01 1.842270000000000000e+06
5.764750000000000085e+01 1.415119000000000000e+06
5.957710000000000150e+01 1.248397000000000000e+06
5.933820000000000050e+01 1.222732000000000000e+06
5.955870000000000175e+01 1.626880000000000000e+06
6.098290000000000077e+01 3.020838000000000000e+06
6.111149999999999949e+01 1.340985000000000000e+06
6.082670000000000243e+01 1.690516000000000000e+06
6.157090000000000174e+01 1.311732000000000000e+06
6.160770000000000124e+01 1.596394000000000000e+06
6.162610000000000099e+01 1.134190000000000000e+06
6.068889999999999674e+01 1.246384000000000000e+06
6.082670000000000243e+01 1.285056000000000000e+06
6.101050000000000040e+01 1.703828000000000000e+06
6.064289999999999736e+01 1.319133000000000000e+06
6.009159999999999968e+01 1.274092000000000000e+06
5.969650000000000034e+01 1.373464000000000000e+06
6.042240000000000322e+01 1.308078000000000000e+06
6.124940000000000140e+01 1.205025000000000000e+06
6.186500000000000199e+01 1.553356000000000000e+06
6.074399999999999977e+01 1.280320000000000000e+06
5.998140000000000072e+01 1.592904000000000000e+06
5.984349999999999881e+01 1.842711000000000000e+06
5.982520000000000238e+01 1.540563000000000000e+06
6.093699999999999761e+01 2.374491000000000000e+06
5.964139999999999731e+01 1.855817000000000000e+06
5.869210000000000349e+01 1.539367000000000000e+06
5.789800000000000324e+01 1.034980000000000000e+06
5.775189999999999912e+01 1.630975000000000000e+06
5.689390000000000214e+01 1.977573000000000000e+06
5.561599999999999966e+01 2.284826000000000000e+06
5.880160000000000053e+01 2.428005000000000000e+06
5.892029999999999745e+01 3.181300000000000000e+06
5.838179999999999836e+01 3.034879000000000000e+06
6.137570000000000192e+01 2.683108000000000000e+06
6.049940000000000140e+01 2.024918000000000000e+06
6.081889999999999930e+01 3.905119000000000000e+06
6.221549999999999869e+01 3.712338000000000000e+06
6.244369999999999976e+01 5.535424000000000000e+06
6.414140000000000441e+01 1.817675000000000000e+06
6.306430000000000291e+01 1.090448000000000000e+06
6.275399999999999778e+01 1.226785000000000000e+06
6.244369999999999976e+01 2.085204000000000000e+06
6.278139999999999787e+01 1.399520000000000000e+06
6.312819999999999965e+01 1.400680000000000000e+06
6.209680000000000177e+01 2.228261000000000000e+06
6.322860000000000014e+01 1.432414000000000000e+06
6.269919999999999760e+01 1.473262000000000000e+06
6.316479999999999961e+01 1.576333000000000000e+06
6.230669999999999931e+01 1.329724000000000000e+06
6.153090000000000259e+01 1.378374000000000000e+06
6.152170000000000272e+01 2.236572000000000000e+06
6.185029999999999717e+01 2.040089000000000000e+06
6.143959999999999866e+01 1.959475000000000000e+06
6.119310000000000116e+01 2.195223000000000000e+06
5.969619999999999749e+01 2.139103000000000000e+06
5.906629999999999825e+01 2.235165000000000000e+06
5.769720000000000226e+01 1.140307000000000000e+06
5.768800000000000239e+01 1.156459000000000000e+06
5.757849999999999824e+01 8.078470000000000000e+05
5.773369999999999891e+01 6.646180000000000000e+05
5.817179999999999751e+01 8.679800000000000000e+05
5.827219999999999800e+01 9.213670000000000000e+05
5.817179999999999751e+01 1.144273000000000000e+06
5.787060000000000315e+01 1.409529000000000000e+06
5.829050000000000153e+01 1.405850000000000000e+06
5.760589999999999833e+01 4.840131000000000000e+06
5.709470000000000312e+01 2.111817000000000000e+06
5.869210000000000349e+01 1.514657000000000000e+06
5.836350000000000193e+01 1.503187000000000000e+06
5.880160000000000053e+01 2.138603000000000000e+06
5.880160000000000053e+01 1.665698000000000000e+06
5.801659999999999684e+01 1.279105000000000000e+06
5.788889999999999958e+01 1.335917000000000000e+06
5.778840000000000288e+01 1.671637000000000000e+06
5.793449999999999989e+01 1.746813000000000000e+06
5.695779999999999887e+01 2.293892000000000000e+06
5.696690000000000254e+01 2.371421000000000000e+06
5.500450000000000017e+01 9.537830000000000000e+05
5.410990000000000322e+01 8.807480000000000000e+05
5.357139999999999702e+01 1.089356000000000000e+06
5.372659999999999769e+01 3.507540000000000000e+05
5.366270000000000095e+01 8.132740000000000000e+05
5.354399999999999693e+01 1.168096000000000000e+06
5.335229999999999961e+01 1.307412000000000000e+06
5.431069999999999709e+01 1.179974000000000000e+06
5.399130000000000251e+01 1.577926000000000000e+06
5.363530000000000086e+01 1.277998000000000000e+06
5.354399999999999693e+01 1.389585000000000000e+06
5.370830000000000126e+01 1.310574000000000000e+06
5.354399999999999693e+01 1.169375000000000000e+06
5.388170000000000215e+01 1.846685000000000000e+06
5.377300000000000324e+01 1.146681000000000000e+06
5.341960000000000264e+01 1.179266000000000000e+06
5.370949999999999847e+01 2.225705000000000000e+06
5.432580000000000098e+01 1.602757000000000000e+06
5.420799999999999841e+01 2.127850000000000000e+06
5.557630000000000337e+01 2.353346000000000000e+06
5.557630000000000337e+01 1.857562000000000000e+06
5.466100000000000136e+01 1.026097000000000000e+06
5.512319999999999709e+01 2.023945000000000000e+06
5.479699999999999704e+01 1.656581000000000000e+06
5.527720000000000056e+01 1.489313000000000000e+06
5.534069999999999823e+01 2.308366000000000000e+06
5.505980000000000274e+01 2.298651000000000000e+06
5.485130000000000194e+01 1.204608000000000000e+06
5.400860000000000127e+01 1.929287000000000000e+06
5.400860000000000127e+01 1.427830000000000000e+06
5.400860000000000127e+01 1.536757000000000000e+06
5.358270000000000266e+01 8.970080000000000000e+05
5.333800000000000097e+01 6.758020000000000000e+05
5.320210000000000150e+01 9.730270000000000000e+05
5.307520000000000238e+01 9.988330000000000000e+05
5.343769999999999953e+01 1.634791000000000000e+06
5.304800000000000182e+01 1.011405000000000000e+06
5.271269999999999811e+01 2.359417000000000000e+06
5.245900000000000318e+01 1.108275000000000000e+06
5.273089999999999833e+01 1.177719000000000000e+06
5.261310000000000286e+01 1.497829000000000000e+06
5.262210000000000321e+01 1.514015000000000000e+06
5.140780000000000172e+01 1.334952000000000000e+06
5.145320000000000249e+01 1.447469000000000000e+06
5.104540000000000077e+01 1.755585000000000000e+06
5.038389999999999702e+01 1.019796000000000000e+06
5.003040000000000020e+01 1.455763000000000000e+06
5.044729999999999848e+01 2.322977000000000000e+06
5.220530000000000115e+01 1.682006000000000000e+06
5.278520000000000323e+01 9.717090000000000000e+05
5.196059999999999945e+01 1.489832000000000000e+06
5.232309999999999661e+01 1.238436000000000000e+06
5.215999999999999659e+01 1.921594000000000000e+06
5.203309999999999746e+01 1.349713000000000000e+06
5.195159999999999911e+01 1.117691000000000000e+06
5.253150000000000119e+01 1.123396000000000000e+06
5.233209999999999695e+01 2.287295000000000000e+06
5.117219999999999658e+01 1.299411000000000000e+06
5.117219999999999658e+01 1.534213000000000000e+06
5.146220000000000283e+01 1.638752000000000000e+06
5.150750000000000028e+01 1.821307000000000000e+06
5.249530000000000030e+01 1.420972000000000000e+06
5.157099999999999795e+01 1.321951000000000000e+06
5.087319999999999709e+01 9.973850000000000000e+05
5.007569999999999766e+01 8.082850000000000000e+05
4.999419999999999931e+01 1.548982000000000000e+06
5.004860000000000042e+01 8.455180000000000000e+05
4.955019999999999669e+01 1.435744000000000000e+06
4.947769999999999868e+01 9.333570000000000000e+05
4.968610000000000326e+01 1.321760000000000000e+06
4.923299999999999699e+01 1.893423000000000000e+06
5.100909999999999656e+01 9.878350000000000000e+05
5.080980000000000274e+01 8.189020000000000000e+05
5.192439999999999856e+01 1.032772000000000000e+06
5.102720000000000056e+01 6.834530000000000000e+05
5.123570000000000135e+01 1.419326000000000000e+06
5.039289999999999736e+01 8.895220000000000000e+05
5.004860000000000042e+01 1.174283000000000000e+06
5.087319999999999709e+01 1.104024000000000000e+06
5.089119999999999777e+01 1.328361000000000000e+06
5.143110000000000070e+01 2.014545000000000000e+06
5.158400000000000318e+01 2.080650000000000000e+06
5.091819999999999879e+01 1.853542000000000000e+06
5.187189999999999657e+01 1.160055000000000000e+06
5.158400000000000318e+01 8.562060000000000000e+05
5.166499999999999915e+01 1.640966000000000000e+06
5.157500000000000284e+01 1.630400000000000000e+06
5.283469999999999800e+01 1.010382000000000000e+06
5.232180000000000319e+01 6.812920000000000000e+05
5.293370000000000175e+01 6.843140000000000000e+05
5.274470000000000169e+01 9.453810000000000000e+05
5.281669999999999732e+01 8.513450000000000000e+05
5.300569999999999737e+01 8.375680000000000000e+05
5.353649999999999665e+01 7.715540000000000000e+05
5.319460000000000122e+01 1.029750000000000000e+06
5.374349999999999739e+01 1.252871000000000000e+06
5.367150000000000176e+01 1.844595000000000000e+06
5.370750000000000313e+01 1.637176000000000000e+06
5.275370000000000203e+01 1.232165000000000000e+06
5.206989999999999696e+01 1.178435000000000000e+06
5.244780000000000086e+01 1.385218000000000000e+06
5.156600000000000250e+01 1.169198000000000000e+06
5.075619999999999976e+01 8.052540000000000000e+05
5.139509999999999934e+01 7.942350000000000000e+05
5.139509999999999934e+01 3.688530000000000000e+05
5.098120000000000118e+01 1.435491000000000000e+06
5.066620000000000346e+01 1.305974000000000000e+06
5.100820000000000221e+01 1.257975000000000000e+06
5.103520000000000323e+01 1.187078000000000000e+06
5.131410000000000338e+01 1.328484000000000000e+06
5.156600000000000250e+01 1.472702000000000000e+06
5.115209999999999724e+01 8.677540000000000000e+05
5.126910000000000167e+01 1.073968000000000000e+06
5.150300000000000011e+01 1.158549000000000000e+06
5.214189999999999969e+01 1.370010000000000000e+06
5.172800000000000153e+01 1.539056000000000000e+06
5.161099999999999710e+01 1.121745000000000000e+06
5.110710000000000264e+01 9.360310000000000000e+05
5.171900000000000119e+01 1.100279000000000000e+06
5.153000000000000114e+01 2.272953000000000000e+06
5.155700000000000216e+01 1.920269000000000000e+06
4.990140000000000242e+01 1.385827000000000000e+06
5.015339999999999776e+01 2.089784000000000000e+06
4.869570000000000221e+01 9.626130000000000000e+05
4.917260000000000275e+01 1.221128000000000000e+06
4.957750000000000057e+01 1.034872000000000000e+06
4.973049999999999926e+01 1.142675000000000000e+06
4.896569999999999823e+01 1.877023000000000000e+06
4.953249999999999886e+01 1.186780000000000000e+06
4.962250000000000227e+01 1.422655000000000000e+06
4.974849999999999994e+01 1.986070000000000000e+06
4.886670000000000158e+01 1.620104000000000000e+06
4.741810000000000258e+01 1.020858000000000000e+06
4.706719999999999970e+01 1.336563000000000000e+06
4.677920000000000300e+01 1.519862000000000000e+06
4.641929999999999978e+01 1.789202000000000000e+06
4.691420000000000101e+01 1.298764000000000000e+06
4.839880000000000138e+01 1.117500000000000000e+06
4.858780000000000143e+01 1.240880000000000000e+06
4.829979999999999762e+01 1.295226000000000000e+06
4.883970000000000056e+01 9.026140000000000000e+05
4.868670000000000186e+01 1.247329000000000000e+06
4.805689999999999884e+01 1.291762000000000000e+06
4.913660000000000139e+01 8.092360000000000000e+05
4.950549999999999784e+01 1.119775000000000000e+06
4.868670000000000186e+01 1.263566000000000000e+06
4.857880000000000109e+01 1.184193000000000000e+06
4.840010000000000190e+01 1.129754000000000000e+06
4.832869999999999777e+01 1.262099000000000000e+06
4.783749999999999858e+01 1.331732000000000000e+06
4.848949999999999960e+01 1.835237000000000000e+06
4.791779999999999973e+01 2.370016000000000000e+06
4.855199999999999960e+01 2.012457000000000000e+06
4.824830000000000041e+01 2.196669000000000000e+06
4.735510000000000019e+01 1.619962000000000000e+06
4.740870000000000317e+01 1.736401000000000000e+06
4.724799999999999756e+01 3.405410000000000000e+06
4.522050000000000125e+01 2.180740000000000000e+06
4.479180000000000206e+01 1.260889000000000000e+06
4.406830000000000069e+01 1.329624000000000000e+06
4.450600000000000023e+01 1.473752000000000000e+06
4.554200000000000159e+01 8.693490000000000000e+05
4.572070000000000078e+01 7.884360000000000000e+05
4.562239999999999895e+01 1.342753000000000000e+06
4.632800000000000296e+01 9.065080000000000000e+05
4.608689999999999998e+01 1.231541000000000000e+06
4.604220000000000113e+01 1.316805000000000000e+06
4.575639999999999930e+01 1.611546000000000000e+06
4.647090000000000032e+01 1.640208000000000000e+06
4.694429999999999836e+01 1.028191000000000000e+06
4.647090000000000032e+01 1.497106000000000000e+06
4.721220000000000283e+01 1.353235000000000000e+06
4.608689999999999998e+01 1.540954000000000000e+06
4.680140000000000100e+01 1.274647000000000000e+06
4.725690000000000168e+01 9.647660000000000000e+05
4.685499999999999687e+01 1.229253000000000000e+06
4.597970000000000113e+01 2.010716000000000000e+06
4.741770000000000351e+01 1.358982000000000000e+06
4.678349999999999653e+01 2.695428000000000000e+06
4.684599999999999653e+01 1.520551000000000000e+06
4.625659999999999883e+01 1.034977000000000000e+06
4.543489999999999895e+01 9.447620000000000000e+05
4.583679999999999666e+01 1.024916000000000000e+06
4.576530000000000342e+01 1.467842000000000000e+06
4.548839999999999861e+01 1.793353000000000000e+06
4.581889999999999930e+01 3.310439000000000000e+06
4.546170000000000044e+01 2.122110000000000000e+06
4.658700000000000330e+01 2.382195000000000000e+06
4.826619999999999777e+01 9.191660000000000000e+05
4.827510000000000190e+01 1.266953000000000000e+06
4.873060000000000258e+01 1.339754000000000000e+06
4.798040000000000305e+01 1.620258000000000000e+06
4.798930000000000007e+01 8.953650000000000000e+05
4.772129999999999939e+01 1.089181000000000000e+06
4.764099999999999824e+01 1.735109000000000000e+06
4.750699999999999790e+01 1.109032000000000000e+06
4.807860000000000156e+01 2.297448000000000000e+06
4.703359999999999985e+01 2.448489000000000000e+06
4.852519999999999811e+01 1.707350000000000000e+06
4.810540000000000305e+01 2.022245000000000000e+06
4.780169999999999675e+01 1.464120000000000000e+06
4.706929999999999836e+01 1.873507000000000000e+06
4.687279999999999802e+01 1.408082000000000000e+06
4.672099999999999653e+01 1.968877000000000000e+06
4.824830000000000041e+01 4.015257000000000000e+06
4.778730000000000189e+01 2.154713000000000000e+06
4.805330000000000013e+01 1.498445000000000000e+06
4.816850000000000165e+01 1.436956000000000000e+06
4.757450000000000045e+01 2.106806000000000000e+06
4.717549999999999955e+01 1.244729000000000000e+06
4.730850000000000222e+01 1.343902000000000000e+06
4.766320000000000334e+01 1.331534000000000000e+06
4.779610000000000269e+01 1.464984000000000000e+06
4.824830000000000041e+01 1.904874000000000000e+06
4.931219999999999715e+01 2.723966000000000000e+06
4.792029999999999745e+01 3.313795000000000000e+06
4.713119999999999976e+01 1.577188000000000000e+06
4.628889999999999816e+01 1.236732000000000000e+06
4.546439999999999770e+01 5.894930000000000000e+05
4.581900000000000261e+01 3.513660000000000000e+05
4.562400000000000233e+01 2.980990000000000000e+05
4.641310000000000002e+01 1.377569000000000000e+06
4.628889999999999816e+01 1.317750000000000000e+06
4.648400000000000176e+01 9.794370000000000000e+05
4.617369999999999663e+01 1.342558000000000000e+06
4.628009999999999735e+01 9.879850000000000000e+05
4.653719999999999857e+01 1.139150000000000000e+06
4.630669999999999931e+01 9.371510000000000000e+05
4.609389999999999787e+01 1.225205000000000000e+06
4.541120000000000090e+01 1.026224000000000000e+06
4.501219999999999999e+01 8.119190000000000000e+05
4.575699999999999790e+01 6.586030000000000000e+05
4.568610000000000326e+01 9.090350000000000000e+05
4.634210000000000207e+01 4.665210000000000000e+05
4.600520000000000209e+01 6.981240000000000000e+05
4.568610000000000326e+01 8.946920000000000000e+05
4.638649999999999807e+01 1.095869000000000000e+06
4.652830000000000155e+01 1.236999000000000000e+06
4.637760000000000105e+01 1.344534000000000000e+06
4.674110000000000298e+01 3.056396000000000000e+06
4.642190000000000083e+01 4.560528000000000000e+06
4.563289999999999935e+01 2.276783000000000000e+06
4.532260000000000133e+01 1.477739000000000000e+06
4.527819999999999823e+01 1.963234000000000000e+06
4.650169999999999959e+01 1.359957000000000000e+06
4.675000000000000000e+01 1.404677000000000000e+06
4.680319999999999681e+01 1.604228000000000000e+06
4.589880000000000138e+01 1.029339000000000000e+06
4.567719999999999914e+01 1.087651000000000000e+06
4.522500000000000142e+01 2.006495000000000000e+06
4.514520000000000266e+01 2.432411000000000000e+06
4.539350000000000307e+01 1.675255000000000000e+06
4.511860000000000070e+01 1.194150000000000000e+06
4.514520000000000266e+01 1.734484000000000000e+06
4.531369999999999720e+01 4.117650000000000000e+05
4.509199999999999875e+01 1.302902000000000000e+06
4.497679999999999723e+01 1.282001000000000000e+06
4.473740000000000094e+01 1.674174000000000000e+06
4.456889999999999930e+01 1.836047000000000000e+06
4.413450000000000273e+01 1.654811000000000000e+06
4.401140000000000185e+01 2.281209000000000000e+06
4.366839999999999833e+01 1.901029000000000000e+06
4.346609999999999729e+01 2.210911000000000000e+06
4.217320000000000135e+01 1.385572000000000000e+06
4.255140000000000100e+01 2.520482000000000000e+06
4.194449999999999790e+01 2.520096000000000000e+06
4.018549999999999756e+01 1.667970000000000000e+06
3.981609999999999872e+01 2.786115000000000000e+06
4.076590000000000202e+01 2.387757000000000000e+06
4.012389999999999901e+01 1.221979000000000000e+06
4.030859999999999843e+01 1.281758000000000000e+06
3.985119999999999862e+01 1.794578000000000000e+06
4.062519999999999953e+01 1.192657000000000000e+06
4.059879999999999711e+01 8.646800000000000000e+05
4.074839999999999662e+01 1.153404000000000000e+06
4.129370000000000118e+01 2.120996000000000000e+06
4.130250000000000199e+01 2.432323000000000000e+06
4.152230000000000132e+01 2.224713000000000000e+06
4.084510000000000218e+01 1.013035000000000000e+06
4.125849999999999795e+01 1.879263000000000000e+06
4.278880000000000194e+01 1.070880000000000000e+06
4.204129999999999967e+01 1.542756000000000000e+06
4.185660000000000025e+01 1.638028000000000000e+06
4.108259999999999934e+01 1.191366000000000000e+06
3.962259999999999849e+01 1.346237000000000000e+06
4.045810000000000173e+01 1.116610000000000000e+06
4.015910000000000224e+01 1.688939000000000000e+06
4.132000000000000028e+01 1.099182000000000000e+06
4.089789999999999992e+01 1.951809000000000000e+06
4.173340000000000316e+01 1.669444000000000000e+06
4.093310000000000315e+01 3.339876000000000000e+06
4.210280000000000200e+01 9.416300000000000000e+05
4.240189999999999770e+01 1.154748000000000000e+06
4.263929999999999865e+01 1.932426000000000000e+06
4.161030000000000229e+01 1.139668000000000000e+06
4.198850000000000193e+01 1.850770000000000000e+06
4.186529999999999774e+01 1.416332000000000000e+06
4.194449999999999790e+01 1.214842000000000000e+06
4.256900000000000261e+01 1.282204000000000000e+06
4.253379999999999939e+01 1.729837000000000000e+06
4.247220000000000084e+01 1.742706000000000000e+06
4.154869999999999663e+01 1.392062000000000000e+06
4.192690000000000339e+01 1.507165000000000000e+06
4.197090000000000032e+01 3.440108000000000000e+06
4.092430000000000234e+01 3.481265000000000000e+06
4.043169999999999931e+01 1.697258000000000000e+06
4.095060000000000144e+01 2.030622000000000000e+06
4.159270000000000067e+01 2.187137000000000000e+06
4.088909999999999911e+01 2.813528000000000000e+06
4.238430000000000319e+01 2.150263000000000000e+06
4.316700000000000159e+01 1.242362000000000000e+06
4.294720000000000226e+01 1.354074000000000000e+06
4.270089999999999719e+01 1.183831000000000000e+06
4.266570000000000107e+01 1.754701000000000000e+06
4.212919999999999732e+01 1.832484000000000000e+06
4.269210000000000349e+01 1.624856000000000000e+06
4.273610000000000042e+01 2.031496000000000000e+06
4.226109999999999900e+01 4.420246000000000000e+06
4.139920000000000044e+01 3.930746000000000000e+06
3.911240000000000094e+01 1.134951000000000000e+06
3.929710000000000036e+01 1.486246000000000000e+06
3.900690000000000168e+01 2.441369000000000000e+06
3.993919999999999959e+01 1.672160000000000000e+06
4.007990000000000208e+01 1.720641000000000000e+06
4.000959999999999894e+01 1.326121000000000000e+06
3.945539999999999736e+01 1.335707000000000000e+06
3.869910000000000139e+01 1.437964000000000000e+06
3.911240000000000094e+01 1.466428000000000000e+06
3.981609999999999872e+01 2.091103000000000000e+06
3.857589999999999719e+01 2.104920000000000000e+06
3.822270000000000323e+01 2.064034000000000000e+06
3.837969999999999970e+01 1.470280000000000000e+06
3.844080000000000297e+01 1.825948000000000000e+06
3.812680000000000291e+01 3.875962000000000000e+06
3.658330000000000126e+01 2.221487000000000000e+06
3.576350000000000051e+01 2.183592000000000000e+06
3.655709999999999837e+01 2.006381000000000000e+06
3.742040000000000077e+01 2.359472000000000000e+06
3.729829999999999757e+01 9.746080000000000000e+05
3.770819999999999794e+01 1.259252000000000000e+06
3.804829999999999757e+01 1.043498000000000000e+06
3.735940000000000083e+01 1.164843000000000000e+06
3.761229999999999762e+01 8.279030000000000000e+05
3.775180000000000291e+01 1.104524000000000000e+06
3.800469999999999970e+01 1.595030000000000000e+06
3.742920000000000158e+01 9.992430000000000000e+05
3.771690000000000254e+01 1.944970000000000000e+06
3.707159999999999656e+01 3.627879000000000000e+06
3.506589999999999918e+01 1.799133000000000000e+06
3.454260000000000019e+01 1.193780000000000000e+06
3.465599999999999881e+01 1.254799000000000000e+06
3.389730000000000132e+01 8.486840000000000000e+05
3.361820000000000164e+01 1.575778000000000000e+06
3.240599999999999881e+01 1.474562000000000000e+06
3.263280000000000314e+01 2.601379000000000000e+06
3.230140000000000100e+01 2.567308000000000000e+06
3.405429999999999779e+01 1.128494000000000000e+06
3.389730000000000132e+01 1.924955000000000000e+06
3.312109999999999843e+01 1.215350000000000000e+06
3.250200000000000244e+01 1.539956000000000000e+06
3.128109999999999857e+01 1.921829000000000000e+06
3.365310000000000201e+01 3.441205000000000000e+06
3.619950000000000045e+01 1.753048000000000000e+06
3.528390000000000271e+01 1.187663000000000000e+06
3.566760000000000019e+01 1.446206000000000000e+06
3.553679999999999950e+01 2.236527000000000000e+06
3.464730000000000132e+01 2.146902000000000000e+06
3.395830000000000126e+01 1.198020000000000000e+06
3.346119999999999806e+01 1.236797000000000000e+06
3.299909999999999854e+01 1.146320000000000000e+06
3.311240000000000094e+01 1.575115000000000000e+06
3.401069999999999993e+01 1.300095000000000000e+06
3.514430000000000121e+01 6.710020000000000000e+05
3.529260000000000019e+01 1.227819000000000000e+06
3.502219999999999800e+01 9.934290000000000000e+05
3.509199999999999875e+01 1.189263000000000000e+06
3.465599999999999881e+01 7.533000000000000000e+05
3.476930000000000121e+01 1.610591000000000000e+06
3.452519999999999811e+01 1.119783000000000000e+06
3.454260000000000019e+01 1.516064000000000000e+06
3.469089999999999918e+01 1.002762000000000000e+06
3.428970000000000340e+01 9.985320000000000000e+05
3.435949999999999704e+01 1.438224000000000000e+06
3.374029999999999774e+01 1.678441000000000000e+06
3.318220000000000169e+01 1.820559000000000000e+06
3.305140000000000100e+01 1.768331000000000000e+06
3.226650000000000063e+01 1.489030000000000000e+06
3.261529999999999774e+01 1.927781000000000000e+06
3.311240000000000094e+01 3.815250000000000000e+06
3.456009999999999849e+01 3.935533000000000000e+06
3.711520000000000152e+01 2.153541000000000000e+06
3.707159999999999656e+01 1.509266000000000000e+06
3.730709999999999837e+01 2.631893000000000000e+06
3.700180000000000291e+01 2.278778000000000000e+06
3.625189999999999912e+01 1.745386000000000000e+06
3.566760000000000019e+01 1.608715000000000000e+06
3.504840000000000089e+01 1.819715000000000000e+06
3.397579999999999956e+01 2.313667000000000000e+06
3.448969999999999914e+01 2.337720000000000000e+06
3.569030000000000058e+01 1.913636000000000000e+06
3.614809999999999945e+01 2.842606000000000000e+06
3.606170000000000186e+01 3.306553000000000000e+06
3.595810000000000173e+01 2.021620000000000000e+06
3.524119999999999919e+01 2.161450000000000000e+06
3.432560000000000144e+01 1.776866000000000000e+06
3.518930000000000291e+01 2.868999000000000000e+06
3.404050000000000153e+01 1.647061000000000000e+06
3.416149999999999665e+01 1.455749000000000000e+06
3.436880000000000024e+01 1.680250000000000000e+06
3.369500000000000028e+01 1.380363000000000000e+06
3.335819999999999652e+01 1.760421000000000000e+06
3.309040000000000248e+01 1.500186000000000000e+06
3.378139999999999787e+01 1.352569000000000000e+06
3.277080000000000126e+01 1.543639000000000000e+06
3.215760000000000218e+01 1.039877000000000000e+06
3.212299999999999756e+01 1.877984000000000000e+06
3.195889999999999986e+01 1.816216000000000000e+06
3.226120000000000232e+01 1.355102000000000000e+06
3.150110000000000099e+01 1.503686000000000000e+06
3.268449999999999989e+01 1.351319000000000000e+06
3.385920000000000130e+01 1.975259000000000000e+06
3.371229999999999905e+01 2.292068000000000000e+06
3.303860000000000241e+01 1.509728000000000000e+06
3.365189999999999770e+01 1.378286000000000000e+06
3.321999999999999886e+01 1.116612000000000000e+06
3.328040000000000020e+01 1.519127000000000000e+06
3.385920000000000130e+01 1.255647000000000000e+06
3.471430000000000149e+01 2.172964000000000000e+06
3.464520000000000266e+01 2.768376000000000000e+06
3.405780000000000030e+01 8.024556000000000000e+06
3.402329999999999899e+01 2.604935000000000000e+06
3.281400000000000006e+01 2.021710000000000000e+06
3.197619999999999862e+01 1.277932000000000000e+06
3.283990000000000009e+01 2.476718000000000000e+06
3.192439999999999856e+01 1.555194000000000000e+06
3.026589999999999847e+01 1.716136000000000000e+06
3.074960000000000093e+01 2.395293000000000000e+06
3.054230000000000089e+01 2.393392000000000000e+06
3.130239999999999867e+01 2.099353000000000000e+06
3.175159999999999982e+01 3.203757000000000000e+06
3.254630000000000223e+01 2.447455000000000000e+06
3.187249999999999872e+01 2.884122000000000000e+06
3.057689999999999841e+01 1.932642000000000000e+06
2.916900000000000048e+01 2.816120000000000000e+06
2.898760000000000048e+01 2.113596000000000000e+06
2.800290000000000035e+01 1.435968000000000000e+06
2.790790000000000148e+01 1.663941000000000000e+06
2.814110000000000156e+01 1.446714000000000000e+06
2.794239999999999924e+01 1.492379000000000000e+06
2.726010000000000133e+01 3.522612000000000000e+06
2.827070000000000149e+01 1.989132000000000000e+06
2.825339999999999918e+01 2.006866000000000000e+06
2.721689999999999898e+01 2.352671000000000000e+06
2.680229999999999890e+01 2.271281000000000000e+06
2.586080000000000112e+01 2.988264000000000000e+06
2.707870000000000132e+01 3.092819000000000000e+06
2.790240000000000009e+01 3.128848000000000000e+06
2.747560000000000002e+01 2.066269000000000000e+06
2.850840000000000174e+01 1.402320000000000000e+06
2.938749999999999929e+01 3.319042000000000000e+06
2.843159999999999954e+01 3.747026000000000000e+06
2.847419999999999973e+01 3.029772000000000000e+06
2.988260000000000005e+01 3.585805000000000000e+06
3.011299999999999955e+01 5.158792000000000000e+06
2.701470000000000127e+01 2.466838000000000000e+06
2.782550000000000168e+01 2.064444000000000000e+06
2.738169999999999860e+01 2.887274000000000000e+06
2.740729999999999933e+01 8.386684000000000000e+06
3.221280000000000143e+01 1.873201000000000000e+06
3.107750000000000057e+01 1.647912000000000000e+06
3.077029999999999887e+01 2.680409000000000000e+06
3.112020000000000053e+01 2.377798000000000000e+06
3.162379999999999924e+01 2.434447000000000000e+06
3.286149999999999949e+01 1.770883000000000000e+06
3.240050000000000097e+01 4.673555000000000000e+06
3.273340000000000316e+01 3.538004000000000000e+06
3.393690000000000140e+01 3.725662000000000000e+06
3.578909999999999769e+01 2.958780000000000000e+06
3.737669999999999959e+01 1.994407000000000000e+06
3.775229999999999819e+01 1.378315000000000000e+06
3.882770000000000010e+01 1.566922000000000000e+06
3.885329999999999728e+01 1.646254000000000000e+06
3.893869999999999720e+01 9.722000000000000000e+05
3.905819999999999936e+01 1.051118000000000000e+06
3.915209999999999724e+01 8.818960000000000000e+05
3.894720000000000226e+01 9.435020000000000000e+05
3.884479999999999933e+01 4.420780000000000000e+05
3.884479999999999933e+01 1.720045000000000000e+06
3.759009999999999962e+01 2.501617000000000000e+06
3.796560000000000201e+01 3.419447000000000000e+06
3.763280000000000314e+01 4.951264000000000000e+06
3.829849999999999710e+01 3.345609000000000000e+06
3.834120000000000061e+01 3.985499000000000000e+06
3.718889999999999674e+01 3.263628000000000000e+06
3.768399999999999750e+01 2.077936000000000000e+06
3.905819999999999936e+01 1.569255000000000000e+06
4.003979999999999961e+01 3.138895000000000000e+06
4.101279999999999859e+01 1.529283000000000000e+06
4.097010000000000218e+01 1.232173000000000000e+06
4.178949999999999676e+01 1.541524000000000000e+06
4.303569999999999851e+01 8.277370000000000000e+05
4.312960000000000349e+01 1.244232000000000000e+06
4.299300000000000210e+01 1.084265000000000000e+06
4.354780000000000229e+01 1.056317000000000000e+06
4.321490000000000009e+01 1.460819000000000000e+06
4.302720000000000056e+01 2.890480000000000000e+05
4.291620000000000346e+01 9.261200000000000000e+05
4.310399999999999920e+01 1.721667000000000000e+06
4.301859999999999928e+01 1.194504000000000000e+06
4.277109999999999701e+01 9.868290000000000000e+05
4.283080000000000354e+01 1.538448000000000000e+06
4.231020000000000181e+01 1.771495000000000000e+06
4.075670000000000215e+01 2.299688000000000000e+06
4.059159999999999968e+01 2.369737000000000000e+06
4.111670000000000158e+01 1.641965000000000000e+06
4.172639999999999816e+01 1.346459000000000000e+06
4.366579999999999728e+01 8.017040000000000000e+05
4.347099999999999653e+01 1.202625000000000000e+06
4.395380000000000109e+01 1.477481000000000000e+06
4.544429999999999836e+01 1.404944000000000000e+06
4.351339999999999719e+01 3.935048000000000000e+06
4.509709999999999752e+01 1.021852000000000000e+06
4.507169999999999987e+01 1.388184000000000000e+06
4.581689999999999685e+01 1.169850000000000000e+06
4.552900000000000347e+01 1.046013000000000000e+06
4.578300000000000125e+01 1.101222000000000000e+06
4.607950000000000301e+01 1.828714000000000000e+06
4.494460000000000122e+01 1.021770000000000000e+06
4.510549999999999926e+01 1.164100000000000000e+06
4.519870000000000232e+01 1.502294000000000000e+06
4.446189999999999998e+01 1.879332000000000000e+06
4.452120000000000033e+01 1.562911000000000000e+06
4.552900000000000347e+01 1.125935000000000000e+06
4.596090000000000231e+01 1.440255000000000000e+06
4.724819999999999709e+01 1.397040000000000000e+06
4.743449999999999989e+01 8.770670000000000000e+05
4.722279999999999944e+01 1.020990000000000000e+06
4.703649999999999665e+01 1.768995000000000000e+06
4.770550000000000068e+01 1.297338000000000000e+06
4.875560000000000116e+01 3.475499000000000000e+06
4.589309999999999690e+01 1.810711000000000000e+06
4.578300000000000125e+01 2.463152000000000000e+06
4.599479999999999791e+01 2.165271000000000000e+06
4.581689999999999685e+01 1.544706000000000000e+06
4.489379999999999882e+01 1.927921000000000000e+06
4.403840000000000288e+01 2.199753000000000000e+06
4.356419999999999959e+01 1.582963000000000000e+06
4.282739999999999725e+01 1.774599000000000000e+06
4.231929999999999836e+01 1.764772000000000000e+06
4.399609999999999843e+01 1.469232000000000000e+06
4.430100000000000193e+01 2.477608000000000000e+06
4.470750000000000313e+01 1.841632000000000000e+06
4.568139999999999645e+01 1.991919000000000000e+06
4.730749999999999744e+01 1.649264000000000000e+06
4.717199999999999704e+01 2.215412000000000000e+06
4.889110000000000156e+01 1.228568000000000000e+06
4.978889999999999816e+01 1.964997000000000000e+06
5.054260000000000019e+01 1.422948000000000000e+06
5.045790000000000219e+01 1.485322000000000000e+06
4.975500000000000256e+01 1.032846000000000000e+06
4.974649999999999750e+01 1.662988000000000000e+06
4.933149999999999835e+01 1.079371000000000000e+06
4.962789999999999679e+01 6.255210000000000000e+05
4.856929999999999836e+01 8.210810000000000000e+05
4.972959999999999781e+01 1.106028000000000000e+06
4.926380000000000337e+01 1.237808000000000000e+06
4.948400000000000176e+01 1.851549000000000000e+06
5.026310000000000144e+01 1.681708000000000000e+06
5.103379999999999939e+01 1.508710000000000000e+06
5.015299999999999869e+01 1.874589000000000000e+06
4.780709999999999837e+01 1.860463000000000000e+06
4.700260000000000105e+01 2.348724000000000000e+06
4.781560000000000343e+01 2.146015000000000000e+06
4.997520000000000095e+01 1.959044000000000000e+06
5.138949999999999818e+01 1.297576000000000000e+06
5.256669999999999732e+01 1.078040000000000000e+06
5.348980000000000246e+01 8.065430000000000000e+05
5.364220000000000255e+01 7.143540000000000000e+05
5.354910000000000281e+01 9.387170000000000000e+05
5.346439999999999770e+01 8.442660000000000000e+05
5.361679999999999779e+01 1.396295000000000000e+06
5.369299999999999784e+01 1.727206000000000000e+06
5.333729999999999905e+01 1.424070000000000000e+06
5.266799999999999926e+01 2.060919000000000000e+06
5.197769999999999868e+01 2.536887000000000000e+06
5.282800000000000296e+01 1.495186000000000000e+06
5.267649999999999721e+01 7.029620000000000000e+05
5.318160000000000309e+01 2.128045000000000000e+06
5.308899999999999864e+01 1.624924000000000000e+06
5.289529999999999887e+01 3.530135000000000000e+06
4.999929999999999808e+01 1.790204000000000000e+06
4.995720000000000027e+01 1.636666000000000000e+06
4.898899999999999721e+01 1.255150000000000000e+06
4.959519999999999840e+01 1.154608000000000000e+06
5.038649999999999807e+01 1.124672000000000000e+06
5.063069999999999737e+01 9.001330000000000000e+05
5.038649999999999807e+01 1.808280000000000000e+06
5.181770000000000209e+01 1.977775000000000000e+06
5.198610000000000042e+01 1.213162000000000000e+06
5.246600000000000108e+01 1.365863000000000000e+06
5.187669999999999959e+01 1.209854000000000000e+06
5.235649999999999693e+01 9.948080000000000000e+05
5.229760000000000275e+01 1.248987000000000000e+06
5.169149999999999778e+01 2.237703000000000000e+06
5.010029999999999717e+01 2.284226000000000000e+06
5.026870000000000260e+01 3.784289000000000000e+06
5.259230000000000160e+01 3.053125000000000000e+06
5.366989999999999839e+01 2.092257000000000000e+06
5.471379999999999910e+01 1.744987000000000000e+06
5.253329999999999700e+01 1.924000000000000000e+05
5.127049999999999841e+01 1.815500000000000000e+06
5.118630000000000280e+01 3.000000000000000000e+02
5.211240000000000094e+01 1.000000000000000000e+02
5.211240000000000094e+01 3.700000000000000000e+03
5.335840000000000316e+01 3.300000000000000000e+03
