1.160300000000000011e+02 2.383123000000000000e+06
1.119200000000000017e+02 2.521032000000000000e+06
1.176899999999999977e+02 3.956022000000000000e+06
1.166800000000000068e+02 2.030797000000000000e+06
1.117699999999999960e+02 2.870096000000000000e+06
1.179099999999999966e+02 4.158836000000000000e+06
1.082099999999999937e+02 4.424844000000000000e+06
1.037600000000000051e+02 4.732473000000000000e+06
9.265999999999999659e+01 5.405777000000000000e+06
1.009399999999999977e+02 6.662627000000000000e+06
1.023299999999999983e+02 4.492457000000000000e+06
1.058199999999999932e+02 5.216256000000000000e+06
1.110499999999999972e+02 5.299624000000000000e+06
1.070400000000000063e+02 4.364704000000000000e+06
1.254800000000000040e+02 4.073326000000000000e+06
1.202800000000000011e+02 5.299557000000000000e+06
1.302700000000000102e+02 3.527381000000000000e+06
1.327199999999999989e+02 3.265548000000000000e+06
1.297199999999999989e+02 2.827369000000000000e+06
1.370500000000000114e+02 3.204214000000000000e+06
1.395600000000000023e+02 2.472637000000000000e+06
1.436200000000000045e+02 3.283742000000000000e+06
1.372400000000000091e+02 2.768212000000000000e+06
1.389099999999999966e+02 2.881583000000000000e+06
1.332299999999999898e+02 4.776253000000000000e+06
1.339499999999999886e+02 3.075217000000000000e+06
1.361500000000000057e+02 2.562064000000000000e+06
1.348199999999999932e+02 2.236164000000000000e+06
1.383899999999999864e+02 1.642041000000000000e+06
1.422299999999999898e+02 1.754761000000000000e+06
1.435500000000000114e+02 1.182536000000000000e+06
1.440600000000000023e+02 1.676561000000000000e+06
1.436500000000000057e+02 2.461698000000000000e+06
1.441699999999999875e+02 1.810544000000000000e+06
1.449399999999999977e+02 3.384463000000000000e+06
1.429799999999999898e+02 1.830120000000000000e+06
1.440300000000000011e+02 2.274224000000000000e+06
1.425500000000000114e+02 2.455986000000000000e+06
1.389000000000000057e+02 1.780830000000000000e+06
1.389699999999999989e+02 2.206839000000000000e+06
1.378899999999999864e+02 1.507609000000000000e+06
1.389699999999999989e+02 1.839782000000000000e+06
1.355200000000000102e+02 2.376967000000000000e+06
1.342100000000000080e+02 2.582290000000000000e+06
1.380300000000000011e+02 1.735411000000000000e+06
1.385099999999999909e+02 1.366469000000000000e+06
1.382599999999999909e+02 2.176500000000000000e+06
1.359600000000000080e+02 1.656362000000000000e+06
1.363100000000000023e+02 2.047030000000000000e+06
1.383400000000000034e+02 2.148497000000000000e+06
1.415000000000000000e+02 1.888928000000000000e+06
1.419300000000000068e+02 4.693288000000000000e+06
1.401599999999999966e+02 1.993174000000000000e+06
1.392400000000000091e+02 1.822755000000000000e+06
1.383412999999999897e+02 1.859371000000000000e+06
1.370731000000000108e+02 1.848833000000000000e+06
1.363141999999999996e+02 1.797602000000000000e+06
1.353755999999999915e+02 1.248963000000000000e+06
1.348662999999999954e+02 2.075355000000000000e+06
1.330988000000000113e+02 1.766675000000000000e+06
1.333883999999999901e+02 1.226256000000000000e+06
1.329390999999999963e+02 2.333456000000000000e+06
1.339676000000000045e+02 1.274048000000000000e+06
1.339475999999999942e+02 1.576715000000000000e+06
1.321602000000000032e+02 1.128567000000000000e+06
1.320203999999999951e+02 9.419610000000000000e+05
1.330588999999999942e+02 1.296099000000000000e+06
1.328392000000000053e+02 9.293580000000000000e+05
1.327293999999999983e+02 4.424690000000000000e+05
1.321801000000000101e+02 1.632282000000000000e+06
1.324896999999999991e+02 5.320307000000000000e+06
1.285552999999999884e+02 2.055746000000000000e+06
1.268079000000000036e+02 2.350195000000000000e+06
1.269176999999999964e+02 1.994846000000000000e+06
1.262785999999999973e+02 1.391056000000000000e+06
1.242715000000000032e+02 1.130093000000000000e+06
1.241517000000000053e+02 2.041824000000000000e+06
1.233828000000000031e+02 1.697537000000000000e+06
1.226038999999999959e+02 2.047041000000000000e+06
1.210561000000000007e+02 1.570775000000000000e+06
1.215454000000000008e+02 2.387194000000000000e+06
1.199377000000000066e+02 2.771084000000000000e+06
1.195682999999999936e+02 2.566481000000000000e+06
1.203571000000000026e+02 2.447226000000000000e+06
1.197379999999999995e+02 2.050420000000000000e+06
1.203470999999999975e+02 1.064417000000000000e+06
1.214555000000000007e+02 1.443349000000000000e+06
1.217151999999999958e+02 3.689493000000000000e+06
1.204369999999999976e+02 1.774394000000000000e+06
1.196381999999999977e+02 1.627712000000000000e+06
1.200476000000000028e+02 1.654518000000000000e+06
1.193884999999999934e+02 2.142938000000000000e+06
1.201573999999999955e+02 2.349545000000000000e+06
1.186295999999999964e+02 3.023071000000000000e+06
1.177509000000000015e+02 3.429185000000000000e+06
1.160832999999999942e+02 1.958481000000000000e+06
1.162830000000000013e+02 2.508296000000000000e+06
1.170318999999999932e+02 2.131421000000000000e+06
1.168620999999999981e+02 2.035190000000000000e+06
1.176910000000000025e+02 3.818916000000000000e+06
1.208563999999999936e+02 3.945352000000000000e+06
1.212957999999999998e+02 3.507717000000000000e+06
1.200775000000000006e+02 4.491000000000000000e+06
1.245811000000000064e+02 1.918835000000000000e+06
1.251602000000000032e+02 2.466234000000000000e+06
1.277365000000000066e+02 1.905320000000000000e+06
1.274170000000000016e+02 2.042091000000000000e+06
1.259789999999999992e+02 1.683741000000000000e+06
1.249505000000000052e+02 1.441780000000000000e+06
1.241816000000000031e+02 1.561029000000000000e+06
1.227737000000000052e+02 2.228197000000000000e+06
1.216252999999999957e+02 2.848142000000000000e+06
1.226338999999999970e+02 2.338223000000000000e+06
1.262686000000000064e+02 1.674005000000000000e+06
1.277704999999999984e+02 2.451391000000000000e+06
1.281195999999999913e+02 1.518400000000000000e+06
1.275810000000000031e+02 1.656071000000000000e+06
1.283589000000000055e+02 2.028782000000000000e+06
1.262446999999999946e+02 1.897421000000000000e+06
1.281195999999999913e+02 2.316328000000000000e+06
1.270625000000000000e+02 1.918456000000000000e+06
1.260850999999999971e+02 1.486009000000000000e+06
1.250379999999999967e+02 1.776857000000000000e+06
1.257261000000000024e+02 1.009870000000000000e+06
1.267034000000000020e+02 1.471502000000000000e+06
1.239410000000000025e+02 1.677615000000000000e+06
1.219564000000000021e+02 1.743434000000000000e+06
1.247787000000000006e+02 1.565194000000000000e+06
1.242502000000000066e+02 1.937297000000000000e+06
1.235619999999999976e+02 1.664029000000000000e+06
1.257160999999999973e+02 1.870787000000000000e+06
1.244395999999999987e+02 1.196583000000000000e+06
1.247088999999999999e+02 1.848190000000000000e+06
1.247387999999999977e+02 1.611524000000000000e+06
1.252772999999999968e+02 2.585539000000000000e+06
1.239309999999999974e+02 1.424399000000000000e+06
1.229038000000000039e+02 1.674811000000000000e+06
1.220861000000000018e+02 2.187941000000000000e+06
1.193136999999999972e+02 2.646471000000000000e+06
1.206898999999999944e+02 3.116126000000000000e+06
1.213580999999999932e+02 2.444834000000000000e+06
1.203708000000000027e+02 3.365269000000000000e+06
1.226944000000000017e+02 3.089390000000000000e+06
1.263144999999999953e+02 2.575345000000000000e+06
1.280797000000000025e+02 1.698163000000000000e+06
1.277206999999999937e+02 1.721439000000000000e+06
1.272420000000000044e+02 1.953884000000000000e+06
1.266935000000000002e+02 1.887417000000000000e+06
1.260751999999999953e+02 1.601182000000000000e+06
1.263345000000000056e+02 1.498847000000000000e+06
1.254269000000000034e+02 1.110045000000000000e+06
1.248983999999999952e+02 2.394879000000000000e+06
1.258558000000000021e+02 1.267522000000000000e+06
1.227343000000000046e+02 2.321435000000000000e+06
1.262946000000000026e+02 2.397878000000000000e+06
1.272917999999999950e+02 1.874969000000000000e+06
1.257061999999999955e+02 1.657143000000000000e+06
1.264043000000000063e+02 1.137024000000000000e+06
1.250280000000000058e+02 1.209664000000000000e+06
1.233426000000000045e+02 1.650691000000000000e+06
1.214578000000000060e+02 1.875196000000000000e+06
1.243598999999999961e+02 1.787789000000000000e+06
1.236218999999999966e+02 1.499000000000000000e+06
1.247288000000000068e+02 1.661032000000000000e+06
1.237715000000000032e+02 2.294975000000000000e+06
1.205601999999999947e+02 2.659038000000000000e+06
1.208395000000000010e+02 4.042312000000000000e+06
1.122629000000000019e+02 3.488143000000000000e+06
1.160425999999999931e+02 2.226984000000000000e+06
1.153843999999999994e+02 2.101166000000000000e+06
1.145765999999999991e+02 2.099847000000000000e+06
1.154741999999999962e+02 1.380767000000000000e+06
1.152348000000000070e+02 1.541488000000000000e+06
1.147960000000000065e+02 1.574128000000000000e+06
1.143372999999999990e+02 1.174501000000000000e+06
1.151251000000000033e+02 1.581163000000000000e+06
1.156236999999999995e+02 1.209577000000000000e+06
1.156236999999999995e+02 3.063419000000000000e+06
1.137788000000000039e+02 1.838967000000000000e+06
1.146264999999999930e+02 1.177706000000000000e+06
1.132083999999999975e+02 1.930290000000000000e+06
1.130092000000000070e+02 1.214627000000000000e+06
1.130987999999999971e+02 1.255269000000000000e+06
1.128399000000000001e+02 1.473388000000000000e+06
1.138756000000000057e+02 1.588019000000000000e+06
1.140947000000000031e+02 1.764112000000000000e+06
1.127900999999999954e+02 2.721981000000000000e+06
1.136265999999999963e+02 1.267329000000000000e+06
1.137062999999999988e+02 1.762448000000000000e+06
1.148615000000000066e+02 1.051999000000000000e+06
1.141145999999999958e+02 1.568108000000000000e+06
1.130987999999999971e+02 1.472477000000000000e+06
1.130191999999999979e+02 2.414061000000000000e+06
1.122921999999999940e+02 1.348942000000000000e+06
1.125810000000000031e+02 1.743138000000000000e+06
1.133876000000000062e+02 1.669226000000000000e+06
1.129993000000000052e+02 1.875692000000000000e+06
1.124116999999999962e+02 3.468821000000000000e+06
1.125013000000000005e+02 3.083317000000000000e+06
1.138058999999999941e+02 2.026663000000000000e+06
1.129095999999999975e+02 2.572933000000000000e+06
1.103503000000000043e+02 1.726693000000000000e+06
1.103303999999999974e+02 1.790097000000000000e+06
1.095734999999999957e+02 1.790158000000000000e+06
1.109776999999999987e+02 1.907492000000000000e+06
1.097030000000000030e+02 1.706288000000000000e+06
1.097626999999999953e+02 2.730091000000000000e+06
1.096033999999999935e+02 1.964788000000000000e+06
1.084382999999999981e+02 3.123425000000000000e+06
1.080498999999999938e+02 3.224165000000000000e+06
1.076714000000000055e+02 3.712082000000000000e+06
1.035186999999999955e+02 3.397121000000000000e+06
1.006307999999999936e+02 1.642139000000000000e+06
1.019055000000000035e+02 1.281944000000000000e+06
1.007304000000000030e+02 1.883065000000000000e+06
1.015968000000000018e+02 4.304050000000000000e+06
1.019752000000000010e+02 1.266746000000000000e+06
1.024630999999999972e+02 1.726231000000000000e+06
1.025129000000000019e+02 1.059262000000000000e+06
1.019552999999999940e+02 1.166705000000000000e+06
1.017959000000000032e+02 1.665017000000000000e+06
1.015469999999999970e+02 2.042107000000000000e+06
1.025030000000000001e+02 1.929840000000000000e+06
1.014175000000000040e+02 1.459540000000000000e+06
1.008299999999999983e+02 1.711735000000000000e+06
1.009295000000000044e+02 1.754392000000000000e+06
1.018656000000000006e+02 1.885835000000000000e+06
1.012481999999999971e+02 1.517130000000000000e+06
1.014373999999999967e+02 1.367618000000000000e+06
1.009495000000000005e+02 1.673400000000000000e+06
1.029013000000000062e+02 1.301132000000000000e+06
1.033195999999999941e+02 1.965192000000000000e+06
1.027220999999999975e+02 2.003579000000000000e+06
1.013676999999999992e+02 2.095185000000000000e+06
1.014175000000000040e+02 2.356366000000000000e+06
1.008399000000000001e+02 3.445053000000000000e+06
1.029211999999999989e+02 2.035418000000000000e+06
1.014074999999999989e+02 1.494169000000000000e+06
1.006805999999999983e+02 2.196362000000000000e+06
1.015469999999999970e+02 2.716850000000000000e+06
9.970459999999999923e+01 2.058536000000000000e+06
9.861920000000000641e+01 3.420396000000000000e+06
9.757349999999999568e+01 2.142549000000000000e+06
9.859359999999999502e+01 2.014183000000000000e+06
1.006714000000000055e+02 1.680401000000000000e+06
1.010789999999999935e+02 1.828996000000000000e+06
1.004725999999999999e+02 1.062746000000000000e+06
1.007409999999999997e+02 1.566706000000000000e+06
1.008701999999999970e+02 1.657141000000000000e+06
1.016358000000000033e+02 1.909542000000000000e+06
1.015263999999999953e+02 1.865699000000000000e+06
1.013872000000000071e+02 2.475509000000000000e+06
1.015263999999999953e+02 1.769050000000000000e+06
1.014468999999999994e+02 1.737870000000000000e+06
1.009497999999999962e+02 2.659685000000000000e+06
1.000848000000000013e+02 2.323048000000000000e+06
9.881229999999999336e+01 2.288312000000000000e+06
9.794729999999999848e+01 1.487310000000000000e+06
9.824559999999999604e+01 1.795350000000000000e+06
9.736079999999999757e+01 1.402362000000000000e+06
9.736079999999999757e+01 1.489169000000000000e+06
9.906080000000000041e+01 1.658858000000000000e+06
9.792740000000000578e+01 1.592043000000000000e+06
9.814619999999999322e+01 1.903377000000000000e+06
9.720170000000000243e+01 2.144067000000000000e+06
9.634669999999999845e+01 2.904430000000000000e+06
9.564079999999999870e+01 1.751511000000000000e+06
9.636660000000000537e+01 2.665086000000000000e+06
9.519339999999999691e+01 2.433729000000000000e+06
9.417940000000000111e+01 2.902107000000000000e+06
9.187279999999999802e+01 2.412788000000000000e+06
9.201200000000000045e+01 4.092523000000000000e+06
9.362260000000000559e+01 2.113017000000000000e+06
9.522329999999999472e+01 2.541004000000000000e+06
9.531270000000000664e+01 2.749704000000000000e+06
9.519339999999999691e+01 2.069346000000000000e+06
9.368229999999999791e+01 2.253418000000000000e+06
9.325480000000000302e+01 1.535147000000000000e+06
9.294660000000000366e+01 1.829388000000000000e+06
9.384130000000000393e+01 1.295510000000000000e+06
9.406010000000000559e+01 1.852187000000000000e+06
9.292669999999999675e+01 1.903723000000000000e+06
9.384130000000000393e+01 2.165713000000000000e+06
9.435829999999999984e+01 2.251444000000000000e+06
9.481560000000000343e+01 3.308197000000000000e+06
9.271790000000000020e+01 5.438161000000000000e+06
8.773699999999999477e+01 3.698714000000000000e+06
8.700130000000000052e+01 2.626428000000000000e+06
8.576850000000000307e+01 3.361139000000000000e+06
8.632529999999999859e+01 2.082666000000000000e+06
8.570889999999999986e+01 1.594385000000000000e+06
8.707089999999999463e+01 1.968899000000000000e+06
8.686209999999999809e+01 3.263151000000000000e+06
8.646450000000000102e+01 1.976959000000000000e+06
8.663349999999999795e+01 2.111911000000000000e+06
8.565919999999999845e+01 2.620027000000000000e+06
8.459539999999999793e+01 2.097271000000000000e+06
8.391930000000000689e+01 1.842134000000000000e+06
8.316379999999999484e+01 2.471773000000000000e+06
8.419769999999999754e+01 4.021965000000000000e+06
8.317369999999999663e+01 2.883632000000000000e+06
8.320350000000000534e+01 2.073840000000000000e+06
8.360120000000000573e+01 2.782904000000000000e+06
8.409829999999999472e+01 3.059017000000000000e+06
8.376030000000000086e+01 2.711408000000000000e+06
8.256560000000000343e+01 3.880583000000000000e+06
8.415319999999999823e+01 2.277948000000000000e+06
8.384560000000000457e+01 1.592718000000000000e+06
8.539350000000000307e+01 1.393891000000000000e+06
8.523480000000000700e+01 1.837508000000000000e+06
8.556220000000000425e+01 3.158379000000000000e+06
8.586979999999999791e+01 2.250279000000000000e+06
8.460960000000000036e+01 2.360785000000000000e+06
8.410360000000000014e+01 3.383540000000000000e+06
8.092839999999999634e+01 2.390893000000000000e+06
8.382580000000000098e+01 2.665594000000000000e+06
8.487760000000000105e+01 1.485209000000000000e+06
8.383570000000000277e+01 1.797337000000000000e+06
8.367690000000000339e+01 2.244681000000000000e+06
8.227779999999999916e+01 1.869686000000000000e+06
7.866599999999999682e+01 1.551429000000000000e+06
8.104749999999999943e+01 4.091722000000000000e+06
8.178170000000000073e+01 2.850569000000000000e+06
8.279380000000000450e+01 2.922795000000000000e+06
8.433180000000000121e+01 2.972107000000000000e+06
8.428220000000000312e+01 3.374163000000000000e+06
8.776500000000000057e+01 2.350864000000000000e+06
9.023569999999999425e+01 1.908462000000000000e+06
9.002740000000000009e+01 1.630309000000000000e+06
8.910460000000000491e+01 1.684367000000000000e+06
8.823139999999999361e+01 1.930107000000000000e+06
8.740779999999999461e+01 1.768888000000000000e+06
8.970980000000000132e+01 3.006398000000000000e+06
8.986860000000000070e+01 2.557659000000000000e+06
9.284539999999999793e+01 1.968948000000000000e+06
9.314300000000000068e+01 3.143526000000000000e+06
9.205159999999999343e+01 1.457262000000000000e+06
9.208129999999999882e+01 3.411183000000000000e+06
8.950149999999999295e+01 1.879280000000000000e+06
8.882670000000000243e+01 1.908147000000000000e+06
8.854890000000000327e+01 8.362650000000000000e+05
8.799320000000000164e+01 2.271073000000000000e+06
8.772530000000000427e+01 2.606237000000000000e+06
8.940219999999999345e+01 2.195844000000000000e+06
9.142759999999999820e+01 1.883021000000000000e+06
9.078350000000000364e+01 3.887900000000000000e+06
9.163569999999999993e+01 2.244059000000000000e+06
9.331019999999999470e+01 1.804733000000000000e+06
9.356789999999999452e+01 2.375370000000000000e+06
9.440019999999999811e+01 2.137721000000000000e+06
9.403360000000000696e+01 1.760914000000000000e+06
9.432089999999999463e+01 2.613716000000000000e+06
9.191310000000000002e+01 2.478857000000000000e+06
9.187350000000000705e+01 3.133099000000000000e+06
9.192300000000000182e+01 2.685329000000000000e+06
9.338949999999999818e+01 4.277036000000000000e+06
8.932689999999999486e+01 4.295597000000000000e+06
8.935670000000000357e+01 2.446764000000000000e+06
8.883150000000000546e+01 1.966042000000000000e+06
8.803879999999999484e+01 2.284727000000000000e+06
8.964400000000000546e+01 1.745260000000000000e+06
8.795950000000000557e+01 2.909638000000000000e+06
9.063490000000000180e+01 2.941822000000000000e+06
9.195269999999999300e+01 2.750229000000000000e+06
9.063490000000000180e+01 1.735439000000000000e+06
9.099160000000000537e+01 1.663690000000000000e+06
9.194280000000000541e+01 2.127091000000000000e+06
9.097180000000000177e+01 2.337590000000000000e+06
8.925759999999999650e+01 2.550942000000000000e+06
8.808839999999999293e+01 2.436723000000000000e+06
8.620569999999999311e+01 3.134539000000000000e+06
8.881170000000000186e+01 2.140935000000000000e+06
9.170499999999999829e+01 1.987864000000000000e+06
9.063490000000000180e+01 1.589217000000000000e+06
9.111050000000000182e+01 1.723523000000000000e+06
9.023850000000000193e+01 2.433927000000000000e+06
9.267610000000000525e+01 3.142434000000000000e+06
9.099160000000000537e+01 2.170116000000000000e+06
9.082319999999999993e+01 1.891203000000000000e+06
9.072410000000000707e+01 1.710921000000000000e+06
9.036740000000000350e+01 1.411252000000000000e+06
8.953499999999999659e+01 2.336165000000000000e+06
8.943590000000000373e+01 1.800511000000000000e+06
8.883150000000000546e+01 1.526189000000000000e+06
8.900990000000000180e+01 3.448374000000000000e+06
8.923779999999999291e+01 3.428300000000000000e+06
8.826670000000000016e+01 2.273387000000000000e+06
8.836579999999999302e+01 1.722348000000000000e+06
8.749379999999999313e+01 1.667207000000000000e+06
8.819729999999999848e+01 2.607947000000000000e+06
8.888100000000000023e+01 2.277876000000000000e+06
8.797939999999999827e+01 1.631086000000000000e+06
8.743439999999999657e+01 2.094568000000000000e+06
8.805859999999999843e+01 1.289614000000000000e+06
8.861350000000000193e+01 1.987036000000000000e+06
8.892069999999999652e+01 1.883546000000000000e+06
8.824689999999999657e+01 2.167240000000000000e+06
8.914860000000000184e+01 1.938978000000000000e+06
8.977280000000000371e+01 2.018388000000000000e+06
8.898999999999999488e+01 1.442969000000000000e+06
8.900990000000000180e+01 1.710668000000000000e+06
8.873239999999999839e+01 2.129941000000000000e+06
8.856399999999999295e+01 1.536872000000000000e+06
8.878199999999999648e+01 1.655649000000000000e+06
8.885129999999999484e+01 1.899803000000000000e+06
8.885129999999999484e+01 2.831049000000000000e+06
9.124920000000000186e+01 1.220426000000000000e+06
9.131860000000000355e+01 1.175878000000000000e+06
9.063490000000000180e+01 2.712621000000000000e+06
9.070420000000000016e+01 2.462438000000000000e+06
9.002049999999999841e+01 2.017306000000000000e+06
9.053579999999999472e+01 2.385140000000000000e+06
9.042680000000000007e+01 1.439260000000000000e+06
9.086279999999999291e+01 1.684641000000000000e+06
9.155639999999999645e+01 2.347041000000000000e+06
9.237879999999999825e+01 1.918097000000000000e+06
9.164560000000000173e+01 2.052083000000000000e+06
9.173480000000000700e+01 2.644907000000000000e+06
9.079340000000000543e+01 4.377664000000000000e+06
9.059529999999999461e+01 4.942822000000000000e+06
8.523460000000000036e+01 2.775867000000000000e+06
8.569039999999999679e+01 3.692546000000000000e+06
8.371859999999999502e+01 2.174881000000000000e+06
8.442210000000000036e+01 2.998203000000000000e+06
8.475900000000000034e+01 2.717416000000000000e+06
8.485809999999999320e+01 2.516984000000000000e+06
8.273770000000000380e+01 2.952510000000000000e+06
8.319350000000000023e+01 3.026941000000000000e+06
8.451130000000000564e+01 1.978168000000000000e+06
8.464010000000000389e+01 1.405800000000000000e+06
8.503979999999999961e+01 1.699818000000000000e+06
8.486180000000000234e+01 2.269622000000000000e+06
8.368439999999999657e+01 2.473295000000000000e+06
8.522780000000000200e+01 1.948280000000000000e+06
8.456489999999999441e+01 3.629049000000000000e+06
8.360519999999999641e+01 2.960460000000000000e+06
8.530700000000000216e+01 2.894838000000000000e+06
8.656350000000000477e+01 1.836765000000000000e+06
8.594020000000000437e+01 2.073621000000000000e+06
8.523770000000000380e+01 2.474629000000000000e+06
8.515860000000000696e+01 1.283503000000000000e+06
8.474299999999999500e+01 1.759002000000000000e+06
8.428789999999999338e+01 3.618498000000000000e+06
8.393170000000000641e+01 2.199466000000000000e+06
8.247729999999999961e+01 2.288123000000000000e+06
8.312040000000000362e+01 3.358879000000000000e+06
8.380310000000000059e+01 3.069455000000000000e+06
8.491119999999999379e+01 9.607244000000000000e+06
8.609850000000000136e+01 2.462299000000000000e+06
8.607869999999999777e+01 3.331836000000000000e+06
8.632609999999999673e+01 2.742776000000000000e+06
8.798829999999999529e+01 3.538897000000000000e+06
8.825539999999999452e+01 4.208453000000000000e+06
8.721649999999999636e+01 2.627762000000000000e+06
8.643489999999999895e+01 2.386236000000000000e+06
8.622709999999999297e+01 2.235951000000000000e+06
8.613809999999999434e+01 2.091889000000000000e+06
8.586109999999999332e+01 2.285111000000000000e+06
8.475289999999999679e+01 1.758530000000000000e+06
8.456489999999999441e+01 1.917830000000000000e+06
8.386239999999999384e+01 2.152050000000000000e+06
8.448579999999999757e+01 1.546388000000000000e+06
8.451550000000000296e+01 1.422292000000000000e+06
8.281369999999999720e+01 2.693725000000000000e+06
8.355570000000000164e+01 1.893201000000000000e+06
8.226949999999999363e+01 1.822524000000000000e+06
8.278400000000000603e+01 1.964008000000000000e+06
8.385259999999999536e+01 1.244933000000000000e+06
8.398120000000000118e+01 1.739250000000000000e+06
8.348650000000000659e+01 1.659010000000000000e+06
8.447589999999999577e+01 1.641257000000000000e+06
8.350629999999999598e+01 2.157098000000000000e+06
8.207160000000000366e+01 1.844886000000000000e+06
8.197270000000000323e+01 3.221278000000000000e+06
8.214090000000000202e+01 2.203082000000000000e+06
8.316989999999999839e+01 2.484489000000000000e+06
8.355570000000000164e+01 2.210359000000000000e+06
8.257620000000000005e+01 1.977608000000000000e+06
8.145820000000000505e+01 3.009287000000000000e+06
8.113169999999999504e+01 2.534364000000000000e+06
8.128010000000000446e+01 2.021843000000000000e+06
8.069629999999999370e+01 2.882317000000000000e+06
7.952880000000000393e+01 4.833579000000000000e+06
7.905389999999999873e+01 7.496476000000000000e+06
8.251680000000000348e+01 3.215663000000000000e+06
8.259600000000000364e+01 3.364459000000000000e+06
8.394159999999999400e+01 1.119204000000000000e+06
8.383280000000000598e+01 2.154581000000000000e+06
8.367449999999999477e+01 1.653150000000000000e+06
8.345680000000000121e+01 2.108659000000000000e+06
8.439669999999999561e+01 1.396228000000000000e+06
8.454510000000000502e+01 1.815222000000000000e+06
8.450560000000000116e+01 2.176061000000000000e+06
8.493429999999999325e+01 2.151268000000000000e+06
8.463790000000000191e+01 1.900975000000000000e+06
8.338320000000000221e+01 1.663047000000000000e+06
8.256319999999999482e+01 1.162616000000000000e+06
8.294849999999999568e+01 1.369460000000000000e+06
8.206929999999999836e+01 2.239684000000000000e+06
8.208899999999999864e+01 2.388461000000000000e+06
8.088370000000000459e+01 2.456742000000000000e+06
7.999460000000000548e+01 2.752329000000000000e+06
8.251380000000000337e+01 2.521968000000000000e+06
8.185190000000000055e+01 3.093393000000000000e+06
8.187170000000000414e+01 2.216498000000000000e+06
8.023170000000000357e+01 2.566044000000000000e+06
8.250400000000000489e+01 4.122924000000000000e+06
8.002419999999999334e+01 2.634557000000000000e+06
8.087380000000000280e+01 2.676191000000000000e+06
8.272129999999999939e+01 3.084185000000000000e+06
7.962900000000000489e+01 2.590726000000000000e+06
8.107139999999999702e+01 3.203633000000000000e+06
8.308689999999999998e+01 3.193284000000000000e+06
8.364010000000000389e+01 2.602416000000000000e+06
8.214830000000000609e+01 2.411781000000000000e+06
8.358079999999999643e+01 2.669216000000000000e+06
8.366979999999999507e+01 1.659218000000000000e+06
8.333389999999999986e+01 1.786276000000000000e+06
8.357099999999999795e+01 1.892446000000000000e+06
8.339310000000000400e+01 2.203405000000000000e+06
8.350180000000000291e+01 2.961488000000000000e+06
8.154569999999999652e+01 2.191692000000000000e+06
8.077509999999999479e+01 2.878607000000000000e+06
8.052809999999999491e+01 2.102685000000000000e+06
8.090349999999999397e+01 2.148473000000000000e+06
8.030079999999999529e+01 2.027160000000000000e+06
7.947100000000000364e+01 3.010275000000000000e+06
7.988590000000000657e+01 1.963612000000000000e+06
8.068609999999999616e+01 2.240854000000000000e+06
8.229649999999999466e+01 2.200572000000000000e+06
8.179259999999999309e+01 2.659544000000000000e+06
7.978709999999999525e+01 2.224224000000000000e+06
7.953019999999999357e+01 3.403138000000000000e+06
7.938200000000000500e+01 3.639223000000000000e+06
7.876949999999999363e+01 3.921066000000000000e+06
7.755429999999999779e+01 5.974088000000000000e+06
7.356300000000000239e+01 2.905065000000000000e+06
7.235769999999999413e+01 2.123407000000000000e+06
7.230830000000000268e+01 3.431211000000000000e+06
7.147839999999999350e+01 3.259691000000000000e+06
7.064849999999999852e+01 2.601611000000000000e+06
7.297020000000000550e+01 3.341292000000000000e+06
7.238729999999999620e+01 4.749910000000000000e+06
7.294060000000000343e+01 2.880692000000000000e+06
7.585500000000000398e+01 2.567948000000000000e+06
7.688249999999999318e+01 2.981814000000000000e+06
7.580559999999999832e+01 4.112741000000000000e+06
7.740609999999999502e+01 3.791182000000000000e+06
7.822610000000000241e+01 2.618195000000000000e+06
7.912520000000000664e+01 2.485834000000000000e+06
7.829529999999999745e+01 2.321195000000000000e+06
7.738639999999999475e+01 2.571628000000000000e+06
7.665529999999999688e+01 2.235537000000000000e+06
7.654659999999999798e+01 4.117190000000000000e+06
7.569700000000000273e+01 3.466840000000000000e+06
7.541049999999999898e+01 2.521309000000000000e+06
7.572020000000000550e+01 2.766725000000000000e+06
7.450700000000000500e+01 2.584968000000000000e+06
7.435899999999999466e+01 1.902460000000000000e+06
7.356999999999999318e+01 1.611851000000000000e+06
7.289929999999999666e+01 2.257190000000000000e+06
7.408289999999999509e+01 2.721794000000000000e+06
7.322480000000000189e+01 3.631377000000000000e+06
7.235680000000000689e+01 2.155584000000000000e+06
7.153820000000000334e+01 2.532728000000000000e+06
7.111400000000000432e+01 2.328239000000000000e+06
7.078849999999999909e+01 2.130998000000000000e+06
7.105490000000000350e+01 1.687995000000000000e+06
7.140009999999999479e+01 7.052770000000000000e+05
7.145919999999999561e+01 1.145321000000000000e+06
7.135080000000000666e+01 7.919440000000000000e+05
7.100549999999999784e+01 1.343760000000000000e+06
7.129160000000000252e+01 1.152793000000000000e+06
7.171569999999999823e+01 1.802393000000000000e+06
7.180450000000000443e+01 1.943534000000000000e+06
7.163679999999999382e+01 1.648836000000000000e+06
7.097589999999999577e+01 2.752869000000000000e+06
7.077870000000000061e+01 1.364169000000000000e+06
7.139019999999999300e+01 1.586430000000000000e+06
7.124230000000000018e+01 1.921247000000000000e+06
7.078849999999999909e+01 1.140496000000000000e+06
7.089700000000000557e+01 1.623123000000000000e+06
7.066030000000000655e+01 2.694240000000000000e+06
6.999949999999999761e+01 1.507349000000000000e+06
6.988110000000000355e+01 2.258825000000000000e+06
7.004879999999999995e+01 3.555221000000000000e+06
7.131130000000000280e+01 1.932240000000000000e+06
7.130140000000000100e+01 2.602127000000000000e+06
7.063070000000000448e+01 1.618690000000000000e+06
7.041370000000000573e+01 2.606297000000000000e+06
7.056170000000000186e+01 1.874682000000000000e+06
7.031510000000000105e+01 1.200253000000000000e+06
7.009810000000000230e+01 1.437160000000000000e+06
7.038420000000000698e+01 2.690416000000000000e+06
6.997979999999999734e+01 2.268281000000000000e+06
6.982189999999999941e+01 2.337803000000000000e+06
6.944710000000000605e+01 2.055575000000000000e+06
6.866790000000000305e+01 2.072577000000000000e+06
6.894410000000000593e+01 2.372007000000000000e+06
6.793810000000000571e+01 2.747295000000000000e+06
6.818460000000000321e+01 1.905712000000000000e+06
6.835229999999999961e+01 2.406568000000000000e+06
6.855949999999999989e+01 3.933647000000000000e+06
6.741209999999999525e+01 4.678831000000000000e+06
6.865300000000000580e+01 3.884094000000000000e+06
6.764849999999999852e+01 4.036841000000000000e+06
6.628940000000000055e+01 1.000755000000000000e+06
6.353190000000000026e+01 3.045018000000000000e+06
6.285229999999999961e+01 2.579645000000000000e+06
6.228110000000000213e+01 3.725372000000000000e+06
6.307880000000000109e+01 2.856631000000000000e+06
6.277349999999999852e+01 2.777321000000000000e+06
6.340379999999999683e+01 1.592209000000000000e+06
6.399470000000000169e+01 1.628313000000000000e+06
6.429019999999999868e+01 1.779360000000000000e+06
6.494020000000000437e+01 1.646359000000000000e+06
6.458559999999999945e+01 1.572016000000000000e+06
6.456589999999999918e+01 1.723232000000000000e+06
6.481210000000000093e+01 2.190279000000000000e+06
6.471370000000000289e+01 2.405585000000000000e+06
6.444780000000000086e+01 2.165832000000000000e+06
6.392580000000000240e+01 1.810925000000000000e+06
6.330530000000000257e+01 1.453338000000000000e+06
6.301970000000000027e+01 2.014578000000000000e+06
6.276370000000000005e+01 1.248389000000000000e+06
6.278340000000000032e+01 2.212687000000000000e+06
6.278340000000000032e+01 2.306724000000000000e+06
6.260609999999999786e+01 1.953217000000000000e+06
6.262579999999999814e+01 1.661981000000000000e+06
6.278340000000000032e+01 1.763406000000000000e+06
6.279319999999999879e+01 1.869451000000000000e+06
6.235990000000000322e+01 1.689705000000000000e+06
6.225160000000000338e+01 1.862023000000000000e+06
6.236970000000000169e+01 1.579984000000000000e+06
6.270459999999999923e+01 2.087622000000000000e+06
6.318719999999999715e+01 1.533243000000000000e+06
6.326599999999999824e+01 1.188682000000000000e+06
6.350229999999999819e+01 2.556700000000000000e+06
6.379780000000000229e+01 1.955702000000000000e+06
6.421139999999999759e+01 1.584933000000000000e+06
6.421139999999999759e+01 2.115398000000000000e+06
6.426059999999999661e+01 2.584653000000000000e+06
6.429019999999999868e+01 1.509387000000000000e+06
6.440840000000000032e+01 1.832030000000000000e+06
6.429019999999999868e+01 1.842380000000000000e+06
6.371900000000000119e+01 2.608157000000000000e+06
6.386670000000000158e+01 2.547276000000000000e+06
6.242880000000000251e+01 3.206767000000000000e+06
6.221220000000000283e+01 2.860197000000000000e+06
6.191669999999999874e+01 1.407533000000000000e+06
6.174929999999999808e+01 2.934224000000000000e+06
6.100079999999999814e+01 1.986035000000000000e+06
6.056750000000000256e+01 1.331326000000000000e+06
6.060690000000000310e+01 2.093840000000000000e+06
6.040010000000000190e+01 1.965949000000000000e+06
6.045920000000000272e+01 2.089956000000000000e+06
6.042960000000000065e+01 1.540525000000000000e+06
6.066599999999999682e+01 3.401672000000000000e+06
6.041980000000000217e+01 1.641362000000000000e+06
5.982889999999999731e+01 1.506499000000000000e+06
5.997659999999999769e+01 1.615307000000000000e+06
6.056750000000000256e+01 1.280985000000000000e+06
6.010459999999999781e+01 2.151039000000000000e+06
5.981900000000000261e+01 2.289159000000000000e+06
5.882430000000000092e+01 2.285238000000000000e+06
5.883420000000000272e+01 2.428748000000000000e+06
5.988799999999999812e+01 3.831603000000000000e+06
5.909020000000000294e+01 4.283075000000000000e+06
6.089249999999999829e+01 4.153627000000000000e+06
6.117810000000000059e+01 1.277542000000000000e+06
6.133570000000000277e+01 1.768815000000000000e+06
6.060690000000000310e+01 1.831228000000000000e+06
6.117810000000000059e+01 1.277542000000000000e+06
6.157200000000000273e+01 2.130374000000000000e+06
6.126670000000000016e+01 1.540607000000000000e+06
6.106980000000000075e+01 2.090512000000000000e+06
6.111899999999999977e+01 3.153569000000000000e+06
6.035079999999999956e+01 5.703538000000000000e+06
6.233039999999999736e+01 1.717049000000000000e+06
6.220230000000000103e+01 2.085611000000000000e+06
6.179849999999999710e+01 1.342440000000000000e+06
6.147350000000000136e+01 1.845549000000000000e+06
6.151290000000000191e+01 1.658468000000000000e+06
6.211370000000000147e+01 1.695813000000000000e+06
6.238940000000000197e+01 2.131365000000000000e+06
6.209400000000000119e+01 2.976052000000000000e+06
6.161140000000000327e+01 2.016188000000000000e+06
6.126670000000000016e+01 1.220177000000000000e+06
6.152279999999999660e+01 1.596841000000000000e+06
6.164099999999999824e+01 2.227221000000000000e+06
6.085309999999999775e+01 2.316753000000000000e+06
6.160159999999999769e+01 2.998918000000000000e+06
6.171979999999999933e+01 7.442620000000000000e+05
6.143419999999999703e+01 1.859376000000000000e+06
6.155230000000000246e+01 1.742957000000000000e+06
6.199549999999999983e+01 1.635153000000000000e+06
6.180839999999999890e+01 2.329866000000000000e+06
6.176899999999999835e+01 1.901134000000000000e+06
6.182809999999999917e+01 5.082251000000000000e+06
6.254699999999999704e+01 2.378237000000000000e+06
6.204480000000000217e+01 2.356485000000000000e+06
6.204480000000000217e+01 2.075304000000000000e+06
6.207430000000000092e+01 1.753450000000000000e+06
6.160159999999999769e+01 2.768793000000000000e+06
6.144400000000000261e+01 1.603920000000000000e+06
6.128640000000000043e+01 1.780929000000000000e+06
6.102049999999999841e+01 2.007084000000000000e+06
6.080910000000000082e+01 4.399863000000000000e+06
6.153670000000000329e+01 2.021675000000000000e+06
6.152689999999999770e+01 3.086559000000000000e+06
6.219539999999999935e+01 1.860190000000000000e+06
6.192009999999999792e+01 2.368855000000000000e+06
6.161529999999999774e+01 3.322818000000000000e+06
6.144819999999999993e+01 4.071353000000000000e+06
6.158579999999999899e+01 3.108993000000000000e+06
6.123190000000000310e+01 3.720561000000000000e+06
6.121220000000000283e+01 2.884394000000000000e+06
6.155639999999999645e+01 1.984428000000000000e+06
6.152689999999999770e+01 2.824769000000000000e+06
6.125160000000000338e+01 3.689112000000000000e+06
6.039620000000000033e+01 3.144690000000000000e+06
5.929509999999999792e+01 3.068104000000000000e+06
5.929509999999999792e+01 2.566475000000000000e+06
5.890180000000000149e+01 1.554233000000000000e+06
5.872480000000000189e+01 2.297985000000000000e+06
5.931470000000000198e+01 1.762930000000000000e+06
5.899029999999999774e+01 2.277973000000000000e+06
5.887230000000000274e+01 3.407876000000000000e+06
5.871500000000000341e+01 2.502580000000000000e+06
5.889200000000000301e+01 4.014071000000000000e+06
5.842990000000000350e+01 3.079095000000000000e+06
5.782030000000000314e+01 3.106766000000000000e+06
5.846920000000000073e+01 6.820295000000000000e+06
5.787930000000000064e+01 6.920657000000000000e+06
5.465449999999999875e+01 5.741065000000000000e+06
5.551970000000000027e+01 3.728559000000000000e+06
5.533290000000000219e+01 3.541817000000000000e+06
5.516570000000000107e+01 3.339169000000000000e+06
5.550979999999999848e+01 2.905601000000000000e+06
5.463479999999999848e+01 2.630673000000000000e+06
5.419239999999999924e+01 4.033250000000000000e+06
5.406459999999999866e+01 2.770642000000000000e+06
5.327799999999999869e+01 2.124663000000000000e+06
5.337639999999999674e+01 2.233170000000000000e+06
5.294380000000000308e+01 4.102669000000000000e+06
5.264880000000000138e+01 2.194420000000000000e+06
5.259969999999999857e+01 1.975296000000000000e+06
5.220640000000000214e+01 2.104936000000000000e+06
5.232439999999999714e+01 2.764541000000000000e+06
5.196059999999999945e+01 1.976384000000000000e+06
5.185249999999999915e+01 1.772287000000000000e+06
5.165579999999999927e+01 2.218732000000000000e+06
5.178359999999999985e+01 4.210467000000000000e+06
5.178359999999999985e+01 3.762934000000000000e+06
5.176400000000000290e+01 3.002457000000000000e+06
5.217119999999999891e+01 2.806458000000000000e+06
5.236740000000000350e+01 3.163836000000000000e+06
5.246549999999999869e+01 2.697544000000000000e+06
5.280899999999999750e+01 2.269855000000000000e+06
5.314260000000000161e+01 2.328150000000000000e+06
5.295609999999999928e+01 3.168491000000000000e+06
5.283840000000000003e+01 2.384029000000000000e+06
5.278929999999999723e+01 3.015617000000000000e+06
5.285799999999999699e+01 3.276789000000000000e+06
5.238700000000000045e+01 3.008336000000000000e+06
5.326030000000000086e+01 2.180574000000000000e+06
5.298559999999999803e+01 4.510179000000000000e+06
5.340749999999999886e+01 3.245909000000000000e+06
5.326030000000000086e+01 2.926129000000000000e+06
5.241649999999999920e+01 2.277529000000000000e+06
5.255380000000000251e+01 2.297765000000000000e+06
5.233800000000000097e+01 2.833539000000000000e+06
5.268139999999999645e+01 3.187968000000000000e+06
5.200439999999999685e+01 2.095304000000000000e+06
5.207300000000000040e+01 2.763243000000000000e+06
5.208290000000000219e+01 1.832305000000000000e+06
5.241649999999999920e+01 2.483602000000000000e+06
5.236740000000000350e+01 3.299974000000000000e+06
5.287760000000000105e+01 3.581081000000000000e+06
5.230850000000000222e+01 4.106339000000000000e+06
5.281880000000000308e+01 4.220561000000000000e+06
5.286780000000000257e+01 4.819662000000000000e+06
5.257350000000000279e+01 4.673432000000000000e+06
5.237720000000000198e+01 3.596975000000000000e+06
5.246549999999999869e+01 5.931413000000000000e+06
5.152360000000000184e+01 8.167474000000000000e+06
5.178849999999999909e+01 1.288181900000000000e+07
5.411399999999999721e+01 5.639895000000000000e+06
5.398640000000000327e+01 5.216391000000000000e+06
5.410419999999999874e+01 5.636017000000000000e+06
5.468310000000000315e+01 6.160949000000000000e+06
5.490879999999999939e+01 2.655773000000000000e+06
5.490879999999999939e+01 2.888874000000000000e+06
5.492840000000000344e+01 2.402728000000000000e+06
5.472229999999999706e+01 2.894262000000000000e+06
5.486950000000000216e+01 2.309365000000000000e+06
5.465359999999999729e+01 2.723044000000000000e+06
5.428079999999999927e+01 2.492158000000000000e+06
5.390789999999999793e+01 3.616460000000000000e+06
5.325050000000000239e+01 2.317125000000000000e+06
5.362339999999999662e+01 2.326838000000000000e+06
5.282860000000000156e+01 2.272268000000000000e+06
5.298559999999999803e+01 5.709082000000000000e+06
5.276970000000000027e+01 2.490862000000000000e+06
5.274029999999999774e+01 2.978626000000000000e+06
5.295609999999999928e+01 3.573514000000000000e+06
5.249499999999999744e+01 2.902544000000000000e+06
5.229869999999999663e+01 3.199880000000000000e+06
5.211760000000000304e+01 2.213400000000000000e+06
5.262680000000000291e+01 2.458676000000000000e+06
5.228399999999999892e+01 1.513688000000000000e+06
5.220570000000000022e+01 3.400547000000000000e+06
5.281289999999999907e+01 2.087082000000000000e+06
5.283239999999999981e+01 2.123301000000000000e+06
5.297930000000000206e+01 2.845753000000000000e+06
5.281289999999999907e+01 2.469121000000000000e+06
5.298910000000000053e+01 3.316309000000000000e+06
5.247990000000000066e+01 3.580369000000000000e+06
5.242110000000000269e+01 1.701204000000000000e+06
5.250930000000000319e+01 1.047017000000000000e+06
5.233299999999999841e+01 1.241854000000000000e+06
5.260719999999999885e+01 1.344976000000000000e+06
5.266599999999999682e+01 1.942469000000000000e+06
5.215670000000000073e+01 1.515790000000000000e+06
5.201959999999999695e+01 2.755192000000000000e+06
5.200000000000000000e+01 2.580756000000000000e+06
5.130480000000000018e+01 2.137592000000000000e+06
5.137330000000000041e+01 3.959794000000000000e+06
5.123619999999999663e+01 3.995397000000000000e+06
4.978690000000000282e+01 2.890470000000000000e+06
4.999249999999999972e+01 5.177724000000000000e+06
4.986520000000000152e+01 5.021825000000000000e+06
5.081510000000000105e+01 2.664496000000000000e+06
5.060949999999999704e+01 3.217027000000000000e+06
5.019819999999999993e+01 4.037819000000000000e+06
4.917969999999999686e+01 2.573040000000000000e+06
4.878799999999999670e+01 2.578193000000000000e+06
4.808290000000000219e+01 3.183437000000000000e+06
4.814170000000000016e+01 4.252362000000000000e+06
4.933639999999999759e+01 3.782081000000000000e+06
4.940489999999999782e+01 2.314144000000000000e+06
4.911119999999999663e+01 2.695157000000000000e+06
4.914050000000000296e+01 8.047490000000000000e+05
4.914050000000000296e+01 2.056184000000000000e+06
4.860190000000000055e+01 3.018483000000000000e+06
4.896430000000000149e+01 2.730212000000000000e+06
4.885649999999999693e+01 4.747938000000000000e+06
4.819060000000000343e+01 3.645088000000000000e+06
4.782829999999999870e+01 2.941523000000000000e+06
4.813190000000000168e+01 5.996815000000000000e+06
4.794579999999999842e+01 3.681828000000000000e+06
4.956159999999999854e+01 3.527011000000000000e+06
5.003170000000000073e+01 5.661784000000000000e+06
4.994350000000000023e+01 5.102875000000000000e+06
4.928739999999999810e+01 3.852221000000000000e+06
4.894469999999999743e+01 9.364491000000000000e+06
4.890550000000000352e+01 4.234161000000000000e+06
4.793599999999999994e+01 4.550193000000000000e+06
4.907200000000000273e+01 8.106616000000000000e+06
4.627120000000000033e+01 8.722821000000000000e+06
4.671589999999999776e+01 4.635765000000000000e+06
4.745870000000000033e+01 3.168268000000000000e+06
4.766389999999999816e+01 2.564509000000000000e+06
4.766389999999999816e+01 3.930051000000000000e+06
4.885620000000000118e+01 3.557260000000000000e+06
4.987270000000000181e+01 1.674033000000000000e+06
4.978470000000000084e+01 2.032227000000000000e+06
5.013649999999999807e+01 1.497785000000000000e+06
4.995080000000000098e+01 1.605234000000000000e+06
4.990200000000000102e+01 2.032614000000000000e+06
4.889529999999999887e+01 2.644607000000000000e+06
4.904189999999999827e+01 2.485377000000000000e+06
4.986290000000000333e+01 2.812177000000000000e+06
5.025379999999999825e+01 4.602127000000000000e+06
4.980420000000000158e+01 7.512167000000000000e+06
5.149499999999999744e+01 3.119094000000000000e+06
5.067410000000000281e+01 3.323648000000000000e+06
5.047860000000000014e+01 2.702501000000000000e+06
5.099660000000000082e+01 2.608084000000000000e+06
5.112360000000000326e+01 3.189769000000000000e+06
5.117249999999999943e+01 2.412695000000000000e+06
5.083039999999999736e+01 3.971569000000000000e+06
4.986290000000000333e+01 2.877920000000000000e+06
5.057630000000000337e+01 2.842261000000000000e+06
5.069360000000000355e+01 3.203389000000000000e+06
5.004860000000000042e+01 3.266966000000000000e+06
5.034179999999999922e+01 2.560491000000000000e+06
5.045900000000000318e+01 3.173490000000000000e+06
4.990200000000000102e+01 2.487488000000000000e+06
4.945239999999999725e+01 1.722833000000000000e+06
4.917880000000000251e+01 2.428959000000000000e+06
4.936440000000000339e+01 8.679598000000000000e+06
4.956969999999999743e+01 3.331049000000000000e+06
4.940350000000000108e+01 3.544356000000000000e+06
4.917880000000000251e+01 3.880000000000000000e+06
4.998989999999999867e+01 5.678035000000000000e+06
4.924719999999999942e+01 3.173250000000000000e+06
5.024399999999999977e+01 5.517323000000000000e+06
5.085969999999999658e+01 3.766819000000000000e+06
5.012680000000000291e+01 3.957429000000000000e+06
5.009740000000000038e+01 2.226546000000000000e+06
4.995080000000000098e+01 2.695047000000000000e+06
4.994109999999999872e+01 3.446680000000000000e+06
4.959899999999999665e+01 2.878680000000000000e+06
4.960880000000000223e+01 2.370656000000000000e+06
4.960880000000000223e+01 2.707091000000000000e+06
4.932540000000000191e+01 2.919317000000000000e+06
4.948169999999999646e+01 3.262792000000000000e+06
5.008769999999999811e+01 3.518734000000000000e+06
5.006810000000000116e+01 5.297999000000000000e+06
5.134839999999999804e+01 2.714250000000000000e+06
5.110410000000000252e+01 1.842527000000000000e+06
5.111379999999999768e+01 3.027602000000000000e+06
5.090859999999999985e+01 2.696898000000000000e+06
5.119200000000000017e+01 2.280767000000000000e+06
5.080109999999999815e+01 1.980656000000000000e+06
5.088909999999999911e+01 3.056889000000000000e+06
5.063499999999999801e+01 5.086371000000000000e+06
4.977490000000000236e+01 3.667152000000000000e+06
4.964789999999999992e+01 5.174616000000000000e+06
4.993130000000000024e+01 4.222031000000000000e+06
5.024399999999999977e+01 4.520261000000000000e+06
5.004860000000000042e+01 5.425422000000000000e+06
4.859239999999999782e+01 5.500497000000000000e+06
4.925690000000000168e+01 3.715417000000000000e+06
4.932540000000000191e+01 3.504973000000000000e+06
4.892470000000000141e+01 2.852855000000000000e+06
4.871940000000000026e+01 3.930217000000000000e+06
4.878779999999999717e+01 2.582557000000000000e+06
4.885620000000000118e+01 2.053656000000000000e+06
4.912010000000000076e+01 1.308113000000000000e+06
4.900280000000000058e+01 1.721719000000000000e+06
4.911030000000000229e+01 2.530702000000000000e+06
4.825030000000000285e+01 2.305367000000000000e+06
4.859239999999999782e+01 2.757160000000000000e+06
4.855330000000000013e+01 2.088057000000000000e+06
4.884649999999999892e+01 2.618327000000000000e+06
4.807439999999999714e+01 2.574381000000000000e+06
4.776160000000000139e+01 1.824095000000000000e+06
4.719480000000000075e+01 2.011628000000000000e+06
4.739999999999999858e+01 2.851969000000000000e+06
4.660840000000000316e+01 2.338037000000000000e+06
4.699929999999999808e+01 3.451627000000000000e+06
4.642269999999999897e+01 2.655385000000000000e+06
4.637380000000000280e+01 2.008304000000000000e+06
4.638360000000000127e+01 3.769037000000000000e+06
4.616859999999999786e+01 3.603850000000000000e+06
4.536719999999999686e+01 3.628498000000000000e+06
4.429919999999999902e+01 5.047270000000000000e+06
4.536229999999999762e+01 6.423664000000000000e+06
4.671800000000000352e+01 2.291503000000000000e+06
4.616210000000000235e+01 2.640346000000000000e+06
4.612310000000000088e+01 2.698758000000000000e+06
4.575249999999999773e+01 2.543883000000000000e+06
4.529410000000000025e+01 4.009953000000000000e+06
4.609380000000000166e+01 2.366903000000000000e+06
4.605480000000000018e+01 3.517855000000000000e+06
4.602550000000000097e+01 4.245084000000000000e+06
4.505019999999999669e+01 2.829876000000000000e+06
4.622059999999999746e+01 4.378940000000000000e+06
4.695210000000000150e+01 2.121841000000000000e+06
4.725450000000000017e+01 1.827284000000000000e+06
4.715690000000000026e+01 2.433152000000000000e+06
4.721540000000000248e+01 2.006568000000000000e+06
4.674730000000000274e+01 2.286990000000000000e+06
4.694239999999999924e+01 1.751077000000000000e+06
4.666929999999999978e+01 2.140723000000000000e+06
4.624989999999999668e+01 2.804245000000000000e+06
4.601579999999999870e+01 2.023188000000000000e+06
4.616210000000000235e+01 3.116865000000000000e+06
4.584020000000000294e+01 4.637693000000000000e+06
4.612310000000000088e+01 3.450293000000000000e+06
4.525500000000000256e+01 2.356010000000000000e+06
4.589880000000000138e+01 5.065175000000000000e+06
4.528430000000000177e+01 2.189232000000000000e+06
4.580120000000000147e+01 3.498454000000000000e+06
4.535260000000000247e+01 2.562566000000000000e+06
4.561590000000000344e+01 3.694258000000000000e+06
4.524530000000000030e+01 3.167516000000000000e+06
4.510869999999999891e+01 6.171418000000000000e+06
4.486489999999999867e+01 5.596451000000000000e+06
4.541109999999999758e+01 1.237139400000000000e+07
4.632789999999999964e+01 6.011174000000000000e+06
4.617179999999999751e+01 3.499648000000000000e+06
4.704959999999999809e+01 3.534534000000000000e+06
4.588900000000000290e+01 5.430442000000000000e+06
4.696189999999999998e+01 4.473739000000000000e+06
4.684479999999999933e+01 3.705382000000000000e+06
4.586950000000000216e+01 3.342808000000000000e+06
4.602550000000000097e+01 1.888639000000000000e+06
4.628889999999999816e+01 2.490103000000000000e+06
4.643520000000000181e+01 3.360295000000000000e+06
4.615229999999999677e+01 5.239550000000000000e+06
4.743979999999999819e+01 2.117646000000000000e+06
4.724470000000000169e+01 2.998927000000000000e+06
4.727400000000000091e+01 2.702109000000000000e+06
4.736169999999999902e+01 2.426212000000000000e+06
4.737149999999999750e+01 3.034017000000000000e+06
4.692280000000000229e+01 3.189355000000000000e+06
4.649369999999999692e+01 3.065321000000000000e+06
4.632789999999999964e+01 3.295670000000000000e+06
4.585000000000000142e+01 3.634764000000000000e+06
4.551839999999999975e+01 3.962142000000000000e+06
4.578170000000000073e+01 4.872705000000000000e+06
4.602550000000000097e+01 5.865559000000000000e+06
4.610360000000000014e+01 6.181360000000000000e+06
4.471860000000000213e+01 6.004348000000000000e+06
4.453860000000000241e+01 5.400569000000000000e+06
4.378909999999999769e+01 4.549824000000000000e+06
4.314670000000000272e+01 6.326689000000000000e+06
4.284499999999999886e+01 5.311700000000000000e+06
4.196900000000000119e+01 2.763536000000000000e+06
4.105409999999999826e+01 2.038308000000000000e+06
4.134609999999999985e+01 4.796624000000000000e+06
4.150180000000000291e+01 5.261521000000000000e+06
4.160889999999999844e+01 7.592572000000000000e+06
4.050909999999999656e+01 5.461655000000000000e+06
3.976930000000000121e+01 5.812842000000000000e+06
3.865979999999999706e+01 7.288060000000000000e+06
3.938000000000000256e+01 5.147364000000000000e+06
3.963309999999999889e+01 7.035117000000000000e+06
4.020729999999999649e+01 3.338468000000000000e+06
4.075240000000000151e+01 5.890901000000000000e+06
3.884470000000000312e+01 7.999495000000000000e+06
3.938000000000000256e+01 4.083719000000000000e+06
3.915619999999999834e+01 3.259137000000000000e+06
4.010029999999999717e+01 3.540458000000000000e+06
3.971090000000000231e+01 3.557937000000000000e+06
3.998349999999999937e+01 4.473742000000000000e+06
4.060640000000000072e+01 2.508011000000000000e+06
4.097619999999999862e+01 5.280733000000000000e+06
3.996399999999999864e+01 3.550440000000000000e+06
4.122930000000000206e+01 2.654311000000000000e+06
4.175489999999999924e+01 4.135866000000000000e+06
4.123899999999999721e+01 3.086771000000000000e+06
4.123899999999999721e+01 2.498957000000000000e+06
4.162839999999999918e+01 3.476629000000000000e+06
4.071350000000000335e+01 3.844525000000000000e+06
4.089840000000000231e+01 5.350351000000000000e+06
4.068430000000000035e+01 7.226927000000000000e+06
3.935079999999999956e+01 5.614323000000000000e+06
3.935079999999999956e+01 6.734704000000000000e+06
3.830939999999999657e+01 8.058209000000000000e+06
3.828020000000000067e+01 6.629167000000000000e+06
3.879599999999999937e+01 6.277573000000000000e+06
3.911719999999999686e+01 4.314301000000000000e+06
3.981799999999999784e+01 4.058061000000000000e+06
4.043119999999999692e+01 3.949771000000000000e+06
4.020729999999999649e+01 5.145113000000000000e+06
4.060640000000000072e+01 3.441505000000000000e+06
4.181329999999999814e+01 4.703045000000000000e+06
4.190090000000000003e+01 7.032635000000000000e+06
4.169650000000000034e+01 5.660560000000000000e+06
4.199819999999999709e+01 3.242486000000000000e+06
4.269899999999999807e+01 3.797639000000000000e+06
4.204690000000000083e+01 2.364183000000000000e+06
4.224150000000000205e+01 3.397483000000000000e+06
4.193010000000000304e+01 3.777590000000000000e+06
4.262109999999999843e+01 5.212889000000000000e+06
4.203719999999999857e+01 4.594992000000000000e+06
4.212939999999999685e+01 4.529139000000000000e+06
4.285779999999999745e+01 4.794946000000000000e+06
4.200319999999999965e+01 4.197604000000000000e+06
4.367360000000000042e+01 7.774895000000000000e+06
4.329480000000000217e+01 4.306864000000000000e+06
4.455729999999999791e+01 4.946099000000000000e+06
4.521770000000000067e+01 4.324437000000000000e+06
4.663559999999999661e+01 4.670537000000000000e+06
4.662590000000000146e+01 3.117022000000000000e+06
4.590729999999999933e+01 2.871687000000000000e+06
4.653849999999999909e+01 1.768460000000000000e+06
4.686869999999999692e+01 1.453861000000000000e+06
4.693670000000000186e+01 1.483846000000000000e+06
4.651910000000000167e+01 9.287480000000000000e+05
4.674249999999999972e+01 9.652680000000000000e+05
4.659680000000000177e+01 2.368420000000000000e+06
4.634429999999999694e+01 2.404647000000000000e+06
4.597529999999999717e+01 2.467076000000000000e+06
4.525659999999999883e+01 5.428675000000000000e+06
4.538280000000000314e+01 2.642412000000000000e+06
4.573250000000000171e+01 3.441544000000000000e+06
4.561590000000000344e+01 4.154091000000000000e+06
4.524689999999999657e+01 3.893818000000000000e+06
4.450880000000000081e+01 4.233680000000000000e+06
4.477100000000000080e+01 2.472294000000000000e+06
4.390670000000000073e+01 1.768035000000000000e+06
4.461560000000000059e+01 1.335773000000000000e+06
4.458650000000000091e+01 2.108735000000000000e+06
4.512060000000000315e+01 2.237818000000000000e+06
4.389690000000000225e+01 2.465441000000000000e+06
4.503320000000000078e+01 2.335144000000000000e+06
4.565480000000000160e+01 2.956927000000000000e+06
4.535370000000000346e+01 3.481867000000000000e+06
4.572270000000000323e+01 1.155073000000000000e+06
4.561590000000000344e+01 2.196761000000000000e+06
4.557710000000000150e+01 1.713458000000000000e+06
4.560620000000000118e+01 3.200258000000000000e+06
4.595580000000000354e+01 3.679430000000000000e+06
4.554789999999999850e+01 2.928496000000000000e+06
4.581989999999999696e+01 3.377964000000000000e+06
4.445049999999999812e+01 3.638669000000000000e+06
4.399410000000000309e+01 3.532313000000000000e+06
4.355700000000000216e+01 3.283657000000000000e+06
4.324629999999999797e+01 2.858613000000000000e+06
4.378040000000000020e+01 2.118879000000000000e+06
4.455729999999999791e+01 2.963165000000000000e+06
4.447959999999999781e+01 3.707943000000000000e+06
4.464470000000000027e+01 3.496194000000000000e+06
4.414950000000000330e+01 5.177517000000000000e+06
4.520799999999999841e+01 7.718164000000000000e+06
4.528569999999999851e+01 8.007228000000000000e+06
4.288830000000000098e+01 4.297521000000000000e+06
4.169590000000000174e+01 3.774428000000000000e+06
4.221940000000000026e+01 3.019034000000000000e+06
4.201579999999999870e+01 3.219143000000000000e+06
4.143410000000000082e+01 4.570269000000000000e+06
4.105599999999999739e+01 2.929346000000000000e+06
4.124020000000000152e+01 7.391491000000000000e+06
3.955340000000000344e+01 8.907977000000000000e+06
4.038709999999999667e+01 9.780195000000000000e+06
4.177340000000000231e+01 2.890406000000000000e+06
4.244230000000000302e+01 1.924842000000000000e+06
4.258780000000000143e+01 4.120374000000000000e+06
4.168619999999999948e+01 2.481460000000000000e+06
4.108509999999999707e+01 2.940841000000000000e+06
4.102689999999999770e+01 3.285476000000000000e+06
4.140500000000000114e+01 2.848060000000000000e+06
4.149230000000000018e+01 2.862997000000000000e+06
4.189939999999999998e+01 4.434607000000000000e+06
4.136630000000000251e+01 4.182644000000000000e+06
4.012539999999999907e+01 4.622168000000000000e+06
4.154079999999999728e+01 5.467739000000000000e+06
4.170559999999999690e+01 4.036770000000000000e+06
4.002839999999999776e+01 4.131846000000000000e+06
3.992179999999999751e+01 4.908517000000000000e+06
3.843849999999999767e+01 7.327936000000000000e+06
3.873910000000000053e+01 8.908016000000000000e+06
4.121110000000000184e+01 3.498042000000000000e+06
4.225809999999999889e+01 3.202025000000000000e+06
4.296580000000000155e+01 1.802527000000000000e+06
4.287859999999999872e+01 2.368410000000000000e+06
4.314030000000000342e+01 2.502669000000000000e+06
4.374139999999999873e+01 8.078649000000000000e+06
4.460419999999999874e+01 5.470489000000000000e+06
4.314999999999999858e+01 4.242562000000000000e+06
4.368319999999999936e+01 1.999886000000000000e+06
4.311129999999999995e+01 2.182175000000000000e+06
4.362510000000000332e+01 2.476112000000000000e+06
4.298519999999999897e+01 2.871193000000000000e+06
4.260710000000000264e+01 2.964688000000000000e+06
4.351839999999999975e+01 4.134947000000000000e+06
4.266530000000000200e+01 4.195457000000000000e+06
4.316940000000000310e+01 2.932537000000000000e+06
4.374139999999999873e+01 2.699665000000000000e+06
4.263620000000000232e+01 4.346069000000000000e+06
4.349900000000000233e+01 2.580029000000000000e+06
4.438119999999999976e+01 2.711444000000000000e+06
4.445879999999999654e+01 4.602075000000000000e+06
4.289800000000000324e+01 5.873296000000000000e+06
4.125959999999999894e+01 3.814312000000000000e+06
4.220000000000000284e+01 5.725519000000000000e+06
4.364439999999999742e+01 3.775138000000000000e+06
4.496289999999999765e+01 2.516558000000000000e+06
4.644610000000000127e+01 2.153534000000000000e+06
4.627159999999999940e+01 2.848398000000000000e+06
4.720230000000000103e+01 1.849735000000000000e+06
4.601959999999999695e+01 2.594522000000000000e+06
4.620380000000000109e+01 2.550825000000000000e+06
4.639770000000000039e+01 3.574600000000000000e+06
4.673700000000000188e+01 1.946691000000000000e+06
4.683089999999999975e+01 3.064542000000000000e+06
4.675339999999999918e+01 3.465953000000000000e+06
4.672440000000000282e+01 3.217354000000000000e+06
4.704379999999999740e+01 4.087350000000000000e+06
4.727600000000000335e+01 4.867278000000000000e+06
4.691799999999999926e+01 3.559249000000000000e+06
4.740180000000000149e+01 2.539760000000000000e+06
4.698570000000000135e+01 1.576778000000000000e+06
4.684049999999999869e+01 3.629936000000000000e+06
4.727600000000000335e+01 4.846275000000000000e+06
4.788569999999999993e+01 1.683893000000000000e+06
4.789540000000000219e+01 2.081039000000000000e+06
4.824380000000000024e+01 2.457852000000000000e+06
4.840829999999999700e+01 2.937633000000000000e+06
4.753730000000000189e+01 4.412671000000000000e+06
4.740180000000000149e+01 3.364218000000000000e+06
4.625990000000000180e+01 2.324025000000000000e+06
4.645340000000000202e+01 3.423487000000000000e+06
4.559210000000000207e+01 2.099419000000000000e+06
4.593079999999999785e+01 5.491541000000000000e+06
4.552439999999999998e+01 3.050077000000000000e+06
4.544689999999999941e+01 2.917524000000000000e+06
4.506949999999999790e+01 3.417433000000000000e+06
4.498239999999999839e+01 3.452761000000000000e+06
4.633729999999999905e+01 5.656174000000000000e+06
4.684049999999999869e+01 3.088073000000000000e+06
4.675339999999999918e+01 2.070875000000000000e+06
4.686959999999999837e+01 5.532098000000000000e+06
4.666629999999999967e+01 4.372753000000000000e+06
4.555340000000000344e+01 5.148068000000000000e+06
4.705340000000000344e+01 2.082327300000000000e+07
5.359559999999999746e+01 3.211001000000000000e+06
4.810829999999999984e+01 2.561857000000000000e+06
4.884380000000000166e+01 2.104111000000000000e+06
4.860190000000000055e+01 2.040319000000000000e+06
4.862120000000000175e+01 2.885702000000000000e+06
4.887290000000000134e+01 3.696096000000000000e+06
4.855349999999999966e+01 2.804407000000000000e+06
4.810829999999999984e+01 1.817939000000000000e+06
4.768249999999999744e+01 3.014964000000000000e+06
4.749860000000000326e+01 2.033278000000000000e+06
4.826319999999999766e+01 2.055692000000000000e+06
4.808899999999999864e+01 2.012119000000000000e+06
4.765350000000000108e+01 2.675509000000000000e+06
4.722760000000000247e+01 1.906372000000000000e+06
4.743090000000000117e+01 2.411992000000000000e+06
4.732439999999999714e+01 2.080683000000000000e+06
4.795349999999999824e+01 1.976555000000000000e+06
4.798250000000000171e+01 2.680479000000000000e+06
4.817609999999999815e+01 4.496147000000000000e+06
4.816640000000000299e+01 5.617083000000000000e+06
4.752770000000000294e+01 4.933974000000000000e+06
4.785669999999999646e+01 5.447746000000000000e+06
4.640500000000000114e+01 3.999519000000000000e+06
4.609530000000000172e+01 1.832276000000000000e+06
4.625990000000000180e+01 3.599250000000000000e+06
4.575659999999999883e+01 2.206640000000000000e+06
4.592110000000000269e+01 3.845744000000000000e+06
4.522429999999999950e+01 2.890623000000000000e+06
4.499210000000000065e+01 2.831450000000000000e+06
4.478880000000000194e+01 1.959621000000000000e+06
4.415010000000000190e+01 2.160588000000000000e+06
4.411140000000000327e+01 2.230384000000000000e+06
4.460499999999999687e+01 3.405113000000000000e+06
4.442110000000000269e+01 2.548154000000000000e+06
4.409199999999999875e+01 2.426957000000000000e+06
4.383070000000000022e+01 4.441355000000000000e+06
4.420819999999999794e+01 7.681079000000000000e+06
4.393719999999999715e+01 4.782567000000000000e+06
4.317260000000000275e+01 5.835126000000000000e+06
4.298879999999999768e+01 4.330171000000000000e+06
4.376299999999999812e+01 3.997612000000000000e+06
4.425659999999999883e+01 4.492421000000000000e+06
4.532110000000000127e+01 2.684146000000000000e+06
4.636630000000000251e+01 3.449546000000000000e+06
4.553399999999999892e+01 2.113277000000000000e+06
4.551469999999999771e+01 2.075661000000000000e+06
4.600820000000000221e+01 3.139377000000000000e+06
4.552439999999999998e+01 2.890179000000000000e+06
4.526310000000000144e+01 2.885118000000000000e+06
4.562109999999999843e+01 1.586498000000000000e+06
4.548559999999999803e+01 1.578545000000000000e+06
4.538889999999999958e+01 2.672548000000000000e+06
4.515659999999999741e+01 2.009281000000000000e+06
4.565019999999999811e+01 2.278282000000000000e+06
4.505010000000000048e+01 2.721160000000000000e+06
4.472109999999999985e+01 2.565899000000000000e+06
4.486630000000000251e+01 2.367075000000000000e+06
4.475710000000000122e+01 2.385312000000000000e+06
4.492130000000000223e+01 3.083956000000000000e+06
4.469910000000000139e+01 4.752533000000000000e+06
4.471849999999999881e+01 2.768436000000000000e+06
4.532710000000000150e+01 2.207792000000000000e+06
4.465079999999999671e+01 2.801671000000000000e+06
4.454460000000000264e+01 3.550763000000000000e+06
4.469910000000000139e+01 4.148401000000000000e+06
4.542369999999999663e+01 1.938127000000000000e+06
4.554930000000000234e+01 4.820293000000000000e+06
4.573279999999999745e+01 4.542700000000000000e+06
4.580040000000000333e+01 2.000710000000000000e+06
4.589699999999999847e+01 3.055759000000000000e+06
4.554930000000000234e+01 2.906852000000000000e+06
4.538499999999999801e+01 2.519822000000000000e+06
4.487299999999999756e+01 2.487056000000000000e+06
4.524980000000000047e+01 2.276543000000000000e+06
4.444800000000000040e+01 3.245036000000000000e+06
4.414849999999999852e+01 2.189462000000000000e+06
4.471849999999999881e+01 3.758563000000000000e+06
4.422579999999999956e+01 3.486498000000000000e+06
4.488269999999999982e+01 2.327567000000000000e+06
4.466049999999999898e+01 3.293014000000000000e+06
4.496000000000000085e+01 2.256026000000000000e+06
4.570380000000000109e+01 5.261715000000000000e+06
4.452519999999999811e+01 5.555462000000000000e+06
4.503730000000000189e+01 4.902993000000000000e+06
4.416779999999999973e+01 2.958773000000000000e+06
4.385869999999999891e+01 1.869770000000000000e+06
4.403260000000000218e+01 2.664458000000000000e+06
4.405190000000000339e+01 3.713002000000000000e+06
4.410020000000000095e+01 2.928791000000000000e+06
4.429339999999999833e+01 3.276876000000000000e+06
4.463150000000000261e+01 4.055844000000000000e+06
4.391660000000000252e+01 6.413282000000000000e+06
4.423539999999999850e+01 6.989570000000000000e+06
4.421609999999999729e+01 7.070878000000000000e+06
4.241929999999999978e+01 4.112336000000000000e+06
4.141460000000000008e+01 4.467136000000000000e+06
4.217770000000000152e+01 5.408025000000000000e+06
4.192660000000000053e+01 3.470904000000000000e+06
4.198449999999999704e+01 5.102908000000000000e+06
4.202320000000000277e+01 4.910840000000000000e+06
4.190729999999999933e+01 2.136733000000000000e+06
4.127929999999999922e+01 3.146933000000000000e+06
4.184929999999999950e+01 4.927327000000000000e+06
4.164639999999999986e+01 2.425148000000000000e+06
4.182999999999999829e+01 3.008263000000000000e+06
4.259309999999999974e+01 1.926811000000000000e+06
4.262210000000000321e+01 2.885511000000000000e+06
4.299889999999999901e+01 2.914674000000000000e+06
4.274770000000000181e+01 1.991904000000000000e+06
4.208109999999999928e+01 3.471042000000000000e+06
4.263750000000000284e+01 2.761564000000000000e+06
4.140330000000000155e+01 2.719250000000000000e+06
4.149009999999999820e+01 2.481287000000000000e+06
4.127799999999999869e+01 3.668576000000000000e+06
4.186610000000000298e+01 2.168274000000000000e+06
4.266640000000000299e+01 2.988219000000000000e+06
4.259890000000000043e+01 3.121258000000000000e+06
4.195289999999999964e+01 2.481935000000000000e+06
4.110439999999999827e+01 3.987015000000000000e+06
4.150939999999999941e+01 3.116681000000000000e+06
4.176010000000000133e+01 1.784751000000000000e+06
4.149009999999999820e+01 2.148909000000000000e+06
4.179860000000000042e+01 2.251147000000000000e+06
4.243500000000000227e+01 2.007239000000000000e+06
4.261820000000000164e+01 1.518039000000000000e+06
4.227109999999999701e+01 1.300640000000000000e+06
4.143220000000000169e+01 2.612498000000000000e+06
4.185649999999999693e+01 1.921541000000000000e+06
4.195289999999999964e+01 5.601641000000000000e+06
4.160580000000000211e+01 6.578062000000000000e+06
3.965809999999999746e+01 7.628313000000000000e+06
3.938810000000000144e+01 4.606499000000000000e+06
4.024620000000000175e+01 5.947406000000000000e+06
4.027519999999999811e+01 4.050331000000000000e+06
4.134539999999999793e+01 4.942195000000000000e+06
4.123940000000000339e+01 4.397200000000000000e+06
4.225180000000000291e+01 5.514998000000000000e+06
4.252179999999999893e+01 5.889345000000000000e+06
4.240610000000000213e+01 3.313964000000000000e+06
4.242540000000000333e+01 4.294633000000000000e+06
4.327389999999999759e+01 2.008310000000000000e+06
4.313889999999999958e+01 2.500597000000000000e+06
4.278209999999999980e+01 3.153115000000000000e+06
4.332209999999999894e+01 1.332156000000000000e+06
4.307139999999999702e+01 2.131385000000000000e+06
4.233859999999999957e+01 3.589015000000000000e+06
4.298460000000000036e+01 4.178857000000000000e+06
4.229999999999999716e+01 5.187503000000000000e+06
4.160580000000000211e+01 5.091131000000000000e+06
4.184680000000000177e+01 7.031136000000000000e+06
4.260860000000000269e+01 1.218137500000000000e+07
4.264710000000000178e+01 9.536574000000000000e+06
4.159609999999999985e+01 2.689390000000000000e+06
4.169259999999999877e+01 6.151288000000000000e+06
4.111399999999999721e+01 2.141470800000000000e+07
4.215540000000000020e+01 2.024631300000000000e+07
3.872279999999999944e+01 7.530110000000000000e+06
3.879030000000000200e+01 6.818977000000000000e+06
3.828889999999999816e+01 4.457084000000000000e+06
3.786460000000000292e+01 1.187889100000000000e+07
3.771999999999999886e+01 9.723740000000000000e+06
3.637010000000000076e+01 4.071275000000000000e+06
3.576189999999999714e+01 2.589530000000000000e+06
3.591590000000000060e+01 2.137501000000000000e+06
3.524219999999999686e+01 2.271776000000000000e+06
3.561749999999999972e+01 1.533402000000000000e+06
3.519409999999999883e+01 2.511405000000000000e+06
3.520369999999999777e+01 1.419018000000000000e+06
3.475139999999999674e+01 2.925838000000000000e+06
3.453970000000000340e+01 2.263456000000000000e+06
3.473210000000000264e+01 4.772831000000000000e+06
3.407770000000000010e+01 2.543817000000000000e+06
3.403920000000000101e+01 3.438534000000000000e+06
3.375050000000000239e+01 4.181274000000000000e+06
3.393339999999999890e+01 7.155794000000000000e+06
3.452040000000000219e+01 3.078656000000000000e+06
3.423169999999999646e+01 6.677195000000000000e+06
3.529990000000000094e+01 3.689339000000000000e+06
3.562720000000000198e+01 4.336710000000000000e+06
3.613719999999999999e+01 3.565702000000000000e+06
3.532880000000000109e+01 8.116899000000000000e+06
3.624309999999999832e+01 2.693668000000000000e+06
3.625269999999999726e+01 5.948543000000000000e+06
3.552129999999999654e+01 3.670179000000000000e+06
3.507860000000000156e+01 5.508285000000000000e+06
3.555980000000000274e+01 3.412903000000000000e+06
3.540579999999999927e+01 2.075649000000000000e+06
3.525180000000000291e+01 2.124766000000000000e+06
3.493419999999999703e+01 2.055400000000000000e+06
3.520369999999999777e+01 4.713755000000000000e+06
3.453000000000000114e+01 4.421743000000000000e+06
3.524219999999999686e+01 4.949183000000000000e+06
3.580040000000000333e+01 6.105100000000000000e+06
3.531920000000000215e+01 2.336300000000000000e+06
3.527109999999999701e+01 2.525600000000000000e+06
3.511710000000000065e+01 2.253000000000000000e+06
3.490540000000000020e+01 2.164600000000000000e+06
3.481880000000000308e+01 1.920000000000000000e+06
3.490540000000000020e+01 1.768900000000000000e+06
3.487650000000000006e+01 2.287400000000000000e+06
3.481880000000000308e+01 2.832500000000000000e+06
3.491499999999999915e+01 1.913500000000000000e+06
3.468399999999999750e+01 1.602900000000000000e+06
3.417399999999999949e+01 2.383100000000000000e+06
3.441460000000000008e+01 4.220600000000000000e+06
3.414509999999999934e+01 1.654000000000000000e+06
3.410660000000000025e+01 1.190900000000000000e+06
3.400070000000000192e+01 3.760400000000000000e+06
3.401039999999999708e+01 2.746100000000000000e+06
3.380830000000000268e+01 2.956600000000000000e+06
3.358689999999999998e+01 2.417200000000000000e+06
3.357730000000000103e+01 2.300500000000000000e+06
3.357730000000000103e+01 2.041800000000000000e+06
3.348109999999999786e+01 2.720500000000000000e+06
3.322120000000000317e+01 2.922500000000000000e+06
3.265339999999999776e+01 3.459500000000000000e+06
3.235379999999999967e+01 3.843000000000000000e+06
3.175840000000000174e+01 2.562500000000000000e+06
3.156629999999999825e+01 3.729200000000000000e+06
3.116300000000000026e+01 2.837900000000000000e+06
3.130699999999999861e+01 2.282500000000000000e+06
3.103810000000000002e+01 2.191500000000000000e+06
3.052909999999999968e+01 3.747800000000000000e+06
3.101889999999999858e+01 3.163800000000000000e+06
3.093250000000000099e+01 5.933100000000000000e+06
3.192160000000000153e+01 4.676100000000000000e+06
3.144150000000000134e+01 5.381100000000000000e+06
3.160470000000000113e+01 3.002700000000000000e+06
3.182560000000000144e+01 1.800600000000000000e+06
3.171999999999999886e+01 2.994400000000000000e+06
3.155669999999999931e+01 1.627800000000000000e+06
3.151829999999999998e+01 1.579600000000000000e+06
3.158549999999999969e+01 2.007900000000000000e+06
3.153750000000000142e+01 2.078600000000000000e+06
3.156629999999999825e+01 2.590600000000000000e+06
3.154710000000000036e+01 2.513300000000000000e+06
3.139339999999999975e+01 3.261000000000000000e+06
3.139339999999999975e+01 2.154100000000000000e+06
3.133579999999999899e+01 1.768100000000000000e+06
3.110529999999999973e+01 2.496200000000000000e+06
3.143189999999999884e+01 1.900200000000000000e+06
3.108609999999999829e+01 1.422900000000000000e+06
3.123019999999999996e+01 2.003800000000000000e+06
3.117259999999999920e+01 1.339900000000000000e+06
3.119180000000000064e+01 1.846200000000000000e+06
3.126859999999999928e+01 2.087600000000000000e+06
3.160470000000000113e+01 1.370200000000000000e+06
3.144150000000000134e+01 1.850700000000000000e+06
3.122060000000000102e+01 2.263500000000000000e+06
3.099010000000000176e+01 1.847300000000000000e+06
3.109570000000000078e+01 1.435000000000000000e+06
3.096130000000000138e+01 2.240100000000000000e+06
3.108609999999999829e+01 2.751400000000000000e+06
3.108609999999999829e+01 1.772500000000000000e+06
3.134540000000000148e+01 2.513600000000000000e+06
3.117259999999999920e+01 7.836200000000000000e+06
3.125900000000000034e+01 4.062900000000000000e+06
3.158549999999999969e+01 2.482800000000000000e+06
3.150870000000000104e+01 4.407200000000000000e+06
3.085569999999999879e+01 2.197200000000000000e+06
3.084609999999999985e+01 1.904500000000000000e+06
3.072119999999999962e+01 4.298500000000000000e+06
3.085569999999999879e+01 3.600700000000000000e+06
3.121099999999999852e+01 4.639800000000000000e+06
3.074040000000000106e+01 3.189400000000000000e+06
3.048110000000000142e+01 2.524200000000000000e+06
3.035630000000000095e+01 2.784700000000000000e+06
3.012580000000000169e+01 3.349900000000000000e+06
3.001060000000000016e+01 3.323000000000000000e+06
2.969369999999999976e+01 3.561300000000000000e+06
2.948239999999999839e+01 3.076700000000000000e+06
2.950159999999999982e+01 2.610800000000000000e+06
2.927110000000000056e+01 5.791000000000000000e+06
2.948239999999999839e+01 2.395700000000000000e+06
2.931909999999999883e+01 4.085500000000000000e+06
2.912709999999999866e+01 4.522700000000000000e+06
2.921349999999999980e+01 2.421900000000000000e+06
2.907900000000000063e+01 2.538700000000000000e+06
2.925189999999999912e+01 3.671100000000000000e+06
2.938629999999999853e+01 3.058700000000000000e+06
2.925189999999999912e+01 3.104500000000000000e+06
2.942480000000000118e+01 2.253600000000000000e+06
2.951119999999999877e+01 1.932200000000000000e+06
2.958800000000000097e+01 1.971000000000000000e+06
2.932870000000000132e+01 3.339700000000000000e+06
2.927110000000000056e+01 2.687200000000000000e+06
2.943440000000000012e+01 6.810600000000000000e+06
2.966479999999999961e+01 6.532400000000000000e+06
2.931909999999999883e+01 4.425200000000000000e+06
2.942480000000000118e+01 3.042100000000000000e+06
2.910780000000000101e+01 3.207000000000000000e+06
2.905979999999999919e+01 4.116100000000000000e+06
2.931909999999999883e+01 2.531700000000000000e+06
2.919429999999999836e+01 3.704400000000000000e+06
2.896379999999999910e+01 4.857700000000000000e+06
2.870449999999999946e+01 4.412100000000000000e+06
2.808749999999999858e+01 3.803300000000000000e+06
2.856540000000000035e+01 8.353800000000000000e+06
2.774350000000000094e+01 4.437500000000000000e+06
2.733249999999999957e+01 3.425800000000000000e+06
2.726559999999999917e+01 4.220000000000000000e+06
2.728480000000000061e+01 3.231600000000000000e+06
2.721790000000000020e+01 2.559900000000000000e+06
2.714140000000000086e+01 3.185500000000000000e+06
2.758099999999999952e+01 5.372600000000000000e+06
2.777220000000000155e+01 3.631300000000000000e+06
2.785820000000000007e+01 4.744600000000000000e+06
2.771480000000000032e+01 4.073700000000000000e+06
2.802060000000000173e+01 4.963400000000000000e+06
2.830730000000000146e+01 2.896500000000000000e+06
2.830730000000000146e+01 2.341200000000000000e+06
2.804929999999999879e+01 3.658000000000000000e+06
2.765749999999999886e+01 8.689200000000000000e+06
2.772439999999999927e+01 6.398900000000000000e+06
2.800150000000000006e+01 2.984200000000000000e+06
2.791550000000000153e+01 3.914800000000000000e+06
2.796330000000000027e+01 3.182000000000000000e+06
2.784860000000000113e+01 4.632800000000000000e+06
2.796330000000000027e+01 9.668600000000000000e+06
2.875649999999999906e+01 3.672400000000000000e+06
2.858449999999999847e+01 5.692400000000000000e+06
2.798239999999999839e+01 5.453400000000000000e+06
2.807799999999999940e+01 3.837100000000000000e+06
2.811619999999999919e+01 4.021900000000000000e+06
2.795370000000000132e+01 4.090900000000000000e+06
2.838380000000000081e+01 4.363300000000000000e+06
2.893809999999999860e+01 2.641400000000000000e+06
2.900499999999999901e+01 3.902900000000000000e+06
2.922479999999999833e+01 4.421500000000000000e+06
2.941590000000000060e+01 3.617500000000000000e+06
2.935859999999999914e+01 4.399200000000000000e+06
2.952110000000000056e+01 5.501800000000000000e+06
2.961659999999999826e+01 3.534700000000000000e+06
2.964529999999999887e+01 5.186800000000000000e+06
2.935859999999999914e+01 3.778000000000000000e+06
2.905280000000000129e+01 3.647400000000000000e+06
2.879469999999999885e+01 4.412600000000000000e+06
2.838380000000000081e+01 3.105500000000000000e+06
2.829779999999999873e+01 3.235700000000000000e+06
2.864179999999999993e+01 4.699300000000000000e+06
2.843159999999999954e+01 6.169900000000000000e+06
2.892849999999999966e+01 6.087800000000000000e+06
2.855580000000000140e+01 5.571100000000000000e+06
2.835510000000000019e+01 7.891600000000000000e+06
2.867050000000000054e+01 1.439420000000000000e+07
2.783909999999999840e+01 2.913720000000000000e+07
2.976000000000000156e+01 6.339700000000000000e+06
2.933950000000000102e+01 4.130100000000000000e+06
2.871829999999999927e+01 3.327100000000000000e+06
2.879469999999999885e+01 3.758700000000000000e+06
2.889029999999999987e+01 3.657300000000000000e+06
2.902410000000000068e+01 6.569400000000000000e+06
2.901450000000000173e+01 5.302200000000000000e+06
2.931080000000000041e+01 4.700400000000000000e+06
2.941590000000000060e+01 3.152000000000000000e+06
3.004670000000000130e+01 4.203400000000000000e+06
2.990180000000000149e+01 6.934000000000000000e+06
2.999709999999999965e+01 4.520900000000000000e+06
3.026409999999999911e+01 3.263800000000000000e+06
2.999709999999999965e+01 5.693600000000000000e+06
2.981589999999999918e+01 5.681900000000000000e+06
3.025450000000000017e+01 2.502500000000000000e+06
3.051200000000000045e+01 1.960400000000000000e+06
3.033079999999999998e+01 2.916300000000000000e+06
3.036899999999999977e+01 2.334500000000000000e+06
3.030219999999999914e+01 4.042800000000000000e+06
3.102690000000000126e+01 2.999900000000000000e+06
3.047380000000000067e+01 2.303300000000000000e+06
3.026409999999999911e+01 3.965900000000000000e+06
3.060729999999999862e+01 2.338200000000000000e+06
3.049289999999999878e+01 2.763200000000000000e+06
3.055969999999999942e+01 2.524900000000000000e+06
3.085519999999999996e+01 2.576100000000000000e+06
3.116989999999999839e+01 2.270400000000000000e+06
3.115080000000000027e+01 1.803600000000000000e+06
3.115080000000000027e+01 1.322400000000000000e+06
3.107460000000000022e+01 1.504700000000000000e+06
3.086479999999999890e+01 6.243000000000000000e+05
3.086479999999999890e+01 2.219800000000000000e+06
3.087430000000000163e+01 3.681000000000000000e+06
3.080760000000000076e+01 3.447300000000000000e+06
3.067409999999999926e+01 3.684400000000000000e+06
3.016870000000000118e+01 2.629700000000000000e+06
3.051200000000000045e+01 2.635600000000000000e+06
3.011149999999999949e+01 3.286500000000000000e+06
2.972060000000000102e+01 3.603500000000000000e+06
2.964430000000000121e+01 4.436300000000000000e+06
2.990180000000000149e+01 2.941900000000000000e+06
3.027359999999999829e+01 3.073800000000000000e+06
3.007339999999999947e+01 3.263700000000000000e+06
2.997800000000000153e+01 6.498000000000000000e+06
2.975870000000000104e+01 3.196400000000000000e+06
2.964430000000000121e+01 5.514800000000000000e+06
2.970149999999999935e+01 4.065200000000000000e+06
2.970149999999999935e+01 1.058600000000000000e+06
2.982550000000000168e+01 1.783200000000000000e+06
2.995899999999999963e+01 4.398400000000000000e+06
2.983500000000000085e+01 4.719800000000000000e+06
2.990180000000000149e+01 3.850500000000000000e+06
3.011149999999999949e+01 4.425000000000000000e+06
2.991130000000000067e+01 2.374400000000000000e+06
2.995899999999999963e+01 2.571200000000000000e+06
3.014969999999999928e+01 2.927500000000000000e+06
3.033079999999999998e+01 3.601700000000000000e+06
3.020690000000000097e+01 2.945000000000000000e+06
3.024500000000000099e+01 4.179800000000000000e+06
3.035940000000000083e+01 3.204200000000000000e+06
3.029269999999999996e+01 3.078700000000000000e+06
3.012109999999999843e+01 4.664000000000000000e+06
2.959659999999999869e+01 5.204600000000000000e+06
2.981589999999999918e+01 6.722800000000000000e+06
3.021640000000000015e+01 6.642200000000000000e+06
3.044519999999999982e+01 3.838900000000000000e+06
3.035940000000000083e+01 5.890500000000000000e+06
3.018779999999999930e+01 4.241700000000000000e+06
3.056919999999999860e+01 4.398600000000000000e+06
3.047879999999999967e+01 2.912000000000000000e+06
3.043120000000000047e+01 3.636400000000000000e+06
3.089750000000000085e+01 1.480800000000000000e+06
3.115439999999999898e+01 2.351500000000000000e+06
3.102120000000000033e+01 2.817700000000000000e+06
3.093560000000000088e+01 3.084600000000000000e+06
3.118299999999999983e+01 2.677800000000000000e+06
3.161120000000000019e+01 3.979400000000000000e+06
3.143039999999999878e+01 2.891500000000000000e+06
3.129720000000000013e+01 3.625900000000000000e+06
3.051689999999999969e+01 2.326600000000000000e+06
3.072619999999999862e+01 2.527800000000000000e+06
3.083089999999999975e+01 6.164800000000000000e+06
3.079279999999999973e+01 4.397600000000000000e+06
2.990790000000000148e+01 3.379900000000000000e+06
3.000300000000000011e+01 4.152500000000000000e+06
3.038360000000000127e+01 4.420200000000000000e+06
3.049780000000000157e+01 5.795500000000000000e+06
2.995540000000000092e+01 2.520500000000000000e+06
3.045029999999999859e+01 3.071500000000000000e+06
3.024089999999999989e+01 3.263200000000000000e+06
2.961289999999999978e+01 2.890400000000000000e+06
2.964140000000000086e+01 2.391000000000000000e+06
3.005059999999999931e+01 2.289100000000000000e+06
2.955580000000000140e+01 3.165800000000000000e+06
2.995540000000000092e+01 2.212100000000000000e+06
3.005059999999999931e+01 3.322100000000000000e+06
3.063109999999999999e+01 1.137230000000000000e+07
3.093560000000000088e+01 4.128700000000000000e+06
3.113540000000000063e+01 3.913200000000000000e+06
3.081190000000000140e+01 4.616300000000000000e+06
3.030750000000000099e+01 7.069200000000000000e+06
2.954629999999999868e+01 3.087300000000000000e+06
2.957479999999999976e+01 2.881300000000000000e+06
2.981269999999999953e+01 6.367900000000000000e+06
2.945110000000000028e+01 5.024400000000000000e+06
2.910849999999999937e+01 2.723800000000000000e+06
2.912760000000000105e+01 5.245900000000000000e+06
2.886110000000000042e+01 5.688100000000000000e+06
2.825209999999999866e+01 3.187200000000000000e+06
2.800469999999999970e+01 2.052100000000000000e+06
2.773829999999999885e+01 2.296300000000000000e+06
2.804279999999999973e+01 1.590600000000000000e+06
2.813789999999999836e+01 7.067300000000000000e+06
2.778590000000000160e+01 8.103500000000000000e+06
2.835679999999999978e+01 7.179000000000000000e+06
2.873740000000000094e+01 2.531600000000000000e+06
2.842340000000000089e+01 3.030800000000000000e+06
2.840439999999999898e+01 3.531400000000000000e+06
2.876599999999999824e+01 3.804100000000000000e+06
2.842340000000000089e+01 2.480600000000000000e+06
2.854710000000000036e+01 3.678800000000000000e+06
2.856609999999999872e+01 5.818900000000000000e+06
2.868029999999999902e+01 3.858200000000000000e+06
2.897530000000000072e+01 3.116200000000000000e+06
2.886110000000000042e+01 5.793700000000000000e+06
2.941300000000000026e+01 2.784100000000000000e+06
2.972710000000000008e+01 7.161900000000000000e+06
2.972710000000000008e+01 5.920100000000000000e+06
2.962239999999999895e+01 1.247120000000000000e+07
2.973659999999999926e+01 7.283300000000000000e+06
2.944160000000000110e+01 5.187500000000000000e+06
2.869940000000000069e+01 8.105500000000000000e+06
2.836629999999999896e+01 5.375100000000000000e+06
2.858520000000000039e+01 4.630100000000000000e+06
2.857090000000000174e+01 4.123600000000000000e+06
2.889379999999999882e+01 5.051600000000000000e+06
2.897919999999999874e+01 5.472900000000000000e+06
2.839049999999999940e+01 4.890100000000000000e+06
2.854240000000000066e+01 5.091800000000000000e+06
2.874180000000000135e+01 4.255800000000000000e+06
2.871340000000000003e+01 8.946200000000000000e+06
2.926409999999999911e+01 4.053700000000000000e+06
2.942549999999999955e+01 3.545800000000000000e+06
2.958689999999999998e+01 4.301200000000000000e+06
2.998570000000000135e+01 4.201900000000000000e+06
2.976729999999999876e+01 5.429400000000000000e+06
2.935900000000000176e+01 4.486900000000000000e+06
2.947299999999999898e+01 6.506200000000000000e+06
2.941600000000000037e+01 8.704800000000000000e+06
2.937800000000000011e+01 1.567510000000000000e+07
2.864689999999999870e+01 1.081920000000000000e+07
2.780180000000000007e+01 1.293000000000000000e+07
2.820060000000000144e+01 1.115730000000000000e+07
2.906469999999999843e+01 1.760100000000000000e+07
2.933050000000000068e+01 1.941510000000000000e+07
2.931159999999999854e+01 1.673460000000000000e+07
2.940650000000000119e+01 2.377970000000000000e+07
2.990030000000000143e+01 1.351110000000000000e+07
2.884629999999999939e+01 4.076600000000000000e+07
2.905519999999999925e+01 3.369420000000000000e+07
2.866590000000000060e+01 1.493850000000000000e+07
2.943499999999999872e+01 2.348340000000000000e+07
2.960589999999999833e+01 2.428620000000000000e+07
2.939699999999999847e+01 2.678560000000000000e+07
2.924510000000000076e+01 1.066500000000000000e+07
2.959639999999999915e+01 5.849800000000000000e+06
2.993819999999999837e+01 7.648500000000000000e+06
3.009969999999999857e+01 6.367500000000000000e+06
3.039399999999999835e+01 4.992100000000000000e+06
2.990980000000000061e+01 5.134200000000000000e+06
3.046049999999999969e+01 2.918200000000000000e+06
3.054589999999999961e+01 3.522300000000000000e+06
3.076429999999999865e+01 4.513400000000000000e+06
3.109659999999999869e+01 3.398000000000000000e+06
3.038449999999999918e+01 6.512400000000000000e+06
3.061240000000000094e+01 3.934100000000000000e+06
3.128650000000000020e+01 3.095700000000000000e+06
3.253040000000000020e+01 4.960300000000000000e+06
3.177080000000000126e+01 5.911600000000000000e+06
3.118209999999999837e+01 9.008500000000000000e+06
3.185630000000000095e+01 2.600600000000000000e+07
3.137199999999999989e+01 1.692400000000000000e+06
3.200820000000000221e+01 7.357000000000000000e+05
3.218860000000000099e+01 9.622000000000000000e+05
3.170429999999999993e+01 1.278700000000000000e+06
3.113459999999999894e+01 5.632000000000000000e+05
3.141000000000000014e+01 8.723000000000000000e+05
3.137199999999999989e+01 4.387000000000000000e+05
3.150489999999999924e+01 5.341000000000000000e+05
3.185630000000000095e+01 9.772000000000000000e+05
3.158089999999999975e+01 1.034100000000000000e+06
3.122009999999999863e+01 7.007000000000000000e+05
3.127710000000000079e+01 5.037000000000000000e+05
3.153340000000000032e+01 9.984000000000000000e+05
3.159990000000000165e+01 6.963000000000000000e+05
3.170429999999999993e+01 1.393100000000000000e+06
3.135300000000000153e+01 3.390300000000000000e+06
3.101119999999999877e+01 1.711600000000000000e+06
3.093059999999999832e+01 1.421800000000000000e+06
2.989770000000000039e+01 1.520600000000000000e+06
2.901640000000000086e+01 4.149300000000000000e+06
3.003989999999999938e+01 2.731700000000000000e+06
3.094960000000000022e+01 9.221000000000000000e+05
3.099699999999999989e+01 2.159300000000000000e+06
3.076950000000000074e+01 7.999000000000000000e+05
3.116750000000000043e+01 3.140500000000000000e+06
3.147080000000000055e+01 2.271200000000000000e+06
3.055160000000000053e+01 8.395000000000000000e+05
3.148969999999999914e+01 7.235000000000000000e+05
3.142340000000000089e+01 1.826600000000000000e+06
3.141390000000000171e+01 9.695000000000000000e+05
3.168870000000000076e+01 2.004400000000000000e+06
3.119600000000000151e+01 1.965200000000000000e+06
3.028630000000000067e+01 3.963500000000000000e+06
3.017249999999999943e+01 1.946400000000000000e+06
3.082639999999999958e+01 1.409700000000000000e+06
3.084540000000000148e+01 7.122000000000000000e+05
3.088329999999999842e+01 1.466300000000000000e+06
3.165080000000000027e+01 7.434900000000000000e+06
3.102540000000000120e+01 1.896800000000000000e+06
3.080740000000000123e+01 1.396500000000000000e+06
3.076010000000000133e+01 1.324600000000000000e+06
3.138550000000000040e+01 7.633000000000000000e+05
3.171719999999999828e+01 5.145000000000000000e+05
3.175509999999999877e+01 1.944000000000000000e+06
3.108230000000000004e+01 1.336200000000000000e+06
3.112020000000000053e+01 2.372000000000000000e+06
3.168870000000000076e+01 2.692100000000000000e+06
3.282589999999999719e+01 1.865200000000000000e+06
3.221940000000000026e+01 2.240800000000000000e+06
3.204879999999999995e+01 1.557600000000000000e+06
3.239000000000000057e+01 1.729400000000000000e+06
3.230469999999999686e+01 1.541100000000000000e+06
3.275010000000000332e+01 1.320000000000000000e+06
3.207730000000000103e+01 8.020000000000000000e+05
3.249419999999999931e+01 1.413400000000000000e+06
3.255109999999999815e+01 8.654000000000000000e+05
3.278799999999999670e+01 2.334000000000000000e+06
3.169819999999999993e+01 2.991400000000000000e+06
3.062740000000000151e+01 1.343600000000000000e+06
3.036210000000000164e+01 1.048700000000000000e+06
3.039049999999999940e+01 8.189000000000000000e+05
3.088329999999999842e+01 9.545000000000000000e+05
3.085480000000000089e+01 3.242300000000000000e+06
3.100649999999999906e+01 1.842900000000000000e+06
3.206779999999999831e+01 1.206900000000000000e+06
3.220049999999999812e+01 5.415400000000000000e+06
3.152759999999999962e+01 2.954500000000000000e+06
3.179299999999999926e+01 1.269700000000000000e+06
3.197299999999999898e+01 1.637300000000000000e+06
3.151820000000000022e+01 1.487200000000000000e+06
3.131919999999999860e+01 2.599300000000000000e+06
3.032420000000000115e+01 3.800800000000000000e+06
2.940500000000000114e+01 2.126100000000000000e+06
2.941440000000000055e+01 5.013200000000000000e+06
2.939549999999999841e+01 7.695400000000000000e+06
2.938599999999999923e+01 6.678910000000000000e+07
