12.067720839753747
40.52298138476908
21.070006762165576
16.84549162676558
15.06434442801401
14.80854799831286
12.045000055921264
12.78275646280963
13.566402159165591
13.445930112968199
13.046834514592774
11.710368998814374
12.120841801399365
12.828581186011434
10.380173928104341
13.140525058144704
12.29416833515279
13.296636666404083
12.354235592181794
12.599434390780516
10.858949467824118
10.855857567628846
13.055779890681151
11.767649388522841
12.798878839355893
11.13069478678517
11.337046238244511
12.179565721424296
11.164974412356969
9.71647786628455
12.906389522715472
12.555282205459662
10.664367106975988
11.787238040589727
12.583172330982052
12.795067364000715
11.626369794132188
11.579191542579792
12.095806948142126
11.69757606415078
11.112877118284814
12.27676191017963
10.15105060779024
11.337007440859452
10.507622550358064
12.460486628697254
11.644887941307388
12.737587109208107
11.68517344922293
12.881144931539893
11.713112270808779
10.355485792621039
10.069334706175141
11.747617650675238
12.464134632112291
12.515054709394462
12.342116448911838
12.546943360124715
11.868875900399871
12.363318460411392
12.331606343039311
10.718101047445089
11.06864167668391
11.687152750615496
12.807413232745603
12.453889420663472
10.964697606512345
7.9233978423289955
10.683641178067774
12.096447343355976
11.85571990837343
12.303418940631673
10.049185988726094
11.378577431547455
10.405623608850874
10.968535988009535
11.444568836246617
10.423458122415468
10.518063679221086
10.935553862247616
10.645944501506165
11.435632825479843
11.615117066539824
11.669848268677015
9.730175228090957
11.817650528508238
11.583856623852625
11.997929332195781
11.771990677923895
12.207631461671554
9.870558987604454
11.451527729164809
12.294406050117686
10.61588712350931
11.912588843435515
10.543968302896246
9.810933714034036
11.360020545776933
12.20487413672845
11.452728100470267
10.091778115136549
11.627200163085945
11.791965397424065
11.801556583843194
11.639928410877474
10.72635862894822
11.470009718090296
11.842701100395061
11.840671283425763
9.49833564623259
11.889741846709512
11.405847731395625
11.221287607448176
11.779864160926081
10.315112804295495
11.631924087763764
10.267558355350047
11.658965607872233
10.631773830857128
10.850763831753284
11.467212457442656
11.59121049346868
10.721033658715896
10.88308945542667
11.742657108057756
11.065462719532661
11.51930807752069
10.998882964020595
12.015355010167696
9.174177030101418
11.32128791033756
11.151072134147398
12.150877606822178
11.577589942491613
9.620182714192197
11.770471244584769
11.917889698408544
10.510346795315854
11.132828518981114
11.142505259951577
10.867795427853707
11.217292558052577
12.157440339564346
12.330441643716767
11.247862023621565
11.679082681657746
11.10306367254816
10.921470510191284
10.99092736831517
10.694728939211927
10.352598832570948
9.984473711811006
12.051195747801103
11.518243363709189
11.293452490470372
11.11028866423294
10.371760647278279
10.694311212748289
10.678766557015479
11.573320834082551
11.205879560438916
11.198324596043676
11.439179233741015
11.828447295934893
11.55167079018429
11.415083601605147
11.389458267716691
10.171308811870404
8.313588804623578
10.468362628947943
10.903373407549225
10.348336036549881
10.228900224261452
11.942685120622627
10.892129187704995
10.561687729903497
11.182429468724877
10.67450168391224
10.990024795522913
12.024579026270658
11.966456240043044
10.47202026937157
11.474037674604915
10.392145109828562
10.360110854147933
11.316304017789662
11.704959582188167
11.568406528411288
10.846027017338201
10.631934925273526
11.04151490458753
9.922107240883633
10.01283665932715
9.400333674508147
10.974116249359213
11.305920003214851
11.758112887619063
11.737381069979165
9.390143140684813
11.1744212184567
12.641120900050737
11.00026792610879
10.734683054615743
11.352884451684076
9.787285436294042
10.961032083956525
11.724241370684467
10.095181426149793
10.420948615530506
9.893857810995542
11.707315422361717
10.154365613707341
10.706615654402412
9.904100102430675
9.489342077169567
11.847191976965405
10.806837893556803
11.447416416485794
11.875040777027607
11.370322146103717
11.049264878151007
9.553867144393735
11.668898041243665
11.332866269221995
9.697001936496235
10.02245750266593
11.751652577018831
11.756104481057264
8.864491919288412
10.247779344324954
11.726088425377384
11.53216854436323
10.2324028062867
10.265018189908005
10.82319879939314
11.12090838351287
10.698188490234315
10.258582482521888
11.790525514399633
10.288889931398444
9.936719672201434
10.521187072852626
11.08162890264066
11.393865009129513
11.845180484699085
11.775483946956228
11.275801534298807
11.04969318327494
8.913106786319986
10.495092392666265
9.659568999952171
11.638423708966002
10.219644817174412
11.772774253273383
11.913079841528088
11.100691198254935
11.037930702907033
11.283873547217809
10.21450431435369
9.845302347210236
11.427393611054868
11.180876261787489
11.117527955328114
9.494916775380261
11.472870622179471
10.425794597249478
11.074869003903586
10.260650948504917
10.108417341834866
10.559786029160023
11.218184259254485
11.60150972509291
10.606889299466275
11.521524340496399
11.280082812707406
10.870031167985871
11.471493469784036
11.415183072793297
9.191849319380708
11.502447851758916
12.017366192536429
10.352875914250035
11.85428458743263
10.149269598419778
9.03960020717932
10.794787983759306
9.698565247817896
11.051698317402042
11.174275175319053
10.761135475477204
10.225656065857038
9.115252872288693
10.394877480110154
10.894638402678538
10.382834103540517
11.12668370816391
10.038059846672695
10.21418429305777
11.911986604158301
10.16412369767204
11.756098089914303
11.574290762131568
10.98286855535116
9.771858670399524
10.252560103253927
8.732648798657465
11.057541435700841
10.713172700809082
11.136834894423373
9.842050492879935
9.735034025565255
11.625968202599324
10.307106315216515
8.26660886395257
11.490138118213508
10.557021421263926
10.942991434130818
11.123417630326003
10.005153991049156
11.565946213551797
10.173772359616123
10.223760497174226
9.910736932361033
10.515721283387393
9.852225503418595
10.964080398436636
11.030844375491142
11.571399770095013
11.831373272230849
8.98994695872534
10.559029196039774
11.593820108217187
9.699765045195818
8.718276512110606
11.187266485881992
11.781708736089058
11.389894486579578
9.357165944413282
10.774827875306073
11.66749361762777
11.402868398930877
10.009913196437992
11.685164158909174
10.16838916495908
9.691500041808467
10.31356634479016
8.626771131996065
11.346910745603964
11.34879760723561
11.268226745654829
10.276025950210169
10.359517790959217
11.03253910865169
10.759520746767521
11.679481401341036
9.833850444294512
10.501782687846571
11.315600468311459
10.668948187492788
12.053707405808382
10.619364556390792
9.890422099852003
10.170328439504374
11.525854914216325
11.238162829657085
11.266031755425502
9.454796232050285
10.07307050039526
10.680006135313306
11.346001423313282
9.358282653614879
11.70440510933986
10.176643818442244
10.3708779620938
10.665143698744942
10.3213173863478
11.059045185073046
10.59856874065008
10.1914896563394
10.517638168123085
9.455600117798895
10.781970755255315
8.756955181714147
11.522525721695274
10.60708286066074
9.159263269335497
9.88993904076051
11.10386705736164
10.263267046422698
10.505539676058106
8.38628072256688
9.380555317116546
9.91608310979791
10.05542686773697
9.642303313477896
11.666400005226023
10.860817825538106
10.6991768340813
9.719469651172403
10.252780350216199
11.480221837548015
10.058490375755355
10.01529747468885
10.05018905713223
9.845017429557629
11.418184014502913
11.056887666578405
10.432691822759807
11.08094530517701
9.115304131119046
10.649343287223019
9.953741496661678
11.418560740188695
10.92445273580961
10.228361067303922
10.441612549417187
10.745115295401774
11.75968345173169
10.517950412002392
9.91069675196195
9.914544772182126
9.867083276098128
10.247639245120808
9.081670942134224
10.124469881760888
10.319890398415737
10.040798255591653
10.538664660416543
10.97061192302499
11.187787436239887
9.91069066512864
8.632444284739904
10.515777243650518
10.916891581960954
11.218344668206555
8.761390880914405
9.543890789384022
10.564078212133609
10.26041269482812
11.244238894316368
9.550664755457547
11.893793676630594
10.564331529662013
10.07004381279694
7.407134089851752
10.200640675029717
11.407937650510576
10.544854493578896
10.182511034829076
10.68488965346478
10.435034569556592
10.647253328352235
9.302384677459486
10.326078708050773
9.783012543746736
9.0222666724585
10.575182544474956
11.136724205629434
11.08024085580837
9.85331152426079
10.601528789266013
10.396188746788539
10.502867404487915
9.752511603292078
10.996008335147053
11.228814402187709
10.09767088550143
9.977316654287279
10.67517415760085
9.461703088018112
8.405915059614927
10.44429844015167
9.567432095296681
10.984020743519068
10.37769407860469
10.243078520521522
9.94427705486305
11.382907762017567
10.437782037537545
11.102399108698592
10.073499539168552
9.554351681494154
10.139509040513076
10.89242562907748
11.022547734435648
11.27992722520139
9.961836189206224
9.419196990784258
9.390101196302567
11.222835387685336
10.814840578706935
11.013260530191474
10.169242102245335
10.217832091497257
11.213002941928607
10.2076319034677
9.798436867073178
10.739948571310379
10.014362942776643
9.477145949029364
9.45376968185883
9.066799225693103
9.601726140710525
10.205470264714677
9.88059709285153
9.371187303797342
9.6604796887259
10.138431968109217
10.086173833697103
10.489193867659196
10.016884101380128
9.78702484164387
10.318094240268692
10.189651217893697
9.254163155099377
11.070991697604768
8.832777199335396
10.408034621796105
10.725041128054727
10.17945205734577
11.245392125914805
9.478822406264953
10.965563871373888
10.991780714248307
9.893023638869636
11.418112578219734
10.275406964414287
11.39189372427063
9.596140208130237
9.218529797857627
10.200386107200757
10.14619903662242
8.582136312499642
9.934942386462353
10.911894462187774
10.695349382294808
10.586324572039302
8.190899479435757
9.165509506128728
10.262067720410414
10.738319453084841
10.231766480021179
10.806556057417765
10.403827472240664
9.259628308122046
10.382561115315184
10.141633194638416
9.54141319572227
9.69111978507135
9.319859593873844
11.165396840020549
11.059821082511917
8.279102280037478
10.207369878306054
11.327700242982246
9.898470680811442
11.258158249314874
11.196317652415019
8.516101286979392
10.063242242787965
11.317457439261489
10.983708744402975
11.040082268067636
10.842680605535861
11.117032537818886
11.031318920082413
10.59919860601076
11.287415153696202
9.580880338042334
7.8048072720412165
9.751093309838325
10.048374326201156
9.621045768028125
11.457170915789902
9.914384050178342
10.449391305097379
9.530572114977986
10.40117275621742
10.507907974533737
10.508271535509266
9.400701766193379
10.505251687020063
10.795335187925957
10.73006068286486
9.580372911412269
8.97020331164822
10.418060909199994
10.260837072855793
9.883873211569153
10.46444917365443
11.212650274625048
8.896607287228107
10.37772802170366
9.836252346285619
10.281769266875926
9.230335817905143
9.485935367527418
10.481034606928006
10.720230127102695
10.974983774241991
10.774983106413856
10.235956865246408
10.828897628176492
9.632020834367722
9.05124333850108
11.27221620560158
8.760825205827132
11.174647612147965
9.414570013759658
9.174765479750931
9.97029412444681
10.336810809210874
9.682437278563157
9.968076042539906
9.895851459994446
8.427159012353513
9.945994242327288
11.080347994458862
10.916093303821981
10.419187932275236
10.201153750298545
9.040213278902229
9.501019133487716
8.031004559830762
10.448536821990274
9.72843972343253
9.800186879583634
10.584167493740097
8.411275118007325
9.797860481368843
10.44140501820948
9.475772765697911
9.521904724999331
10.128662631381303
10.5508536453126
9.321585237747058
10.480339148838539
10.115749236894771
10.442625318595674
9.867175826686434
9.343491215608083
10.40904244268313
9.199636136414483
11.137810881307814
10.378109103476163
9.643492659495678
10.920806434820406
10.802939726389013
9.959018556284718
10.540131621237379
9.882358745322563
9.872728345857468
10.035288519924507
10.83538184396457
10.53485311777331
10.911490162252448
8.728107043192722
10.09147543902509
10.824432187480852
10.528077248600312
8.82242853671778
10.467669609206496
10.934665330103599
11.107965855044313
8.753816013690084
10.453661767416634
9.8234896666836
9.14275162346894
10.873728749691509
10.273761362885125
8.886847754125483
9.39867213217076
9.882069480023347
10.948468880553264
9.281200470868498
10.01908165437635
10.440794091904536
10.482441720669158
9.612813022104092
9.661479216185398
9.904137309989892
10.16737152566202
10.745758731733076
9.891399238607846
9.295543950924184
9.94986936711939
11.456595689523965
10.01611064944882
9.172980661620386
9.874748586269561
10.46746797626838
10.252365627791733
9.638172870676499
9.064026734093204
11.104007798538078
8.864647008653264
9.06525253521977
9.92021837917855
10.132013421913143
11.551470268750563
10.433874289621599
9.344297065283172
8.658459472411778
10.735728410887532
10.11465418653097
9.005273204820696
10.213815008522943
9.454915002337657
10.594386545591988
9.616002978174947
10.049484140181448
9.891850231681019
10.397289139102213
9.70899553806521
10.577273283153772
10.385517813789193
10.215725718881004
9.127054881886579
10.696784526691772
9.68909538059961
9.679717196559068
9.266351114609279
9.218385819316609
9.439191431651125
9.370636081323028
10.45352501317393
9.217203933105338
9.6907592585776
9.201331633492373
10.892718778050039
9.786765105673112
10.754603448032867
10.187075271038339
9.817274278961122
8.9253510874114
7.995028837118298
9.40373520378489
10.87695565156173
10.883610148215666
10.688863329065498
11.261314986855723
9.386697309906594
10.721623572637327
10.57090385525953
9.923091903154273
9.439441282243934
10.980114854639396
10.605891189421527
10.133428547414951
10.482416274724528
9.061971820308827
8.118206659681164
9.992432006343734
10.17637017404195
10.143908055673819
8.886699649854563
10.060872035159264
9.73310780079919
10.064631034969352
9.149580626632087
9.691158879431896
9.885307522141375
9.937994562089443
10.663827924523503
10.155462580849417
10.039290366170462
10.310543943429366
8.887058061663993
11.327658654656261
9.198958510882221
10.967561623896472
10.490190488111693
8.884336911141872
9.518290300969966
10.132467440445907
9.949305913818534
10.656315333792008
10.850678102578968
11.027195184957236
9.1084712332231
9.760421811370179
10.244725883705541
10.384440556168556
10.124597927380819
9.689375126326922
10.825049862032756
10.853552991349716
9.485889167583082
9.161158938251901
9.297074236092158
9.939563042949885
9.873779051238671
10.010007263044827
9.951704990060534
10.647669548052363
9.363273911061697
11.355658311978914
10.42590122501133
9.903953157539945
10.167240867507644
9.290664293104783
10.93889479979407
6.393737508216873
10.10578807874117
9.765945307677612
8.547115911147557
10.84273059561383
9.166057470953092
10.80517554807011
10.123011308955029
10.675793544913176
10.291600902739447
9.827277613454498
8.799667413521092
10.43719594180584
8.5805054922821
11.002311719872523
10.332253882690566
9.08684479535441
9.828120615100488
10.651124535594136
8.636238923412748
9.751690347446129
10.669806385179982
8.861180624575354
9.581202084256802
9.666092511732131
11.164813729119487
10.608700757962652
10.721567100554239
10.610576166189276
8.831954235036392
10.047850048693363
9.68491833540611
10.046895287348889
8.936035564285703
10.446780525962822
10.22596484341193
10.308132901787758
9.95983613061253
8.87077953480184
9.918559881858528
9.677264038007706
10.73747119656764
10.228104740614071
9.911481477087364
10.052714150748216
9.496863007138018
9.713848108367529
10.345989789173473
9.688913335558027
9.939206700306386
10.734705109789502
10.364759372663684
10.589490127633326
10.196526306099258
11.151454697886948
9.26710471790284
8.914693720842479
8.588679251959547
9.246884999563918
10.943211186560802
8.365219398983754
9.162537127907854
10.37831010716036
9.95334694214398
11.074001579079777
9.986408035620116
9.422764574876055
8.915764852426946
9.277274847845547
8.978047275391873
10.370860169059597
9.13357571954839
9.647600465803407
10.136080956901424
10.841156450100243
9.800301251118071
9.64377696882002
10.62891656323336
10.07075456425082
