1.8739166259765625
32.62722039921209
19.080506113823503
13.470818397239782
12.549394140485674
14.381822882220149
15.334295066772029
12.415667738649063
11.309003718430176
13.389717698097229
13.27722417761106
11.140513541875407
12.79358266305644
12.884716998087242
11.212675633141771
10.604584837914445
11.472660030587576
13.547525177244097
11.899214330362156
12.80145319912117
10.566827945993282
11.260892227641307
12.343428429565392
11.530818844679743
11.70276540168561
12.837828228832223
10.767803580849431
13.071979542728513
11.22364622342866
11.341571997618303
12.328925498994067
11.471147140488029
13.545765151095111
10.697527504409663
11.754842040594667
13.319712732220069
12.171275568543933
13.472641921252944
12.438423184445128
11.647860189783387
11.655185542069376
10.325715473969467
12.174584476393647
11.279230540967546
13.123776156571694
12.613010846776888
11.513547309579735
11.703912574914284
11.552122013061307
11.658855611807667
12.443535718484782
11.841528333141468
12.020339355338365
12.177641155780293
12.853224178194068
12.641085529583506
12.12023295077961
12.560775159625337
11.248387379746418
11.696851791581139
10.644912010757253
12.35844409884885
10.742032971873414
11.288390244124457
11.075567996012978
11.671928989118896
12.640448528458364
11.141907208657358
12.481323030311614
12.554389504599385
10.60895394475665
12.32468492910266
11.601768135791644
11.617288022127468
11.368376438855194
11.355367142416071
11.399934286484495
11.907016043085605
10.520471877651289
12.447096121148206
9.817956359242089
11.804514506831765
10.562622785044368
9.987722837046022
11.225314366049133
12.933506514178589
11.51535574242007
12.484546196297742
11.09516203776002
8.9278455072199
8.932104904786684
13.186804207973182
11.099061735789292
9.366233732085675
12.562670860439539
10.136595171294175
12.230040941154584
12.721549033303745
10.238582760561258
10.535897569265217
11.971337300608866
11.156143864733167
10.644601171370596
10.909989404841326
10.70213939237874
11.343919483828358
10.302403030917048
11.467141885543242
11.571708353236318
11.842546302475967
9.307518084722687
12.023116088239476
11.588943529990502
10.835974176123273
10.67610981001053
11.336805666680448
11.038569324970013
11.524890445056371
11.47508680820465
10.780639451520983
11.297828284965362
10.876485319575295
11.573175239900593
12.136827668000478
10.342840938596055
10.338096105260774
10.837071413756348
9.169968790316489
10.794684487278573
11.616564834257588
11.90995099634165
11.641818899253849
11.32374128459196
11.3440828792518
10.899666827637702
10.980094365077093
10.120793539681472
11.891114669153467
10.534824878093787
10.212527695926838
12.117077727220021
12.126277336617932
9.21564060790115
9.98229845368769
9.798395870137028
11.953687555156648
12.21001554315444
11.207596550695598
10.80425330309663
8.027417490142398
11.333751842204947
11.307934010634199
11.08497733954573
11.54919028072618
11.734407063864637
9.495549733983353
11.659053554292768
11.00993406609632
12.106339620775543
11.42046518146526
10.747208815068007
11.270015310845338
11.210619375633541
11.251390530611388
9.46936296171043
10.15710986632621
9.780786579591222
10.835494319500867
11.34871972585097
10.952529754955322
10.48095324181486
10.900585257913917
10.180667859851383
10.931090831232723
12.169739846838638
11.627117358264513
10.624479366000742
11.659757986781187
9.131854494742583
11.781827834318392
10.166243410436437
11.66110876656603
9.64611786720343
11.421352660516277
11.894700205186382
10.483224680065177
9.895659146772232
11.998013511882164
9.600883227190934
9.118595866311807
10.52872903359821
11.46744253259385
10.425006350502372
8.88974711834453
10.21814355259994
11.643015940731857
11.561880220542662
8.792136614851188
9.29635680350475
10.77935362100834
10.244121528347023
9.546692467585672
10.463442299340386
11.106187484285329
10.079099509108346
9.590186684508808
11.179786758380942
11.488124918541871
11.323710639262572
10.752970548346639
10.676278852741234
11.076292047917377
10.62585451360792
10.862589391879737
10.926349643268622
11.440186708350666
11.962346080457792
11.420376050053164
9.760523109696805
10.938986421446316
11.339413008303382
11.600814273115247
10.501748512382619
11.39866837253794
11.062316422416188
11.623325914144516
9.313739173463546
11.173368421848863
9.97391696064733
11.091897491365671
9.780923107406124
11.921451299160253
10.41919041913934
10.934061621548608
7.796610910445452
10.804313058266416
9.613078551599756
11.129847633768804
10.77644188364502
10.554227988410275
9.636318037228193
9.648762996308506
11.999846788181458
10.474272470455617
10.584477871190757
10.585696012014523
10.637446803622879
11.113988177094143
9.142396510345861
10.497168555113603
9.383728693937883
10.851156845572405
11.361045042402111
10.352600525831804
9.117191308061592
10.674774793908
10.916061669355258
8.775252206833102
10.738825939304661
6.650762064149603
11.372002281190362
11.109246938664
9.932637307909317
10.73834205488265
10.973782330576796
9.805235304986127
10.69895426160656
11.639254233334213
8.850722395349294
10.681697075429838
10.877932851668447
9.932695005030837
9.561536523280665
12.18074841197813
9.576811573351733
10.335975420312025
9.574953840463422
9.332564904063474
9.097276438988047
10.14547748764744
10.56527427083347
9.770673801773228
10.178710047970526
10.777361131855287
10.864629118237644
10.170924981764983
11.318450601189397
10.227896395681455
9.113094262895174
9.484883699507918
9.416886762774084
10.165721231081989
10.894776660832576
9.378617780399509
9.652504570432939
11.016082105634268
9.938100525119808
10.316697460308205
9.595246342301834
11.475506377755664
8.923185130290221
9.116727895336226
10.161732355947606
9.924198343593162
9.939943681820296
10.45664255489828
11.125398014904931
10.468544426374137
10.595708720735274
10.008927106391639
11.389027789409738
9.835680055432022
10.677159583196044
9.657160466653295
10.222553839004831
10.345019556407351
11.229856296326034
9.743697709109256
10.503479592211079
9.808779734536074
10.174165217089467
11.0225775607978
9.535789148358162
9.29756403225474
10.078019509324804
10.714795036124997
10.651117154979147
8.994030381203629
10.359233863244299
10.5618072001962
11.405273199197836
11.03593995119445
10.926677746349014
9.025241611874662
9.765928546141367
9.146555990329944
9.823234124283772
10.041895999573171
11.011271242285147
11.025529886246659
10.197918223333545
11.086269791179802
9.776460223052709
9.642299394065049
9.793883031466976
10.208511101722252
10.69833989586914
10.667184365855064
11.526380109018646
11.031382049084641
10.224344565649517
9.402852248749696
9.746682258322835
10.335040609526914
10.301071150228381
9.87098300026264
8.383022200665437
11.362726913182996
10.121314684743993
9.14063249056926
10.723278719815426
10.390701964613982
10.11788146715844
10.154400882776827
9.095208685612306
8.746656381059438
10.723828393151052
10.155441738548689
10.23842149390839
8.899802234336676
10.829773382400163
9.462043721810915
11.054333909298293
9.092428132833447
11.101720911159646
10.92791773477802
8.996235935715958
10.015978726674803
10.340145104448311
9.058782092994079
11.222321330802515
10.306093401857652
8.321653927792795
9.839042871375568
11.423129877483007
9.811445743020158
7.931891639371315
9.952401343965903
10.056506424152758
9.651152698788792
9.343229625024833
10.312497822218575
11.274476525955833
9.434223761083558
9.543822483043186
8.198802437575068
10.549071431451011
10.261098559189122
10.752494129061233
11.027997392055113
10.351970677555073
10.83655791846104
9.75340892164968
10.03343106113607
10.022793181415182
9.461980245774612
9.30869374301983
10.038126664876472
10.549469969701022
8.794477502233349
8.407484065857716
9.926170240854844
9.971979626396205
10.3666605395847
10.920456121559255
9.20336213405244
10.727435821667314
9.429895941691939
10.588186169334222
9.710942826117389
9.694763035629876
10.082110816263594
11.234722059802152
11.035695590544492
9.086543651064858
10.026467703166418
10.610443835146725
9.897058344853576
10.663599199207965
9.304362239025068
10.307136166607961
9.806196060613729
9.386298754718155
9.063026583055034
10.173013257037383
11.206502086133696
9.995821278076619
10.736117669614032
10.409490399935748
10.599160321056843
9.45662911387626
10.734669785189908
9.405701991578098
9.421648715739138
10.455548014317174
10.677318620786536
10.921741300378926
10.349156001408119
10.63972816313617
10.323719847947359
9.283847460668767
10.095243596995715
10.356949939741753
10.3621421707212
10.005383488663938
9.99253594444599
10.50800968974363
9.257853676914237
9.17555201901996
10.530295423872303
9.668409772624727
10.46769286179915
10.069121806998737
8.5738367519225
10.684396933473181
10.377976860618219
9.433455068967305
10.221954067063052
9.880898629548028
9.987085047061555
9.905974576016888
10.175303702242672
9.857647635857575
10.21135270682862
9.025692158204038
10.25393832870759
9.525532353261951
8.79489822499454
9.971744854119606
10.10370889538899
10.080541346214886
9.055984266160522
10.132595714676427
9.952463186171371
9.949697876814753
9.555340095954307
9.646022161585279
10.590827976819128
9.572115795279387
8.52373740792973
10.415647510963026
10.446302679250948
9.793971753068035
9.445754071173724
8.256923350214493
10.713458791549783
9.423737671109848
10.845174742280506
7.756621060718317
9.988553088565823
9.380102285911562
9.514810665044934
9.660626355558634
10.688857486122288
10.298789912252687
10.834203922073357
10.37956053201924
10.39240724267438
9.360248376964591
9.847496158094145
8.535270123567898
9.391076880565379
10.349612887774128
8.248437768954318
8.651162657770328
10.28200444306276
9.865617296774872
9.841906215413474
10.259361434611492
10.802919875946827
10.794270992919337
9.541602769881138
10.579634768189862
9.307215265783498
8.46659728960367
8.59177576599177
10.437419467554264
7.779871504055336
10.146490469109267
8.636644231970422
8.435653704334982
9.59495087270625
8.115387024416123
10.133263430849183
9.771732769266237
10.472152516245842
9.551684943668079
9.729224696580786
9.650358146172948
10.431845958926715
9.464838231448084
8.959461246966384
7.7791769951581955
10.425033312640153
10.562413445906714
10.594215443881694
7.941050664172508
9.39950502832653
8.123977092036512
9.95094951003557
10.67389846057631
9.180951746064238
10.581310063716955
7.977465788659174
9.980046863958705
10.015940453391522
10.19928863495079
9.533768340363167
9.190671246731654
8.92720947705675
9.839971261331812
10.063058213738259
9.358820338617079
9.998686480161268
9.560913558350876
9.66957014950458
9.4964030131232
9.477137127309106
7.267469529353548
7.107155096018687
9.597034637467004
8.780102503136732
10.20477392047178
9.84317417780403
9.862647067231592
9.808842111495323
10.4015145029407
10.227583021445298
9.389528829138726
9.659507273812778
10.14848909410648
8.48495794570772
9.395089217054192
8.222052577708382
8.86728618631605
10.003991844539996
10.948394827195443
9.270998029853217
9.453089952701703
10.231500738707837
9.287369692116044
9.982548737549223
8.639223418431357
8.932823222188745
9.599468458385672
9.618062332156114
10.375252946512774
9.67269673012197
9.360480045783333
9.743722650047857
8.529734712094069
9.916932012187317
10.36518326739315
9.709559559589252
8.970492522930726
10.782517148763873
9.96134484076174
9.358148667495698
10.177223844570108
9.690451596397907
8.979165448690765
8.954740242217667
10.125019875529688
10.485724403872155
10.132622139062732
7.561945520166773
10.358642109727953
10.735913637909107
9.834349589480553
9.73461366747506
8.970122321508825
7.816832593700383
9.318694928253535
8.858345946646295
9.957609151286306
7.990009936795104
9.269246524490882
8.818220763816498
8.872308941641677
9.087132699321955
10.409592251759022
7.923108115850482
9.508769661420956
9.58589206810575
10.355930622201413
8.085204273695126
9.177517282485496
10.585655124741606
8.70635858521564
9.898481857147999
9.866982379287947
8.650534085987601
9.418442501395475
9.260699214180931
9.683604127261788
8.881593436410185
8.593499372247607
9.022543925442733
10.13959386019269
9.626505084335804
10.003881887765601
10.216707172745373
8.997512668080162
9.498052154143807
10.286069122084882
9.242449753975961
8.919820607523434
9.456855051335879
8.54049216909334
9.228627352742478
11.060198882827535
9.893867102393415
9.405893431394361
9.530690630781464
9.067519226111472
9.259004179330077
7.002942418737803
8.159189800499007
8.960748175624758
8.468102220387664
9.94542593456572
10.082757439929992
8.228346986114047
9.453918042243458
9.935292714159004
8.025280211120844
9.25717555778101
10.001634273678064
9.969183894398157
9.58052383136237
10.244060598080978
10.273107693297789
8.446919516019989
8.907336155476514
9.990505731489975
9.288927810499445
9.04124552967005
8.064653648463263
10.236659702612087
9.203216956404503
10.521083983418066
9.941052587586455
8.6374770727125
9.538142972101923
9.078905575501267
8.882141939888243
10.094611443579197
9.249005433404818
9.569113049627049
9.548695177945774
10.277126051922096
9.656370436074212
9.76852290763054
9.403747823787853
8.599118617770728
10.074783855011447
9.72978246997809
10.136193664511666
8.849925686547067
8.958646228595171
8.520336986868642
8.945766414301033
8.412752588861622
7.9571483884355985
10.278501269291155
9.247886196244508
9.698195453674998
9.43250145483762
9.894900719285943
8.082858634472359
10.292597134190146
10.010242151503917
9.722082148073241
9.747089561831672
10.809525379154366
10.022260605939664
9.826061474741437
9.959783438243903
9.007196591235697
9.165082477033138
9.31233511021128
9.351087978313444
9.243072507786565
10.143415402271785
9.87383358750958
9.42190185020445
9.122902267903555
9.254715398827102
9.13698170526186
9.267183908552397
9.121194557403214
8.884047076222487
9.179698863066733
8.341795429994818
9.17930676304968
10.395256068411982
9.389479084988125
9.733522691007238
8.54483527422417
9.840622372576036
9.304630905098747
10.026862100115977
9.650386542780325
9.123411713517271
10.29122262855526
8.551790891215205
8.638920263387263
7.798554033506662
9.895305220154114
8.87197731625929
9.500403202138841
9.270767561567482
9.732272002758691
9.567766761640087
10.525871730758809
9.728569335653447
8.767836396116763
9.823720747968764
9.818675543414429
10.17722048831638
8.735032329219393
10.034838227322325
8.717455145553686
10.00410468847258
7.812515841331333
9.366612400510348
10.134623407153413
9.29216886148788
8.534211730468087
7.947854169702623
8.573488853522576
9.072491280559916
9.717415380990133
10.21411439916119
9.952449602307752
8.114208824525122
8.631665271823294
8.814285111802747
8.592799939855468
9.332733511510014
8.506089984090067
10.035779603640549
8.880952146835625
8.874371889454778
9.009809476992814
9.448035410721786
9.1779522158904
8.177728371927515
8.479981658398174
10.211577861278784
9.763958850875497
9.501037216097757
9.17175334051717
10.355589777580462
9.317020295828115
8.771232380589936
9.818063409533352
9.837522129470017
9.541898625087924
8.76299061725149
8.893910956569016
9.383116553013679
9.217167544993572
10.001637969980948
9.20350945420796
8.242388626560569
9.385133309755474
8.558848730404861
9.457402935891878
8.556271549605299
8.541840497462545
8.880848494707607
10.167850886413362
9.184476316033397
9.540756728849374
9.024846238084137
8.871524677699199
9.295622450154042
7.727688483893871
8.818075536342803
8.24664468044648
9.43261142616393
9.50649685470853
8.39895555214025
9.879208421392832
9.005909052386414
9.114311746961903
8.260840592032764
9.627389731738731
10.103446925641038
10.139659997832496
8.344779508537613
9.053708787017968
7.52398556022672
9.380212005169597
9.099202193290694
7.699549470213242
9.098615578957833
9.39131059043575
9.45293505844893
8.582283323688898
9.79499170545023
9.73572482902091
9.341414031398017
8.583267480426002
8.666502636217047
9.982309243874624
8.707768731983379
9.988941380754113
9.896074334275909
9.9241200722754
7.373602311941795
8.291074702341575
8.631000711466186
10.067961601016577
10.15808933810331
9.36641980195418
8.10181989405828
9.990717156848405
8.493835521803703
8.689576458884403
9.566220000036992
9.17934929189505
9.717984480084851
8.984032169100828
8.618104047200177
9.74117193708662
8.726290139369667
8.020230346126482
8.617609362700023
8.629437786192284
