10.506036669015884
22.063666118774563
18.41936578392051
15.76181731862016
13.150581680471078
14.444893168052658
14.101307358592749
14.191105967620388
14.32192588376347
11.86271646968089
12.537110880250111
11.934504857985303
14.364560073940083
14.203014038968831
12.762864364660345
14.011935938848183
12.125324219581671
12.788671368471114
12.37133771518711
11.566702693584375
12.134019954362884
11.79913713329006
14.06981510517653
13.108954478986561
11.137503573787399
12.172126667923294
12.24672306724824
12.006589576601982
9.696519383462146
11.271842666901648
11.587936619645916
9.883661058964208
13.16187345806975
12.923791665118188
13.836643980583176
10.645139695610851
11.472894068054302
11.694097197963856
12.677550422027707
13.162918804751826
12.996844190580305
13.600818329956383
10.808131225523539
11.176715629117098
12.919385235523805
11.09346673602704
12.793117465334944
12.305368173518218
11.329065412282944
12.246767589705996
12.58697955077514
13.087511599995196
11.431234302581288
12.19065670017153
12.58664299082011
10.515718059468782
11.759672516956925
10.997109597316012
10.539275896036997
11.437811268726364
12.067535786540247
10.629204049706459
12.772013664594851
9.824624688713811
12.024307654122822
12.50986449996708
12.579277341952547
11.878307648774353
12.678901273291558
11.921797377683106
13.045995731954463
12.711169850663282
8.085614320123568
12.22125788568519
12.062480722670443
10.767533651294798
11.842628013691865
11.772479751612991
11.278204020726662
12.559009288204834
10.528416691930033
11.74355511245085
10.198954366729595
12.034473771229386
12.031332648941316
12.033388735027984
10.882411521626636
11.036015401012264
12.576156704802997
12.17375941935461
11.944437876460142
12.541514489450492
11.430934597970918
11.953568888144218
11.501139030558988
10.46356500586262
10.734272993868217
12.349581333925016
12.675218121847138
10.537428691983223
11.338691345765255
11.217284948681481
8.402340546716005
11.43764301110059
11.559822653012816
10.811016880674288
12.352465472067706
10.449143996578641
9.788543135626242
10.849272249033675
11.679699311032891
11.52569763630163
11.522773560136557
11.01258628605865
11.705820740258787
11.163839036831632
11.395268813008443
10.324897677986883
9.946679542248603
10.958453837840352
11.009285937720051
12.50407345162239
12.214013435412198
11.566594260162674
11.961623545153998
10.89647489017807
11.750261711189523
12.125237154075876
9.133279655710794
11.373347233049572
11.80152735975571
10.781814279034734
11.750779626774602
9.071288619481493
10.784642071812414
11.115444748087612
11.01497683499474
12.112190371379256
12.644830491044559
11.825567023945041
11.149081331735943
11.940242292534094
9.855813070433214
10.929854589165188
9.931670823367313
11.15327496943064
11.680567491508555
12.155249046219978
11.088711750518996
10.124976645449351
10.948227424756624
10.5475821782602
11.239666595938616
9.325555416054073
11.943901591235772
11.860943931795191
10.555966738262214
12.070820255670696
10.930237571708858
9.407738797948696
9.642277648847084
10.523454789537936
11.512917290674523
11.514264807803556
11.444920835318044
11.04610410274472
12.34552905941382
11.377557015512139
11.050070626137313
10.684563260991126
11.655548354261555
10.248781084956136
11.49191894613552
10.708381888223812
11.439346598591783
12.186273845087271
10.926569252333138
10.686598386266269
10.906955030397512
11.349744290171657
11.027890616038349
10.915926963847596
11.288126419240143
9.948774327640422
10.125040284008719
10.312232882948592
12.165438964671921
11.495899414003361
10.66467993450351
10.897815297008492
10.544424476800486
10.412388636847027
12.105606589349918
11.950314146932214
10.161321866839444
11.920433893566951
10.760331775993109
11.924122227937914
9.437835732591338
11.802164834924042
9.779602832335513
11.522979646979365
10.47022237960482
9.508004737901501
10.973659196257358
10.47709363361355
11.385453141992912
11.00291520441533
11.438331846147776
12.268544930615462
11.73650223063305
11.252875585691072
7.894364009727724
11.459183745202608
11.238367064623162
11.964799500186928
10.22424296848476
10.414494195510997
10.414472935604863
10.75326836219756
11.836716773803346
11.250854580081068
10.399681375653017
11.911376356962137
9.6964532363927
10.65002438792726
10.870313144871034
9.288744824123569
11.526885345441109
10.625559485401027
10.479902110586409
11.44789746607421
11.306070144404657
10.034323456988204
11.680150064406916
10.840456277015619
11.122107702074572
11.037851937697269
11.334045090363361
9.868186944280751
9.932506486191414
10.787445652997121
10.733069363399409
11.18202495755395
9.992442925809883
10.059901188920776
11.042904321686365
9.914939754409716
10.159896744036814
11.100734039675444
9.774458237283397
11.835829504183494
9.60367106180638
10.829342675511725
11.723435636959039
11.520881771342829
10.892022783344146
10.084381631575525
11.28410680196248
11.100885498570278
10.407816020771861
11.385577415814623
10.883511148276739
11.401575108000543
11.490036085713655
10.755510408140253
11.571459645288996
8.924865609500557
8.11827442250069
11.823011602391489
10.258954521559644
11.649992612656206
11.640649443375878
10.715397785534151
9.702654581109527
10.711564673983958
9.567274323897436
10.542113819741644
9.630009022661397
11.09658000303898
11.140167372301221
10.50567102979403
9.490175158309285
8.560763730900362
10.393897142494097
10.149225538829342
11.145183113752864
11.257240397797432
10.979451021528803
11.814972795953508
11.432567485200707
10.203528212034144
10.745098666811828
11.166122607886791
10.499137598904781
10.691596002725419
10.965405834489502
9.860687656910159
11.06979760795366
10.611726426635869
11.565614220569842
10.190399635466747
10.505657390865963
11.276933870045468
8.158976879218244
10.98640921304468
11.200837252428755
9.007922635995783
10.301612416864373
11.353743459563702
11.410521054523997
11.141187100438401
9.884455502731726
11.02963935083244
9.51168824895285
9.971873896894976
10.695898376055993
11.10391341545619
11.71176646312233
9.722714404342696
9.564120533759706
10.922638833057135
10.244293438037857
10.2151862863102
10.00776109250728
10.84190881397808
9.210411138134077
10.750794220832177
9.416836691903882
10.195406490005553
11.005869806045666
10.584957730025053
11.100949522806332
9.383215741952881
10.578358976519667
10.101701291510835
11.475599953148048
9.734017786046024
10.182193797663786
10.892466277757194
10.965157135622576
10.64261457521934
10.72795072325971
9.664237040677108
10.79135416005738
10.23989949573297
10.110487494035624
9.573132308432832
9.077479519997723
10.938657924183644
10.70153938747535
10.539185609784909
11.369141633273102
10.625071346003097
9.451394063886255
11.18371489038691
10.62093231244944
10.987520165217575
8.762999385944568
10.890902692452073
9.870862551615573
11.687336109171156
11.585252344317269
10.284978817100637
11.338656486594118
11.797494271071628
10.44799679191783
11.351804710342549
10.77417342067929
11.015727850259282
9.785590568790212
10.934072301839478
10.89896498795133
9.404488721396774
9.599292501457967
10.606160491821356
10.42791679291986
10.765379770309664
10.211510916240513
9.333975462242961
11.478368578624213
11.084890869096853
9.747423518856522
10.690300267189741
10.846697593689896
10.25269764836412
9.89351189287845
9.123689897940494
10.497078568907455
11.324479403323494
9.359067810757551
11.588001946511213
11.011612159200013
11.205665767425671
10.38237962074345
10.576677271339577
9.674172171740793
10.797776511200937
11.533779228804633
10.492001218837686
9.460042894701473
9.185787659222115
9.724679676874075
10.557805334567092
10.23804487742018
8.67160566576058
9.60069470963208
10.942791680223309
10.377283747773618
9.265457180677913
10.764082307076023
10.457701844163239
11.131125354324467
10.336000868817791
10.525518939364702
10.309607301664073
10.199868584284559
10.957199480792042
10.756696056341752
10.188409399881493
10.91764734534081
10.961065875017084
9.837920142221265
11.285636911750771
11.390397862356622
11.153722137329169
9.643161851447076
11.082904138485901
11.368172679329291
9.468652904499322
8.30855507508386
9.529050998738967
9.183470983731809
11.41283845237922
9.605866812169552
10.348060035612434
8.770453423727304
11.427924772433471
8.693914592033252
11.023300487664528
10.563341294589918
10.695124009740539
9.435368472826667
9.613752246426884
10.782029418565799
11.103027643985115
9.427517596515827
10.338852391869295
11.463164461776614
10.19758961815387
9.895759879960679
10.841199288726784
10.980333494138904
10.713837958232034
11.190883156843483
9.033336228691041
10.728116015670821
9.387190947309136
9.002863322850317
10.190705147455446
11.870316463755444
10.094678990659304
7.664310284424573
9.469972755585331
9.51995820668526
11.05856185441371
10.785708563169464
9.102493805112317
9.464664710278157
9.69001595035661
7.7337557015998755
9.777264055563137
10.630579321586993
10.351726062246598
9.258929343079217
9.743769775494002
10.237088397028856
10.01347345719114
9.599029220815282
9.371403597528115
9.115577201824635
10.427081732428633
9.413501786300912
9.874261827906594
9.725882773753256
10.372774474381004
10.660711947712116
8.460722142714076
9.558812468069315
9.334517332958058
8.977173011517152
8.583779490785673
10.912889079307206
11.259904379665386
10.065321294998284
8.984801539801992
11.261055239476264
9.732313164917286
8.75333347520791
10.849973054951988
10.531927380245179
10.42418842355255
10.506108792498708
11.515527300944086
10.841807668446563
10.378110091260169
9.453601656714454
10.01680571885663
10.402556983521208
10.907375017530285
8.798411973402835
8.39546348224394
10.403915745555423
7.163995150534902
7.613898978102952
10.470268777222373
9.78603298519738
9.56437128817197
9.970944339293055
8.010711980750784
10.503646508441307
10.860392303729896
9.326600151485763
10.53079655842157
10.669072311131458
10.723665275785606
9.670559964608401
9.8847810861771
10.210409619146958
10.909781135385856
10.102703310723882
10.833790318341926
10.360634179438932
10.009426100794371
9.633252986648586
9.65056569071021
10.166573674010579
10.884901614290357
9.337896238224857
11.315696850651875
10.514988982700743
10.614368937676772
9.781473481096327
11.078560946742073
11.272930302482564
9.683758435247
11.08216775674373
9.399236429017037
9.56821937620407
10.539500426850282
10.279265307239257
10.183602308155969
10.161319400300272
11.032809836906381
9.659986440790817
10.742553874268197
10.105023539508693
9.827997477492318
7.647989588964265
11.035308186197653
9.319737659418024
9.908678181935102
10.81911931396462
10.895249599649105
9.626279889373109
10.335695276240585
10.16679856844712
10.256738235650118
9.700774172262754
9.744662316166796
10.840425824444537
9.804684047529008
10.441962279204745
11.046394553384744
9.557146388397086
11.104952231515199
9.621249911258928
8.563824205368292
9.421193966525607
10.311173667856565
10.562577549077105
10.035469326481689
8.091352776391432
9.897278097691014
10.918987423996441
8.685242594103329
9.15041698818095
10.505336467525922
10.40635905857198
10.409538408392109
9.434561958478298
9.906855048437137
10.896154599788133
9.330594884522725
10.779234177432954
9.974533400847577
9.200812637340277
9.312848805333488
8.272574330330826
10.553604487678967
10.360395149560645
10.278068437473848
9.287289482075721
10.67343319853535
10.746116301626898
10.609099679451901
9.821408000774682
9.901659920345992
10.061208154889755
8.9894396000891
9.72370719537139
9.70695195128792
9.48410045413766
8.796838703507092
7.734244549879804
10.312098712893203
9.391534809197765
10.405927801621147
10.219231523456983
9.985089209978469
10.205261112540029
9.891806016908959
9.699645822627645
10.182673094095662
10.667434155475348
9.740775072248653
8.721853723749518
10.98381616990082
8.402953582990449
9.969970283214934
9.530798923340626
9.712675748742186
10.67789968336001
10.027730743924621
9.244177257991396
10.088435971876606
10.496988274207979
11.48592683969764
8.528461059788242
10.100912527530454
10.340477168327197
10.076064774417318
10.21428079053294
10.422442699666135
9.070092070265673
8.90188007982215
9.921884711948223
10.656257532595191
10.655672414577566
10.230095946113579
10.389128319686279
10.321727237547748
10.297774024773389
9.647768293507397
9.008009725774173
9.194830272055697
10.718403284773558
10.48029774450697
10.297072589048184
10.136113187734736
9.551810748758726
9.9355043459218
8.076065935194492
9.155110197025351
9.94819949293742
9.401732773170806
10.36534565850161
9.669783848454244
10.219874974573031
9.990699935588054
9.510423046071082
8.71891197154764
11.16662524966523
9.238407013821416
8.990207624388859
9.342251759488136
10.352715149278083
9.680615396704525
10.167079791950528
9.255557694123127
9.502547553624026
10.428221359034069
10.914512871881016
8.381592814461328
10.42744226497598
9.365182028908748
9.968466021935456
10.440177542237507
9.23985221714247
9.786166219273582
9.834948141709901
9.944525286497083
9.314793115481734
9.72742933378322
11.062082972726785
9.236556611722335
10.654822521733877
9.602593904652167
10.439488924806938
9.879291103221476
10.137156569282524
9.812230805167928
8.657414400600828
8.932436664093984
9.36679446650669
9.035504484840203
10.13340434723068
9.839719972922467
9.859158762497827
6.57638164103264
9.971167060895823
10.871290580136701
8.785251863708254
10.147712401347235
9.847090161056258
10.067836974631064
10.886226606555283
10.222114867181517
10.49421627843003
9.405627584608737
9.564576441887766
8.565568683552556
9.762764014827553
10.469611087231897
9.678060843667481
9.959456462791422
9.78524349752115
10.446782169106882
8.679969724635157
10.417314635356888
11.10208167944802
8.465097172647802
10.912775049102493
10.908143353066407
10.164134479073255
9.935719470726326
9.415615285630338
9.837829619296826
9.032748935569543
9.922873166098725
10.247059491812252
10.453730850364082
9.262411096307915
9.799572696967516
10.705094075485249
10.17319340503309
9.423008950449002
10.019628787762485
10.078403711202554
8.944963341578841
9.890260427375324
9.702857334108558
10.197723468765616
10.161518533106573
11.281286760349758
8.318989108665846
10.59547681704862
9.939510950702243
10.759428538440261
7.728995406650938
9.132173796999268
9.330382318235934
8.222226971411146
9.325548083870672
10.903348699444905
10.094504996493924
10.433613945788238
9.310881096753292
10.28385036351392
10.24196128937183
10.561652103555389
9.020478552905843
9.980899843852967
10.446561677963473
10.696860142052174
9.59697734110523
9.422170119709335
9.615026144427247
10.412695141974837
10.256336735095829
9.66041591099929
10.282492772326805
9.981080687255599
10.130632837186567
10.461837740731426
10.23825506598223
10.59417953074444
10.428349855646957
10.555656686832663
9.179244279686827
9.841040568368044
10.940970219206065
9.25719805888366
9.362052033597138
10.074189774866682
9.39053657616023
9.120583671494387
8.995201336452737
8.958906973595731
8.901238557707984
8.634189871139824
11.027773095702287
9.28708026802633
9.996398330771626
10.140661467595294
9.904951798533148
10.334769397042692
9.840033592190593
10.575215311837383
9.81901463016402
9.523912402801216
10.021410982590169
10.61349085951224
9.664650920429267
10.188204659614712
10.933265127649065
10.522045538877137
10.283802399877459
9.442613536550198
10.127311211195774
8.136435058557254
8.967079985653982
10.565765886451118
9.90483207226498
10.353728025162127
9.14596127421828
9.704575333627872
9.352378006558865
9.110582086723298
10.044589614670258
9.037871034641284
9.794014368089847
9.300687427865341
8.650322471279651
9.791883670608513
9.29119766529766
7.250261174864136
8.776569668727461
10.04733279364882
10.829627167317085
9.116274352947585
9.090640254318714
10.238068579637911
9.119209333206527
10.103833876200952
10.184044906345662
10.400562857335899
10.772279720986262
10.16787042201031
8.696610174461966
9.611569566535763
9.764015030348673
9.22847806417849
10.703758669260424
9.690823725308292
9.276508694863878
9.61491093004588
9.07553316972917
9.070208166725934
10.190143980304128
10.082845255266875
9.775006345080328
9.443043614854105
10.105520615179557
10.908335063490085
9.15327238466125
11.061733712966088
10.094996175495908
10.02281119854888
9.557774215354584
9.849915629485622
10.410780133563094
10.080458655836992
9.813178307260387
9.522310930631647
9.877702435827814
9.409934710885864
9.039264870691113
10.061477942450438
7.743468256958295
10.719528775603976
